samples: 5000
burn_in: 500
steps: 100
Exact H:-7.25
   Fidelity  ROE       Mean      Median    CI Width LL on CI  UL on CI  mmRatio  Min Err  Max Err
1     N/A    0.000247  -7.24821  -7.25058  0.00132  -7.24952  -7.24689  0.99967  0.00007  0.00043  
2     N/A    0.000062  -7.24955  -7.25048  0.00161  -7.25116  -7.24794  0.99987  0.00016  0.00028  
3     N/A    0.000325  -7.24765  -7.24754  0.00192  -7.24957  -7.24573  1.00001  0.00006  0.00059  
4     N/A    0.000186  -7.24865  -7.24976  0.00176  -7.25041  -7.24689  0.99985  0.00006  0.00043  
5     N/A    0.000212  -7.24847  -7.24904  0.00152  -7.24999  -7.24694  0.99992  0.00000  0.00042  
6     N/A    0.000088  -7.24936  -7.25072  0.00136  -7.25072  -7.24800  0.99981  0.00010  0.00028  
7     N/A    0.000168  -7.24878  -7.24923  0.00148  -7.25026  -7.24731  0.99994  0.00004  0.00037  
8     N/A    0.000123  -7.24911  -7.24956  0.00152  -7.25062  -7.24759  0.99994  0.00009  0.00033  
9     N/A    0.000216  -7.24843  -7.24986  0.00159  -7.25002  -7.24685  0.99980  0.00000  0.00044  
10     N/A    0.000184  -7.24867  -7.24916  0.00208  -7.25074  -7.24659  0.99993  0.00010  0.00047  
11     N/A    0.000373  -7.24730  -7.24913  0.00192  -7.24922  -7.24538  0.99975  0.00011  0.00064  
12     N/A    0.000199  -7.24855  -7.25108  0.00173  -7.25029  -7.24682  0.99965  0.00004  0.00044  
13     N/A    0.000274  -7.24802  -7.24874  0.00169  -7.24970  -7.24633  0.99990  0.00004  0.00051  
