samples: 5000
burn_in: 1000
steps: 100
Exact H:-2.25
   Fidelity  ROE       Mean      Median    CI Width LL on CI  UL on CI  mmRatio  Min Err  Max Err
1  0.915668  0.002004  -2.24549  -2.25000  0.00294  -2.24843  -2.24255  0.99800  0.00070  0.00331  
2  0.977748  0.001552  -2.24651  -2.25000  0.00248  -2.24899  -2.24403  0.99845  0.00045  0.00265  
3  0.985424  0.001276  -2.24713  -2.25000  0.00239  -2.24952  -2.24474  0.99872  0.00021  0.00234  
4  0.987594  0.001161  -2.24739  -2.25000  0.00224  -2.24962  -2.24515  0.99884  0.00017  0.00215  
5  0.988343  0.001080  -2.24757  -2.25232  0.00224  -2.24981  -2.24534  0.99789  0.00009  0.00207  
6  0.988797  0.001082  -2.24757  -2.25000  0.00225  -2.24982  -2.24531  0.99892  0.00008  0.00208  
7  0.988871  0.000156  -2.24965  -2.24937  0.00213  -2.25178  -2.24752  1.00012  0.00079  0.00110  
8  0.988926  0.000432  -2.24903  -2.25000  0.00215  -2.25118  -2.24688  0.99957  0.00053  0.00139  
9  0.989577  0.000778  -2.24825  -2.25000  0.00212  -2.25037  -2.24613  0.99922  0.00016  0.00172  
10  0.989626  0.000168  -2.24962  -2.25000  0.00231  -2.25193  -2.24732  0.99983  0.00086  0.00119  
11  0.990034  0.000000  -2.25000  -2.25000  0.00220  -2.25220  -2.24780  1.00000  0.00098  0.00098  
12  0.989836  0.001016  -2.24771  -2.25000  0.00219  -2.24990  -2.24553  0.99898  0.00004  0.00199  
13  0.990044  0.000902  -2.24797  -2.25223  0.00216  -2.25013  -2.24581  0.99811  0.00006  0.00186  
14  0.990216  0.000642  -2.24856  -2.25000  0.00217  -2.25073  -2.24638  0.99936  0.00032  0.00161  
15  0.990654  0.000527  -2.24881  -2.25000  0.00211  -2.25093  -2.24670  0.99947  0.00041  0.00147  
16  0.991087  0.000904  -2.24797  -2.25000  0.00210  -2.25007  -2.24587  0.99910  0.00003  0.00184  
17  0.991209  0.000428  -2.24904  -2.25000  0.00204  -2.25108  -2.24700  0.99957  0.00048  0.00133  
18  0.991274  0.001202  -2.24730  -2.25000  0.00214  -2.24944  -2.24515  0.99880  0.00025  0.00215  
19  0.991181  0.000748  -2.24832  -2.25009  0.00202  -2.25034  -2.24630  0.99921  0.00015  0.00165  
20  0.991098  0.000944  -2.24788  -2.25000  0.00214  -2.25002  -2.24574  0.99906  0.00001  0.00189  
21  0.991514  0.000870  -2.24804  -2.25000  0.00210  -2.25014  -2.24594  0.99913  0.00006  0.00181  
22  0.990803  0.000418  -2.24906  -2.25000  0.00218  -2.25123  -2.24688  0.99958  0.00055  0.00139  
23  0.990837  0.001067  -2.24760  -2.25000  0.00227  -2.24987  -2.24533  0.99893  0.00006  0.00208  
24  0.991297  0.000272  -2.24939  -2.25000  0.00211  -2.25150  -2.24728  0.99973  0.00067  0.00121  
