Batch size is 8
Epoch & Fidelity & Runtime 
100 0.758134 13.628446
200 0.836466 26.605868
300 0.881335 39.594029
400 0.914907 52.375207
500 0.935105 65.860322
600 0.948317 79.82091
700 0.953649 93.277711
800 0.95765 106.910251
900 0.9615 120.554509
1000 0.96568 134.218293
1100 0.969543 147.745389
1200 0.965789 161.270533
1300 0.970972 174.801535

Batch size is 16
Epoch & Fidelity & Runtime 
100 0.699775 7.085251
200 0.803084 18.825658
300 0.852945 28.023693
400 0.883151 39.440933
500 0.902525 47.762497
600 0.91451 54.967835
700 0.923191 61.993529
800 0.931458 69.016294
900 0.935822 76.047855
1000 0.9428 83.130176
1100 0.948211 90.434126
1200 0.951124 97.509612
1300 0.955308 105.472586
1400 0.955195 112.533428
1500 0.955398 119.594269
1600 0.957641 126.520377
1700 0.955253 133.539237
1800 0.957234 140.651824
1900 0.958141 147.769294
2000 0.95787 154.909218
2100 0.957563 161.838256
2200 0.960723 169.001612
2300 0.957412 176.09565

Batch size is 32
Epoch & Fidelity & Runtime 
100 0.579099 3.809652
200 0.706049 7.578298
300 0.774739 11.344016
400 0.81797 15.15855
500 0.844592 18.903763
600 0.863203 22.706581
700 0.879664 26.436174
800 0.891502 30.253637
900 0.901629 34.033023
1000 0.910614 37.763592
1100 0.917443 41.564458
1200 0.923754 45.427808
1300 0.929424 49.20036
1400 0.93446 52.977793
1500 0.938555 56.858717
1600 0.94265 60.683993
1700 0.946228 64.506335
1800 0.94945 68.351136
1900 0.951711 72.089515
2000 0.954959 75.887181
2100 0.956245 79.638254
2200 0.958523 83.420568
2300 0.960518 87.202883
2400 0.961906 91.05647
2500 0.964412 94.871981
2600 0.965227 98.674799
2700 0.965894 102.415131
2800 0.967383 106.22576
2900 0.968991 110.359554
3000 0.969748 114.301988
3100 0.970936 118.114569
3200 0.97154 122.039429
3300 0.972533 125.946714
3400 0.973395 129.783705
3500 0.973732 133.643149
3600 0.974502 137.44499
3700 0.975362 141.216566
3800 0.975921 144.946158
3900 0.976042 148.688444
4000 0.977314 152.51274
4100 0.977741 156.253073
4200 0.978292 159.968021
4300 0.978468 163.665395
4400 0.97906 167.459426
4500 0.979145 171.278842
4600 0.979491 175.064085
4700 0.980252 178.806371

Batch size is 64
Epoch & Fidelity & Runtime 
100 0.467652 2.163555
200 0.578013 4.266577
300 0.656564 6.379361
400 0.693734 8.490193
500 0.71381 10.63715
600 0.729976 12.751888
700 0.748411 14.949614
800 0.766446 17.083878
900 0.787531 19.265983
1000 0.808025 21.413916
1100 0.825738 23.635074
1200 0.841473 25.754694
1300 0.854115 27.903603
1400 0.865792 30.048607
1500 0.875136 32.157487
1600 0.883089 34.297609
1700 0.889915 36.383057
1800 0.896542 38.552469
1900 0.902442 40.652562
2000 0.907208 42.77511
2100 0.911924 44.899612
2200 0.916257 47.049497
2300 0.92041 49.176928
2400 0.923063 51.347317
2500 0.926819 53.472796
2600 0.930316 55.592413
2700 0.932613 57.708128
2800 0.935769 59.817007
2900 0.937207 61.871212
3000 0.939437 63.968376
3100 0.941882 66.054813
3200 0.944575 68.202733
3300 0.945185 70.338953
3400 0.945914 72.499575
3500 0.947953 74.640681
3600 0.949545 76.832542
3700 0.950154 79.017576
3800 0.952567 81.137196
3900 0.953652 83.29001
4000 0.95495 85.439896
4100 0.955862 87.539989
4200 0.957004 89.606886
4300 0.957347 91.689405
4400 0.958741 93.825623
4500 0.958703 95.938407
4600 0.958391 98.095127
4700 0.960969 100.675576
4800 0.96059 102.855729
4900 0.961171 104.951916
5000 0.962255 107.082275
5100 0.963787 109.177486
5200 0.963939 111.287342
5300 0.965481 113.415748
5400 0.965101 115.5588
5500 0.965285 117.692088
5600 0.964918 119.851736
5700 0.965401 121.966474
5800 0.96692 124.126123
5900 0.967987 126.337518
6000 0.966583 128.512789
6100 0.968768 130.602142
6200 0.970066 132.67685
6300 0.969699 134.858955
6400 0.970423 136.991268
6500 0.970009 139.08843
6600 0.97117 141.194381
6700 0.971425 143.266161
6800 0.971175 145.385779
6900 0.970843 147.52102
7000 0.971902 149.646498
7100 0.972232 151.770022
7200 0.972423 153.890619
7300 0.971445 156.051244
7400 0.971898 158.160123
7500 0.972728 160.291459
7600 0.973039 162.409126
7700 0.973267 164.518981
7800 0.974023 166.618098
7900 0.97232 168.76896
8000 0.973724 170.874911
8100 0.973664 172.959383
8200 0.974246 175.08779
8300 0.97474 177.183
8400 0.975319 179.334838

Batch size is 128
Epoch & Fidelity & Runtime 
100 0.403692 1.4645
200 0.456847 2.816721
300 0.512601 4.080096
400 0.57309 5.347377
500 0.618813 6.648829
600 0.649242 7.958093
700 0.669785 9.261497
800 0.684718 10.587357
900 0.695971 11.895643
1000 0.706273 13.208811
1100 0.714792 14.506359
1200 0.722114 15.80781
1300 0.730724 17.091688
1400 0.738276 18.349206
1500 0.747682 19.594031
1600 0.755607 20.861311
1700 0.76444 22.10223
1800 0.773483 23.364629
1900 0.781883 24.654366
2000 0.789979 25.93922
2100 0.796845 27.228956
2200 0.803815 28.562629
2300 0.809871 29.842601
2400 0.814764 31.124526
2500 0.819278 32.408404
2600 0.822811 33.700093
2700 0.82795 34.983971
2800 0.831097 36.29714
2900 0.833677 37.541965
3000 0.836978 38.810221
3100 0.839216 40.067738
3200 0.842428 41.347711
3300 0.844153 42.625732
3400 0.84628 43.867627
3500 0.849271 45.162245
3600 0.850966 46.445147
3700 0.85261 47.712427
3800 0.855705 48.974827
3900 0.859273 50.210864
4000 0.859121 51.5006
4100 0.863349 52.765928
4200 0.864878 54.052736
4300 0.866217 55.353212
4400 0.871167 56.616587
4500 0.873062 57.898512
4600 0.875047 59.166769
4700 0.876513 60.465292
4800 0.880693 61.727691
4900 0.8825 63.026214
5000 0.88473 64.271039
5100 0.885418 65.537342
5200 0.889007 66.846606
5300 0.891436 68.142201
5400 0.892352 69.466108
5500 0.895345 70.777324
5600 0.897784 72.111971
5700 0.89988 73.437831
5800 0.901585 74.776385
5900 0.903517 76.105176
6000 0.904863 77.417366
6100 0.907185 78.71296
6200 0.908823 80.004649
6300 0.91051 81.281693
6400 0.912253 82.581192
6500 0.913214 83.880692
6600 0.914706 85.154806
6700 0.915935 86.452353
6800 0.917544 87.74697
6900 0.919239 89.034755
7000 0.920579 90.301059
7100 0.921691 91.57615
7200 0.922555 92.84929
7300 0.923844 94.080445
7400 0.925472 95.346749
7500 0.925671 96.595479
7600 0.92702 97.846162
7700 0.927902 99.172023
7800 0.928844 100.4559
7900 0.929893 101.721229
8000 0.930625 103.024633
8100 0.931302 104.264577
8200 0.932075 105.535764
8300 0.932853 106.810854
8400 0.933443 108.124998
8500 0.934325 109.462575
8600 0.934866 110.778672
8700 0.935311 112.076219
8800 0.936208 113.334713
8900 0.936394 114.615663
9000 0.937099 115.905398
9100 0.937244 117.211732
9200 0.937802 118.507327
9300 0.93865 119.769725
9400 0.939195 121.103397
9500 0.939684 122.426327
9600 0.940112 123.720947
9700 0.940541 125.020446
9800 0.940953 126.296512
9900 0.941305 127.630183
10000 0.941451 128.989239
10100 0.941665 130.250663
10200 0.942212 131.535516
10300 0.942549 132.885785
10400 0.942945 134.160876
10500 0.94321 135.461352
10600 0.943254 136.783307
10700 0.94387 138.079878
10800 0.94428 139.361803
10900 0.94474 140.635918
11000 0.945028 141.890506
11100 0.945417 143.204651
11200 0.94567 144.628145
11300 0.945662 145.995012
11400 0.945957 147.33454
11500 0.946252 148.595963
11600 0.946671 149.883747
11700 0.946704 151.172506
11800 0.94704 152.443692
11900 0.947051 153.739286
12000 0.947128 155.024141
12100 0.947379 156.313877
12200 0.947618 157.602636
12300 0.947891 158.880657
12400 0.948162 160.163559
12500 0.948321 161.442556
12600 0.948505 162.733268
12700 0.948825 164.019099
12800 0.948688 165.286379
12900 0.948575 166.571234
13000 0.948709 167.841444
13100 0.949267 169.181949
13200 0.949336 170.591774
13300 0.949835 171.873699
13400 0.949633 173.172223
13500 0.949894 174.461959
13600 0.950128 175.733145
13700 0.950147 176.983828
13800 0.950438 178.259895
13900 0.950338 179.598448

Batch size is 256
Epoch & Fidelity & Runtime 
100 0.373012 0.957787
200 0.390145 1.890181
300 0.409606 2.843082
400 0.433431 3.785245
500 0.461973 4.736194
600 0.494128 5.681283
700 0.53042 6.639066
800 0.56614 7.578298
900 0.597237 8.528272
1000 0.621216 9.458717
1100 0.640351 10.391114
1200 0.655913 11.301057
1300 0.668029 12.192449
1400 0.677169 13.099463
1500 0.685296 13.970352
1600 0.692072 14.825621
1700 0.697653 15.708225
1800 0.703146 16.600593
1900 0.70689 17.485151
2000 0.71093 18.357994
2100 0.715032 19.221072
2200 0.71836 20.081222
2300 0.72212 20.937466
2400 0.724823 21.801521
2500 0.728296 22.66167
2600 0.73237 23.515962
2700 0.736339 24.374159
2800 0.73977 25.238214
2900 0.744285 26.100317
3000 0.748414 26.970228
3100 0.753285 27.869431
3200 0.758211 28.784256
3300 0.76351 29.658074
3400 0.769193 30.550443
3500 0.774548 31.413521
3600 0.77979 32.317606
3700 0.784946 33.185566
3800 0.789362 34.046692
3900 0.794318 34.935155
4000 0.798983 35.862672
4100 0.803711 36.753088
4200 0.808273 37.622024
4300 0.812206 38.52025
4400 0.815947 39.404809
4500 0.819675 40.300107
4600 0.822761 41.206144
4700 0.826197 42.138541
4800 0.829955 43.027981
4900 0.833068 43.924255
5000 0.835942 44.835174
5100 0.839087 45.720708
5200 0.842109 46.588668
5300 0.844994 47.4908
5400 0.847418 48.409532
5500 0.850701 49.252106
5600 0.852988 50.11909
5700 0.855177 51.022197
5800 0.857999 51.87356
5900 0.860457 52.750307
6000 0.862255 53.634866
6100 0.864357 54.526258
6200 0.866959 55.414721
6300 0.869655 56.300255
6400 0.872432 57.216056
6500 0.87414 58.105496
6600 0.876414 58.979313
6700 0.878283 59.892697
6800 0.880325 60.79971
6900 0.881974 61.720392
7000 0.883826 62.621548
7100 0.885423 63.510011
7200 0.887348 64.423859
7300 0.88887 65.298654
7400 0.890389 66.205668
7500 0.892325 67.107799
7600 0.893596 67.966972
7700 0.895039 69.023364
7800 0.896534 69.963573
7900 0.897973 70.869611
8000 0.899406 71.744405
8100 0.900491 72.611389
8200 0.902186 73.520355
8300 0.90349 74.402961
8400 0.904847 75.313879
8500 0.906179 76.204295
8600 0.907364 77.072256
8700 0.908379 77.949979
8800 0.909332 78.869686
8900 0.910854 79.750339
9000 0.912343 80.636848
9100 0.913076 81.534098
9200 0.914032 82.426467
9300 0.915293 83.311025
9400 0.916215 84.203394
9500 0.917007 85.107478
9600 0.918232 85.989108
9700 0.919265 86.865855
9800 0.919849 87.728933
9900 0.920864 88.599823
10000 0.921599 89.546865
10100 0.922849 90.419707
10200 0.923572 91.315981
10300 0.924393 92.213231
10400 0.925364 93.09486
10500 0.926272 93.938414
10600 0.92719 94.846403
10700 0.927842 95.729008
10800 0.928596 96.623329
10900 0.929269 97.51472
11000 0.92968 98.426615
11100 0.930595 99.306292
11200 0.931295 100.178158
11300 0.931948 101.038309
11400 0.932628 101.934581
11500 0.933169 102.806447
11600 0.933564 103.672456
11700 0.934417 104.569704
11800 0.935143 105.463049
11900 0.935656 106.34956
12000 0.93627 107.220449
12100 0.936906 108.086457
12200 0.937277 108.969062
12300 0.937744 109.860454
12400 0.93843 110.729391
12500 0.939042 111.593446
12600 0.93936 112.462382
12700 0.939928 113.35768
12800 0.940542 114.261764
12900 0.941164 115.113127
13000 0.9414 115.9723
13100 0.941639 116.854905
13200 0.942296 117.727749
13300 0.942792 118.598636
13400 0.943277 119.515414
13500 0.943744 120.429262
13600 0.944463 121.346039
13700 0.94489 122.229619
13800 0.945071 123.122964
13900 0.945633 124.013381
14000 0.94605 124.933087
14100 0.94623 125.82155
14200 0.946522 126.716847
14300 0.946786 127.561375
14400 0.947005 128.455697
14500 0.947489 129.347089
14600 0.947893 130.235552
14700 0.948097 131.100583
14800 0.94865 131.978308
14900 0.949008 132.892157
15000 0.949212 133.792334
15100 0.949568 134.676892
15200 0.949768 135.559498
15300 0.949804 136.461629
15400 0.950229 137.344234
15500 0.950806 138.260035
15600 0.951489 139.167048
15700 0.951692 140.035009
15800 0.952056 140.94788
15900 0.952248 141.835367
16000 0.952489 142.733594
16100 0.95266 143.635726
16200 0.953186 144.527117
16300 0.953474 145.384338
16400 0.953713 146.264015
16500 0.953885 147.137833
16600 0.954051 148.00384
16700 0.954569 148.898162
16800 0.954886 149.774909
16900 0.95526 150.632132
17000 0.95532 151.510829
17100 0.955455 152.403198
17200 0.95568 153.288732
17300 0.95598 154.172314
17400 0.956271 155.070541
17500 0.956408 155.924832
17600 0.956631 156.808413
17700 0.95694 157.684184
17800 0.956906 158.572647
17900 0.957166 159.463063
18000 0.957433 160.359337
18100 0.957509 161.25073
18200 0.957764 162.111856
18300 0.957866 162.993484
18400 0.958051 163.862421
18500 0.95868 164.787986
18600 0.959009 165.640323
18700 0.959213 166.525858
18800 0.959269 167.430919
18900 0.959171 168.319382
19000 0.959345 169.201988
19100 0.959577 170.096308
19200 0.959887 170.956459
19300 0.960184 171.846874
19400 0.960414 172.729479
19500 0.960817 173.641375
19600 0.961055 174.487855
19700 0.961218 175.353863
19800 0.961111 176.228657
19900 0.961175 177.128837
20000 0.961374 178.022181
20100 0.961589 178.908692
20200 0.961795 179.764937

