Batch size is 100

Optimizer is Adadelta
Epoch & Fidelity & Runtime 
100 0.677757 7.394618
200 0.572657 14.754328
300 0.54569 21.817127
400 0.55582 28.817419
500 0.635998 36.067816
600 0.605954 43.11538
700 0.58615 50.334384
800 0.641796 57.412781
900 0.644128 64.620518
1000 0.662241 71.636429

Optimizer is Adam
Epoch & Fidelity & Runtime 
100 0.577341 6.750161
200 0.718117 13.625777
300 0.79511 20.501051
400 0.797054 27.478601
500 0.78352 34.354079
600 0.699497 41.323091
700 0.572426 48.17246
800 0.42211 55.422729
900 0.591314 62.438535
1000 0.501648 69.376834

Optimizer is Adamax
Epoch & Fidelity & Runtime 
100 0.542698 7.603034
200 0.645848 15.228415
300 0.738427 22.884877
400 0.742798 30.533358
500 0.776463 38.111712
600 0.73114 45.908921
700 0.632872 53.633492
800 0.538513 61.321309
900 0.450963 68.985227
1000 0.35625 76.548019

Optimizer is RMSprop
Epoch & Fidelity & Runtime 
100 0.533488 6.687762
200 0.597021 13.475121
300 0.265245 20.084692
400 0.378899 26.972809
500 0.516386 33.629344
600 0.43275 40.723364
700 0.550877 47.356125
800 0.720956 54.106291
900 0.566104 60.840948
1000 0.579965 67.509936

Optimizer is SGD
Epoch & Fidelity & Runtime 
100 0.322832 6.250205
200 0.456019 12.547381
300 0.534905 19.363859
400 0.566262 25.973543
500 0.587783 32.223758
600 0.610214 38.515229
700 0.636687 44.853095
800 0.665203 51.166014
900 0.690251 57.494366
1000 0.711696 63.760298

Optimizer is SGD $\gamma$ = 0.9
Epoch & Fidelity & Runtime 
100 0.673032 6.400006
200 0.781016 12.775221
300 0.820319 19.244166
400 0.832765 25.673277
500 0.835756 32.111434
600 0.847539 38.486747
700 0.8534 44.971325
800 0.856073 51.447943
900 0.856383 57.948139
1000 0.860192 64.417189

Optimizer is NAG $\gamma$ = 0.9
Epoch & Fidelity & Runtime 
100 0.719514 6.631144
200 0.79367 13.240791
300 0.811047 19.866439
400 0.839643 26.452722
500 0.842073 32.984638
600 0.850644 39.625443
700 0.846586 46.270867
800 0.841138 52.81806
900 0.844894 59.318249
1000 0.838879 65.927909

