Learning Rates: 1e-05 0.0001 0.001 0.01 0.1 1 
Epoch & Fidelity & KL & Runtime 
1 0.303181 2.085709 1.16733
2 0.310401 2.045433 2.326956
3 0.317765 2.005252 3.493499
4 0.324912 1.967139 4.65519
5 0.33203 1.929972 5.816326
6 0.339037 1.894157 6.978969
7 0.346172 1.858395 8.141791
8 0.353115 1.824272 9.306277
9 0.359908 1.791487 10.469011
10 0.366781 1.758945 11.631229
11 0.373743 1.726544 12.80389
12 0.380629 1.695073 13.970551
13 0.38729 1.665156 15.134526
14 0.393856 1.636132 16.298902
15 0.400472 1.607368 17.464868
16 0.407036 1.579289 18.627337
17 0.413471 1.552208 19.792335
18 0.419868 1.525665 20.958033
19 0.42631 1.499314 22.126894
20 0.432678 1.473652 23.29107
21 0.438689 1.449752 24.454511
22 0.44478 1.425831 25.616108
23 0.450795 1.40254 26.780522
24 0.456875 1.379265 27.954763
25 0.463013 1.356084 29.117311
26 0.468956 1.33392 30.280481
27 0.474813 1.31234 31.444336
28 0.480586 1.291312 32.608465
29 0.486383 1.270439 33.769751
30 0.4919 1.250834 34.933391
31 0.497576 1.230866 36.097052
32 0.502909 1.212295 37.264376
33 0.508164 1.19416 38.427885
34 0.513418 1.176242 39.592781
35 0.518786 1.158081 40.756322
36 0.523953 1.140787 41.918811
37 0.529032 1.123931 43.098106
38 0.534182 1.107016 44.264476
39 0.539003 1.091319 45.427877
40 0.5439 1.075504 46.590515
41 0.548807 1.05981 47.773449
42 0.553584 1.04463 48.937419
43 0.558361 1.029595 50.104596
44 0.563031 1.015019 51.268242
45 0.567649 1.000712 52.430659
46 0.572254 0.986554 53.594036
47 0.576662 0.973109 54.755015
48 0.581275 0.959139 55.915829
49 0.585999 0.944953 57.076688
50 0.590343 0.932007 58.257369
51 0.59459 0.919444 59.421822
52 0.598933 0.906674 60.586408
53 0.603202 0.894211 61.75098
54 0.607473 0.881828 62.913576
55 0.611714 0.869615 64.076598
56 0.615875 0.857714 65.238886
57 0.619892 0.846292 66.401305
58 0.623893 0.834991 67.565344
59 0.627825 0.823939 68.728526
60 0.631722 0.813055 69.891653
61 0.635449 0.802697 71.053369
62 0.639352 0.791937 72.215113
63 0.643128 0.781575 73.396718
64 0.646828 0.771468 74.561445
65 0.650348 0.761933 75.727865
66 0.654015 0.752046 76.890374
67 0.657548 0.742566 78.052823
68 0.661165 0.732912 79.218368
69 0.664735 0.723427 80.381814
70 0.668113 0.71451 81.546101
71 0.671541 0.705491 82.708614
72 0.674855 0.696815 83.871392
73 0.678183 0.688143 85.037667
74 0.681376 0.679876 86.200861
75 0.684735 0.671205 87.362572
76 0.687899 0.663095 88.547653
77 0.69106 0.655008 89.711002
78 0.694165 0.647104 90.875418
79 0.697238 0.639316 92.043397
80 0.700299 0.631593 93.207354
81 0.703335 0.623977 94.373116
82 0.706348 0.616442 95.537375
83 0.709326 0.609022 96.705471
84 0.712232 0.60181 97.870631
85 0.714983 0.595017 99.034832
86 0.717908 0.587825 100.19782
87 0.720718 0.580932 101.359439
88 0.723497 0.57414 102.521173
89 0.72623 0.567496 103.71086
90 0.728914 0.560994 104.873818
91 0.73161 0.554483 106.036
92 0.734144 0.548395 107.199978
93 0.736775 0.542083 108.364756
94 0.739363 0.535909 109.530192
95 0.741926 0.529811 110.692814
96 0.744518 0.523655 111.856042
97 0.747064 0.517635 113.019857
98 0.749546 0.511787 114.184456
99 0.751973 0.506083 115.347787
100 0.75439 0.500419 116.511122
101 0.75686 0.494667 117.674907
102 0.759271 0.489055 118.866811
103 0.761737 0.483332 120.030337
104 0.764063 0.477948 121.192945
105 0.766531 0.472264 122.36313
106 0.768832 0.466984 123.526095
107 0.771032 0.461939 124.688717
108 0.773148 0.457109 125.866427
109 0.775323 0.452147 127.029637
110 0.777486 0.447231 128.22374
111 0.779503 0.442661 129.38436
112 0.781639 0.437835 130.544933
113 0.783556 0.433516 131.711101
114 0.785553 0.429033 132.906389
115 0.787644 0.424338 134.069918
116 0.789645 0.41987 135.233474
117 0.791608 0.41549 136.397791
118 0.793515 0.411248 137.569116
119 0.795391 0.40709 138.733576
120 0.797312 0.402849 139.89579
121 0.79927 0.39852 141.056324
122 0.801185 0.394303 142.220413
123 0.803065 0.390171 143.384359
124 0.804863 0.386228 144.549626
125 0.806544 0.382551 145.713521
126 0.808305 0.378698 146.876091
127 0.810045 0.374911 148.074147
128 0.811788 0.371116 149.238253
129 0.813545 0.367308 150.4018
130 0.81523 0.363666 151.564163
131 0.817034 0.359768 152.72807
132 0.818677 0.356229 153.891319
133 0.820265 0.352815 155.05592
134 0.821847 0.349419 156.219517
135 0.823487 0.345911 157.384336
136 0.825088 0.342496 158.547827
137 0.826709 0.339041 159.71121
138 0.828229 0.335805 160.875269
139 0.829689 0.332708 162.040385
140 0.831218 0.329472 163.239548
141 0.83272 0.326293 164.403646
142 0.834161 0.323249 165.56655
143 0.835682 0.320041 166.731501
144 0.837192 0.31687 167.8948
145 0.838612 0.313881 169.057342
146 0.840016 0.310946 170.222522
147 0.841408 0.308037 171.384481
148 0.842785 0.30515 172.551827
149 0.844173 0.302246 173.712315
150 0.845581 0.299311 174.874264
151 0.847009 0.296344 176.035385
152 0.848331 0.293599 177.195367
153 0.849669 0.290826 178.399757
154 0.850967 0.288142 179.566693
155 0.852285 0.285427 180.731538
156 0.853618 0.282682 181.893711
157 0.85492 0.280004 183.057594
158 0.856144 0.277493 184.222632
159 0.857484 0.274741 185.386345
160 0.858736 0.272179 186.550033
161 0.859826 0.269947 187.716248
162 0.86098 0.267591 188.881016
163 0.862181 0.265142 190.043741
164 0.863258 0.262954 191.209167
165 0.864462 0.260513 192.374005
166 0.86556 0.25829 193.579361
167 0.866711 0.255953 194.741899
168 0.867782 0.25379 195.904548
169 0.868951 0.251432 197.065791
170 0.869977 0.249358 198.227542
171 0.871116 0.247063 199.391074
172 0.872184 0.244916 200.55134
173 0.87323 0.242813 201.715257
174 0.874256 0.240754 202.877557
175 0.875356 0.23855 204.040985
176 0.876426 0.236411 205.205385
177 0.877491 0.234285 206.368562
178 0.878451 0.232371 207.532064
179 0.879435 0.230412 208.741529
180 0.880359 0.228575 209.916198
181 0.88144 0.226425 211.079895
182 0.88239 0.224539 212.241651
183 0.883355 0.222621 213.405224
184 0.884376 0.220597 214.569832
185 0.885283 0.218803 215.732293
186 0.886187 0.217017 216.893936
187 0.887133 0.215149 218.055619
188 0.888109 0.21323 219.217801
189 0.888975 0.211522 220.379367
190 0.889852 0.209795 221.541472
191 0.890646 0.208235 222.750347
192 0.891553 0.206455 223.912426
193 0.892459 0.204685 225.076375
194 0.893314 0.203012 226.239328
195 0.894114 0.201448 227.403575
196 0.894925 0.199868 228.564947
197 0.895817 0.198133 229.727352
198 0.896648 0.196511 230.891843
199 0.897529 0.194796 232.055219
200 0.898362 0.193176 233.217605
201 0.899173 0.191599 234.380531
202 0.899966 0.190065 235.54319
203 0.90073 0.188586 236.706048
204 0.901514 0.187065 237.918864
205 0.902307 0.185534 239.080478
206 0.903065 0.184067 240.24135
207 0.903871 0.182511 241.402704
208 0.904649 0.18101 242.566706
209 0.905384 0.179597 243.728416
210 0.90615 0.178116 244.890388
211 0.906899 0.176678 246.052913
212 0.907595 0.175337 247.216344
213 0.90826 0.17406 248.384007
214 0.908988 0.172661 249.553202
215 0.909652 0.171388 250.718053
216 0.91033 0.170091 251.882411
217 0.911006 0.168799 253.098481
218 0.911704 0.167463 254.261682
219 0.912355 0.166215 255.424916
220 0.912974 0.165037 256.588616
221 0.913729 0.163596 257.751181
222 0.914298 0.162517 258.912935
223 0.914964 0.161242 260.077592
224 0.915574 0.160087 261.239489
225 0.916154 0.158989 262.40739
226 0.916749 0.157861 263.57128
227 0.917269 0.156873 264.79252
228 0.917862 0.155752 265.957343
229 0.918478 0.154587 267.121403
230 0.919102 0.153405 268.341031
231 0.91974 0.152204 269.50355
232 0.920352 0.151048 270.667198
233 0.920917 0.149984 271.831872
234 0.921513 0.148864 272.994694
235 0.922123 0.147718 274.158784
236 0.922617 0.146792 275.321613
237 0.923126 0.145838 276.482865
238 0.923678 0.144804 277.647983
239 0.924223 0.143781 278.810036
240 0.924767 0.142764 279.971596
241 0.925308 0.141753 281.133906
242 0.92584 0.140758 282.295911
243 0.926329 0.139846 283.518687
244 0.926802 0.138961 284.683277
245 0.927288 0.138051 285.844425
246 0.927866 0.136968 287.006527
247 0.928301 0.136149 288.18328
248 0.92881 0.135206 289.347998
249 0.929269 0.134352 290.511992
250 0.929726 0.133501 291.676781
251 0.930209 0.132596 292.84215
252 0.930721 0.131635 294.006416
253 0.931214 0.130723 295.171332
254 0.931693 0.129826 296.334713
255 0.932156 0.128967 297.496475
256 0.932678 0.127998 298.720715
257 0.933152 0.127123 299.882029
258 0.933616 0.126266 301.04526

Epoch & Fidelity & KL & Runtime 
1 0.400363 1.606823 1.160101
2 0.459583 1.367676 2.326886
3 0.513114 1.175771 3.486236
4 0.560674 1.02103 4.64581
5 0.602284 0.895634 5.80673
6 0.639573 0.790203 6.96973
7 0.672588 0.701858 8.128334
8 0.704181 0.621206 9.288568
9 0.730039 0.557692 10.44801
10 0.753939 0.501045 11.67196
11 0.77565 0.450974 12.839124
12 0.795362 0.406866 14.004881
13 0.812436 0.369514 15.167098
14 0.827051 0.338108 16.329298
15 0.841644 0.307382 17.492691
16 0.854083 0.28164 18.654779
17 0.866457 0.256499 19.816275
18 0.876754 0.23582 20.979535
19 0.885859 0.217808 22.141196
20 0.893856 0.202169 23.303697
21 0.901967 0.186463 24.465266
22 0.908531 0.173897 25.625684
23 0.915103 0.16143 26.861771
24 0.921251 0.149772 28.020438
25 0.926257 0.140389 29.183136
26 0.930722 0.132065 30.345572
27 0.935058 0.12405 31.506911
28 0.938849 0.117005 32.671588
29 0.942341 0.110666 33.835824
30 0.946261 0.103576 34.999875
31 0.949292 0.098067 36.161762
32 0.951757 0.093629 37.322238
33 0.954084 0.089477 38.484136
34 0.95617 0.085702 39.645814
35 0.957977 0.082508 40.808235
36 0.959366 0.080046 42.041406
37 0.961113 0.076966 43.204618
38 0.962656 0.07419 44.366465
39 0.964293 0.071301 45.52588
40 0.965162 0.069817 46.686587
41 0.96667 0.0672 47.847131
42 0.968049 0.064762 49.006181
43 0.969054 0.063015 50.16843
44 0.969696 0.061883 51.328839
45 0.970588 0.060311 52.492222
46 0.971424 0.058869 53.656304
47 0.972301 0.057379 54.819375
48 0.972714 0.056697 55.983745
49 0.973306 0.055675 57.219303
50 0.973893 0.05467 58.383872
51 0.974622 0.053433 59.547345
52 0.974999 0.05281 60.709279
53 0.97559 0.05181 61.880537
54 0.976092 0.050932 63.046284
55 0.976465 0.050308 64.210418
56 0.976942 0.049515 65.372365
57 0.977195 0.049071 66.535418
58 0.977649 0.048272 67.698791
59 0.977884 0.047898 68.861141
60 0.978366 0.047039 70.028474
61 0.978569 0.046671 71.190764
62 0.978869 0.046178 72.430326
63 0.979175 0.045693 73.593868
64 0.979341 0.04543 74.758264
65 0.979567 0.045076 75.921746
66 0.979679 0.044877 77.083263
67 0.979852 0.044584 78.248089
68 0.980158 0.044059 79.411831
69 0.980338 0.043766 80.575254
70 0.980247 0.043917 81.738977
71 0.980344 0.043802 82.900225
72 0.980451 0.043633 84.06325
73 0.980519 0.043518 85.225627
74 0.980696 0.043247 86.387315
75 0.980856 0.043011 87.63062
76 0.980817 0.04311 88.795626
77 0.980972 0.042823 89.961379
78 0.981052 0.042701 91.125978
79 0.981243 0.042353 92.290898
80 0.981456 0.041986 93.455037
81 0.98154 0.041863 94.618559
82 0.981555 0.041805 95.78266
83 0.981536 0.041921 96.947383
84 0.981731 0.041572 98.114129
85 0.981683 0.04164 99.277644
86 0.981775 0.041484 100.439558
87 0.981813 0.04142 101.602291
88 0.981822 0.04141 102.844856
89 0.981877 0.041334 104.008902
90 0.981959 0.041172 105.172343
91 0.982006 0.04111 106.336249
92 0.982116 0.040911 107.499325
93 0.982187 0.040786 108.658898
94 0.982152 0.040898 109.821401
95 0.982178 0.04084 110.98736
96 0.982245 0.040726 112.151429
97 0.982265 0.040713 113.320807
98 0.982396 0.040503 114.485383
99 0.982451 0.040387 115.649507
100 0.982555 0.040256 116.896241
101 0.982531 0.040283 118.05952
102 0.98261 0.040128 119.224357
103 0.982551 0.040215 120.393846
104 0.982608 0.040152 121.55817
105 0.98254 0.040284 122.723668
106 0.982486 0.040369 123.885513
107 0.982526 0.040268 125.048174
108 0.982645 0.040044 126.214103
109 0.982667 0.040027 127.463792
110 0.98264 0.040097 128.62588
111 0.982604 0.040139 129.787797
112 0.982615 0.040159 130.949858
113 0.982556 0.040273 132.196647
114 0.982593 0.040214 133.364645
115 0.982674 0.040071 134.526188
116 0.982651 0.04009 135.688862
117 0.982605 0.040146 136.852307
118 0.982544 0.040282 138.017442
119 0.98258 0.040169 139.183615
120 0.982612 0.040119 140.347865
121 0.982672 0.040045 141.510802
122 0.98276 0.039859 142.673317
123 0.982828 0.039743 143.83532
124 0.982759 0.039863 145.001201
125 0.982752 0.039901 146.176715
126 0.982807 0.039847 147.428301
127 0.982788 0.039837 148.594624
128 0.98269 0.04001 149.760453
129 0.982684 0.040051 150.92712
130 0.98284 0.039748 152.093262
131 0.982929 0.039594 153.258307
132 0.982987 0.039462 154.421831
133 0.982943 0.039551 155.586377
134 0.982969 0.039504 156.750749
135 0.983078 0.039288 157.914622
136 0.983106 0.039246 159.078713
137 0.983092 0.039285 160.242456
138 0.983067 0.039345 161.405346
139 0.983069 0.039312 162.660567
140 0.983184 0.039142 163.821221
141 0.983212 0.039108 164.984786
142 0.983274 0.039015 166.151223
143 0.98326 0.039071 167.317961
144 0.983393 0.038805 168.486701
145 0.983383 0.038832 169.651826
146 0.983527 0.038544 170.815845
147 0.983553 0.038515 171.97932
148 0.983504 0.038625 173.14294
149 0.983481 0.038672 174.307253
150 0.983432 0.03873 175.469823
151 0.98334 0.038918 176.727676
152 0.98331 0.038975 177.890812
153 0.98341 0.038832 179.057162
154 0.983556 0.038609 180.224021
155 0.983549 0.038609 181.387435
156 0.983704 0.038334 182.550369
157 0.983769 0.038184 183.714496
158 0.983702 0.038306 184.878352
159 0.98375 0.038257 186.042122
160 0.983822 0.038159 187.204962
161 0.98379 0.038214 188.367244
162 0.983909 0.037996 189.531397
163 0.983879 0.038058 190.699586
164 0.983849 0.038113 191.958679
165 0.983811 0.038232 193.118802
166 0.983813 0.038205 194.282081
167 0.98402 0.037831 195.443129
168 0.984071 0.037749 196.606095
169 0.983999 0.037861 197.770297
170 0.984145 0.037583 198.934172
171 0.984241 0.037413 200.098239
172 0.984214 0.037473 201.263778
173 0.98422 0.037468 202.426842
174 0.984247 0.037414 203.590089
175 0.984263 0.037375 204.752069
176 0.984161 0.037568 205.914269
177 0.984104 0.037647 207.176236
178 0.984169 0.037521 208.339803
179 0.984254 0.037356 209.503828
180 0.984276 0.037321 210.667522
181 0.984242 0.03739 211.829731
182 0.984348 0.037181 212.992262
183 0.984501 0.036924 214.155802
184 0.984585 0.036747 215.321314
185 0.984581 0.036709 216.484141
186 0.984557 0.036759 217.646927
187 0.984459 0.036951 218.814331
188 0.984415 0.037065 219.97896
189 0.98446 0.037001 221.14477
190 0.984427 0.037065 222.414107
191 0.984487 0.036972 223.579273
192 0.984686 0.036642 224.753191
193 0.984724 0.036575 225.9198
194 0.984633 0.036738 227.081058
195 0.98472 0.036565 228.240575
196 0.984661 0.036655 229.399566
197 0.984671 0.036641 230.559102
198 0.984711 0.036597 231.719734
199 0.984769 0.036461 232.885763
200 0.984725 0.036584 234.049902
201 0.984743 0.036562 235.21112
202 0.984718 0.03657 236.373792
203 0.984732 0.036531 237.642631
204 0.984787 0.036445 238.80663
205 0.98484 0.036373 239.968285
206 0.984791 0.036476 241.13076
207 0.984803 0.036427 242.295791
208 0.98488 0.036304 243.459172
209 0.984929 0.036194 244.6258
210 0.984968 0.036068 245.788177
211 0.984877 0.036226 246.951328
212 0.984837 0.036299 248.116642
213 0.984824 0.036351 249.280269
214 0.984853 0.036318 250.443608
215 0.984971 0.036111 251.708822
216 0.984993 0.036041 252.878887
217 0.984897 0.036236 254.041301
218 0.984905 0.036194 255.20305
219 0.984996 0.036004 256.365784
220 0.98512 0.035791 257.52673
221 0.985145 0.03574 258.687297
222 0.985136 0.035771 259.846619
223 0.985276 0.035538 261.005542
224 0.985283 0.035547 262.167451
225 0.985258 0.035596 263.333883
226 0.985284 0.035532 264.610664
227 0.985268 0.035574 265.773772
228 0.985296 0.035507 267.04617
229 0.985305 0.035518 268.208735
230 0.985369 0.035423 269.371768
231 0.985349 0.035476 270.533439
232 0.98527 0.035575 271.694477
233 0.985323 0.035483 272.86194
234 0.985345 0.035444 274.024728
235 0.985349 0.035456 275.186806
236 0.985351 0.035449 276.348694
237 0.985253 0.035631 277.510187
238 0.985271 0.035599 278.674314
239 0.985429 0.035289 279.83857
240 0.985442 0.035257 281.002249
241 0.98546 0.03521 282.275694
242 0.985409 0.035324 283.43668
243 0.985333 0.035436 284.59743
244 0.985382 0.035368 285.761067
245 0.985434 0.035244 286.92471
246 0.985411 0.035283 288.093468
247 0.985412 0.035285 289.258468
248 0.985431 0.035228 290.419687
249 0.985519 0.035076 291.580962
250 0.985624 0.034871 292.740363
251 0.985652 0.034833 293.904444
252 0.98574 0.034658 295.068085
253 0.985774 0.034624 296.229338
254 0.985681 0.034761 297.509819
255 0.985739 0.034651 298.672254
256 0.985863 0.034418 299.835696
257 0.985951 0.034299 301.000604

Epoch & Fidelity & KL & Runtime 
1 0.720643 0.581184 1.163065
2 0.880321 0.229413 2.324338
3 0.938228 0.118629 3.485523
4 0.962233 0.075313 4.646985
5 0.973803 0.054925 5.820626
6 0.978316 0.047409 6.986902
7 0.981336 0.042334 8.150177
8 0.98102 0.043173 9.31106
9 0.981548 0.042463 10.469439
10 0.981376 0.042771 11.750756
11 0.981519 0.042324 12.914909
12 0.981832 0.042232 14.078167
13 0.982103 0.041442 15.240503
14 0.983146 0.039308 16.404079
15 0.982781 0.04024 17.564004
16 0.98232 0.041123 18.727916
17 0.982651 0.040515 19.890421
18 0.983206 0.039522 21.052908
19 0.98427 0.037657 22.217278
20 0.984789 0.036667 23.378711
21 0.98387 0.038447 24.541006
22 0.984113 0.038213 25.825071
23 0.984326 0.03746 26.989033
24 0.983588 0.038943 28.15199
25 0.983822 0.038536 29.313758
26 0.984669 0.036782 30.474125
27 0.984246 0.037446 31.635338
28 0.984761 0.036498 32.795974
29 0.984249 0.037801 33.957953
30 0.984423 0.037577 35.120516
31 0.985471 0.03555 36.28286
32 0.984528 0.037511 37.448183
33 0.985877 0.03509 38.61109
34 0.985189 0.036329 39.771869
35 0.985018 0.036426 41.058483
36 0.985283 0.036038 42.220777
37 0.986007 0.034591 43.384401
38 0.986632 0.033309 44.549522
39 0.986307 0.03401 45.711887
40 0.987089 0.032577 46.875086
41 0.987308 0.032001 48.038414
42 0.987814 0.03109 49.201672
43 0.986808 0.033147 50.36383
44 0.986035 0.034954 51.526146
45 0.987166 0.032524 52.688056
46 0.986752 0.033185 53.850544
47 0.986627 0.033512 55.01269
48 0.986733 0.033291 56.299998
49 0.98666 0.033271 57.460351
50 0.985844 0.034715 58.623355
51 0.986792 0.032892 59.784769
52 0.987101 0.032403 60.947983
53 0.986203 0.033863 62.109912
54 0.986965 0.032841 63.274115
55 0.986777 0.033183 64.436733
56 0.987831 0.031173 65.601405
57 0.987265 0.032435 66.765834
58 0.987864 0.031288 67.9329
59 0.987278 0.032356 69.095405
60 0.987576 0.031876 70.257871
61 0.986789 0.033252 71.550406
62 0.987398 0.03201 72.714886
63 0.98735 0.032105 73.877451
64 0.986333 0.034091 75.041026
65 0.986521 0.033634 76.202805
66 0.986452 0.033725 77.36433
67 0.988354 0.030574 78.532487
68 0.988218 0.030744 79.695714
69 0.987679 0.03169 80.857921
70 0.987126 0.032538 82.02132
71 0.987748 0.031461 83.184042
72 0.987082 0.032768 84.3485
73 0.98745 0.032393 85.518948
74 0.986835 0.033529 86.816623
75 0.986964 0.033464 87.985595
76 0.988526 0.030273 89.148632
77 0.988749 0.029669 90.323372
78 0.988096 0.030834 91.48645
79 0.987925 0.031082 92.648498
80 0.986802 0.033661 93.810989
81 0.98862 0.030157 94.973622
82 0.988114 0.03091 96.136446
83 0.987722 0.031518 97.298448
84 0.987811 0.031565 98.465456
85 0.987404 0.0325 99.626936
86 0.987956 0.031435 100.921348
87 0.98812 0.030946 102.084434
88 0.987184 0.032886 103.245893
89 0.987588 0.031961 104.408557
90 0.987261 0.032714 105.571699
91 0.988033 0.031384 106.734526
92 0.988846 0.029868 107.899996
93 0.989233 0.028943 109.064573
94 0.987854 0.031511 110.228167
95 0.988424 0.030245 111.389229
96 0.988223 0.030584 112.550382
97 0.988825 0.02955 113.717452
98 0.987703 0.031904 114.878796
99 0.986251 0.034537 116.174926
100 0.988152 0.031054 117.335256
101 0.988472 0.030512 118.49639
102 0.987493 0.03233 119.660296
103 0.989319 0.028854 120.823197
104 0.987657 0.032224 121.984535
105 0.98873 0.029879 123.147089
106 0.986922 0.033144 124.30933
107 0.987514 0.032437 125.606435
108 0.986535 0.034354 126.775487
109 0.986957 0.033465 127.938304
110 0.989114 0.029026 129.101552
111 0.989171 0.029046 130.264869
112 0.988295 0.03074 131.571953
113 0.987487 0.032196 132.734926
114 0.987244 0.032642 133.900782
115 0.988491 0.030322 135.064667
116 0.98785 0.03166 136.22853
117 0.990007 0.027533 137.393101
118 0.988763 0.030064 138.555466
119 0.989492 0.028588 139.715191
120 0.988069 0.031549 140.876286
121 0.987826 0.031821 142.037209
122 0.988747 0.029943 143.199312
123 0.989333 0.028909 144.361358
124 0.989264 0.028712 145.522274
125 0.988762 0.029991 146.826344
126 0.98834 0.030805 147.987325
127 0.987398 0.032558 149.151075
128 0.986652 0.034033 150.313051
129 0.986485 0.034506 151.474553
130 0.988849 0.029961 152.636446
131 0.98887 0.029802 153.79873
132 0.989117 0.029311 154.96287
133 0.989147 0.029261 156.124212
134 0.989817 0.02792 157.288474
135 0.988132 0.031221 158.449331
136 0.988757 0.030188 159.609156
137 0.989529 0.028798 160.913868
138 0.990204 0.027479 162.074807
139 0.989444 0.028847 163.237308
140 0.988231 0.031515 164.402293
141 0.988143 0.031578 165.564927
142 0.988417 0.030795 166.726862
143 0.988346 0.031115 167.893404
144 0.988786 0.030101 169.072031
145 0.988596 0.030362 170.234394
146 0.989412 0.028633 171.396381
147 0.989677 0.028151 172.560461
148 0.989359 0.028754 173.722725
149 0.989769 0.028035 174.885586
150 0.989646 0.028263 176.194245
151 0.98836 0.030849 177.356345
152 0.98797 0.031525 178.519892
153 0.988552 0.030469 179.680693
154 0.98868 0.03028 180.844014
155 0.988277 0.031157 182.006921
156 0.989137 0.029348 183.17263
157 0.988248 0.031055 184.33544
158 0.988542 0.030368 185.498139
159 0.987966 0.031564 186.660058
160 0.988464 0.030594 187.822405
161 0.988418 0.030994 188.98694
162 0.989219 0.029351 190.155025
163 0.989492 0.028671 191.465419
164 0.990094 0.027736 192.628464
165 0.989733 0.028334 193.792244
166 0.988321 0.030951 194.954982
167 0.987895 0.031551 196.120625
168 0.988018 0.031637 197.284985
169 0.98877 0.030039 198.447716
170 0.988521 0.030448 199.609423
171 0.989126 0.029235 200.771249
172 0.987653 0.031916 201.934403
173 0.988695 0.03017 203.098825
174 0.988671 0.030391 204.260562
175 0.988163 0.031455 205.421206
176 0.988292 0.031081 206.735809
177 0.987377 0.032742 207.896908
178 0.986938 0.033756 209.058362
179 0.987444 0.032718 210.221022
180 0.985733 0.036042 211.383769
181 0.987003 0.033832 212.545016
182 0.988105 0.031209 213.709001
183 0.989192 0.029229 214.873089
184 0.989279 0.029108 216.037978
185 0.988011 0.031682 217.200039
186 0.98756 0.032892 218.364902
187 0.988238 0.031405 219.52686
188 0.989527 0.028915 220.842083
189 0.98966 0.028581 222.004338
190 0.989431 0.029105 223.166355
191 0.98943 0.029159 224.327873
192 0.989499 0.028766 225.492781
193 0.988295 0.031233 226.655023
194 0.987777 0.032107 227.816352
195 0.988517 0.030513 228.976058
196 0.987793 0.032107 230.134709
197 0.987028 0.033663 231.299099
198 0.98922 0.029668 232.460395
199 0.988025 0.031914 233.623576
200 0.986793 0.034553 234.786024
201 0.988369 0.031073 236.104922
202 0.988709 0.030318 237.266466
203 0.987324 0.032918 238.437764
204 0.987918 0.031925 239.598922
205 0.98874 0.030312 240.761772
206 0.98838 0.03111 241.924638
207 0.988654 0.030419 243.090785
208 0.988663 0.030341 244.254997
209 0.988094 0.031609 245.416221
210 0.988259 0.031386 246.578426
211 0.987998 0.031858 247.740261
212 0.987935 0.031959 248.904869
213 0.988661 0.03034 250.066967
214 0.988457 0.030974 251.387887
215 0.989319 0.029203 252.550901
216 0.989205 0.0293 253.726388
217 0.987867 0.031566 254.888993
218 0.987772 0.031784 256.055335
219 0.988838 0.029766 257.218555
220 0.988373 0.030878 258.381172
221 0.988897 0.029787 259.54509
222 0.989845 0.028065 260.709495
223 0.987982 0.031769 261.869958
224 0.989782 0.028291 263.031986
225 0.988763 0.030168 264.357483
226 0.989463 0.028998 265.520958
227 0.989398 0.029299 266.84867
228 0.988497 0.030932 268.01017
229 0.988922 0.030019 269.177183
230 0.988613 0.030517 270.335306
231 0.98812 0.031619 271.493771
232 0.988689 0.030556 272.652137
233 0.98821 0.031428 273.811625
234 0.98777 0.032036 274.973476
235 0.988312 0.031105 276.135873
236 0.988355 0.030929 277.297178
237 0.988258 0.031233 278.461861
238 0.987413 0.033038 279.622346
239 0.988506 0.030733 280.948033
240 0.987251 0.033115 282.109988
241 0.988378 0.031288 283.275426
242 0.988656 0.030402 284.440116
243 0.988642 0.030532 285.603682
244 0.988323 0.031222 286.765072
245 0.987791 0.032264 287.930909
246 0.988422 0.030873 289.095108
247 0.988617 0.030623 290.271569
248 0.989329 0.029195 291.433218
249 0.987189 0.033196 292.592713
250 0.9885 0.030869 293.751207
251 0.987823 0.031888 294.909781
252 0.989277 0.029227 296.23639
253 0.988699 0.030455 297.396295
254 0.988594 0.030836 298.558895
255 0.989127 0.029866 299.721444
256 0.988808 0.030557 300.883827

Epoch & Fidelity & KL & Runtime 
1 0.968398 0.067695 1.164311
2 0.981761 0.042895 2.326518
3 0.974215 0.059438 3.489182
4 0.980248 0.04732 4.6525
5 0.978757 0.048217 5.813613
6 0.982384 0.042987 6.974995
7 0.967624 0.070678 8.137157
8 0.984407 0.038638 9.30021
9 0.98126 0.045491 10.632812
10 0.983844 0.039323 11.796341
11 0.973211 0.059096 12.960671
12 0.985845 0.035139 14.122646
13 0.980599 0.046087 15.284984
14 0.984958 0.037782 16.448766
15 0.980388 0.04713 17.619432
16 0.971732 0.06355 18.784696
17 0.985424 0.037051 19.947986
18 0.983976 0.039401 21.112044
19 0.980924 0.04666 22.276096
20 0.98622 0.035455 23.438462
21 0.976413 0.053391 24.609549
22 0.978236 0.0522 25.945924
23 0.983149 0.040764 27.109216
24 0.976582 0.053732 28.286873
25 0.985187 0.037934 29.448522
26 0.983978 0.040505 30.613992
27 0.984917 0.038301 31.777443
28 0.983954 0.039895 32.943235
29 0.979356 0.048282 34.105501
30 0.986994 0.033905 35.268484
31 0.980854 0.045609 36.433443
32 0.985629 0.037135 37.597124
33 0.981327 0.045323 38.760702
34 0.979725 0.048083 40.099269
35 0.979 0.049366 41.264177
36 0.980703 0.046842 42.429127
37 0.981967 0.044136 43.59408
38 0.98094 0.045591 44.757123
39 0.983383 0.04105 45.920389
40 0.985725 0.036529 47.081384
41 0.988125 0.03122 48.241674
42 0.983526 0.040828 49.401509
43 0.98583 0.036365 50.560081
44 0.982162 0.043577 51.723291
45 0.984294 0.039408 52.884934
46 0.985647 0.037166 54.045747
47 0.982318 0.042895 55.383566
48 0.988237 0.031595 56.543086
49 0.983804 0.040111 57.702626
50 0.984731 0.038966 58.864985
51 0.980489 0.046898 60.02978
52 0.985866 0.036413 61.191551
53 0.982951 0.042032 62.356562
54 0.979551 0.048538 63.51953
55 0.987064 0.033872 64.681095
56 0.978168 0.051492 65.847165
57 0.984976 0.038515 67.01107
58 0.98414 0.039571 68.17336
59 0.985697 0.035976 69.33453
60 0.983465 0.040647 70.680646
61 0.982898 0.042086 71.845773
62 0.987089 0.034199 73.010966
63 0.988971 0.03014 74.174246
64 0.983812 0.039906 75.338183
65 0.984642 0.038493 76.502806
66 0.986885 0.034152 77.667902
67 0.981953 0.044035 78.82902
68 0.979557 0.048293 79.990782
69 0.988629 0.030726 81.154597
70 0.984463 0.038937 82.317454
71 0.985985 0.035728 83.482058
72 0.9849 0.037881 84.825179
73 0.983776 0.041101 85.993443
74 0.985554 0.036525 87.156097
75 0.986136 0.035465 88.321807
76 0.984911 0.038693 89.485387
77 0.987412 0.033578 90.647111
78 0.986749 0.034242 91.80892
79 0.981138 0.044924 92.969759
80 0.988135 0.031678 94.131025
81 0.983302 0.040845 95.294407
82 0.984875 0.037902 96.455086
83 0.988135 0.031926 97.619416
84 0.987199 0.033584 98.782476
85 0.986079 0.035648 100.128818
86 0.985347 0.037524 101.292617
87 0.987158 0.033906 102.458244
88 0.983668 0.040934 103.623656
89 0.982875 0.041778 104.789207
90 0.984739 0.038485 105.953678
91 0.984428 0.039476 107.130058
92 0.986223 0.035375 108.295568
93 0.982521 0.042457 109.459409
94 0.983584 0.040274 110.620589
95 0.985786 0.036161 111.783623
96 0.981609 0.044561 112.947662
97 0.980995 0.045471 114.109288
98 0.986527 0.034669 115.457494
99 0.982725 0.041965 116.618053
100 0.986819 0.034021 117.779761
101 0.985899 0.036242 118.9425
102 0.984201 0.039644 120.104977
103 0.981164 0.04528 121.267554
104 0.983879 0.040087 122.436016
105 0.98554 0.036662 123.601446
106 0.986299 0.035866 124.960081
107 0.984932 0.037773 126.126731
108 0.982392 0.042958 127.291667
109 0.98519 0.037305 128.461101
110 0.977596 0.051527 129.623684
111 0.988591 0.031053 130.979542
112 0.98355 0.040865 132.141002
113 0.986991 0.034122 133.30257
114 0.986914 0.033998 134.464504
115 0.985341 0.037528 135.626938
116 0.986583 0.035594 136.788838
117 0.98632 0.035892 137.952299
118 0.983951 0.039451 139.114366
119 0.985336 0.036935 140.275387
120 0.987474 0.033443 141.439249
121 0.987109 0.033606 142.602472
122 0.985933 0.035947 143.763981
123 0.98602 0.035898 145.118652
124 0.985404 0.03694 146.281607
125 0.9822 0.043437 147.446164
126 0.986058 0.036205 148.611256
127 0.978124 0.051006 149.774623
128 0.98145 0.044846 150.938601
129 0.986315 0.03543 152.101475
130 0.987137 0.03389 153.262739
131 0.982898 0.042269 154.429297
132 0.983587 0.040747 155.593253
133 0.984853 0.037865 156.755185
134 0.984679 0.038418 157.919967
135 0.98539 0.037251 159.08062
136 0.982716 0.042296 160.439589
137 0.98426 0.039987 161.602054
138 0.984179 0.039696 162.764922
139 0.977798 0.052532 163.925982
140 0.980264 0.047462 165.090129
141 0.983821 0.039983 166.252459
142 0.981558 0.04455 167.415664
143 0.979327 0.049298 168.577049
144 0.980604 0.046853 169.73841
145 0.98147 0.044628 170.900891
146 0.983197 0.041254 172.064173
147 0.986575 0.035108 173.22793
148 0.985699 0.036782 174.391081
149 0.98137 0.045897 175.75509
150 0.983125 0.042281 176.920191
151 0.978682 0.050597 178.080296
152 0.978722 0.05021 179.243488
153 0.977784 0.052494 180.405981
154 0.983416 0.041006 181.568155
155 0.983953 0.040085 182.735594
156 0.982901 0.042008 183.898036
157 0.983538 0.041241 185.060888
158 0.985537 0.037216 186.222007
159 0.982757 0.042429 187.385031
160 0.983011 0.041637 188.548372
161 0.982508 0.042686 189.911618
162 0.984379 0.039571 191.074131
163 0.985461 0.037508 192.251778
164 0.978054 0.051206 193.415397
165 0.980537 0.046832 194.582768
166 0.985088 0.038282 195.74563
167 0.981627 0.045025 196.908684
168 0.983239 0.042486 198.072149
169 0.981646 0.045258 199.23507
170 0.975968 0.055127 200.400645
171 0.978048 0.05142 201.562603
172 0.979052 0.050285 202.724514
173 0.980527 0.047153 203.887033
174 0.980735 0.046275 205.256569
175 0.978186 0.05121 206.421043
176 0.982014 0.044024 207.583611
177 0.984429 0.039585 208.745467
178 0.984068 0.040307 209.908633
179 0.978301 0.052389 211.071949
180 0.976228 0.055367 212.23728
181 0.978985 0.050295 213.400434
182 0.976416 0.055206 214.563988
183 0.979481 0.048917 215.726
184 0.971822 0.063909 216.890631
185 0.983382 0.041286 218.055902
186 0.982408 0.043808 219.218654
187 0.980343 0.047497 220.587188
188 0.979646 0.04816 221.748108
189 0.983882 0.040827 222.911489
190 0.982272 0.043514 224.074547
191 0.977069 0.053018 225.239873
192 0.981243 0.045626 226.401877
193 0.978081 0.051357 227.56438
194 0.983369 0.042247 228.726668
195 0.982865 0.04258 229.890551
196 0.976966 0.053678 231.054613
197 0.978478 0.050703 232.216964
198 0.981936 0.04385 233.380311
199 0.9847 0.039051 234.541994
200 0.981654 0.045458 235.91752
201 0.982486 0.043546 237.080354
202 0.97687 0.054817 238.245441
203 0.978591 0.050614 239.410492
204 0.974912 0.058248 240.572565
205 0.981136 0.045847 241.738596
206 0.981147 0.045694 242.902132
207 0.977444 0.052939 244.065056
208 0.980717 0.046194 245.226266
209 0.984128 0.040013 246.38765
210 0.98069 0.046721 247.551597
211 0.97816 0.051463 248.713559
212 0.982877 0.042216 250.085963
213 0.980284 0.04717 251.24578
214 0.984682 0.039016 252.411165
215 0.981878 0.04448 253.576084
216 0.981001 0.045547 254.737299
217 0.983661 0.041329 255.896038
218 0.977086 0.053181 257.057559
219 0.976389 0.054479 258.218998
220 0.980327 0.047149 259.381373
221 0.982572 0.042754 260.544529
222 0.980342 0.047156 261.706051
223 0.97863 0.050893 262.871182
224 0.979909 0.047942 264.034972
225 0.977706 0.05215 265.628335
226 0.97984 0.04878 266.788946
227 0.980208 0.04729 267.951172
228 0.977794 0.052529 269.113551
229 0.981391 0.04567 270.27599
230 0.975793 0.055913 271.451785
231 0.976884 0.053623 272.613407
232 0.970921 0.065437 273.779185
233 0.978588 0.050901 274.946288
234 0.977862 0.052639 276.110193
235 0.976068 0.056087 277.275581
236 0.977928 0.052314 278.438272
237 0.977375 0.053249 279.600588
238 0.977476 0.0533 280.980945
239 0.981614 0.045277 282.14457
240 0.983088 0.042934 283.309099
241 0.983204 0.042725 284.470993
242 0.981215 0.045877 285.632472
243 0.982668 0.043036 286.795281
244 0.978776 0.050691 287.966323
245 0.981359 0.045558 289.128732
246 0.98047 0.047233 290.292217
247 0.983668 0.040611 291.453591
248 0.978965 0.049561 292.615475
249 0.981243 0.045049 293.775892
250 0.981464 0.044936 295.15601
251 0.977707 0.051975 296.32024
252 0.979427 0.048735 297.484484
253 0.980151 0.047664 298.647232
254 0.979171 0.048932 299.807858
255 0.97995 0.048341 300.970143

Epoch & Fidelity & KL & Runtime 
1 0.963724 0.077972 1.169723
2 0.986495 0.034636 2.335572
3 0.969801 0.068969 3.494154
4 0.985575 0.036743 4.653868
5 0.976236 0.056714 5.8167
6 0.985676 0.036643 6.976543
7 0.985419 0.037343 8.13936
8 0.990634 0.026294 9.52388
9 0.963941 0.07963 10.683016
10 0.96748 0.072666 11.846807
11 0.977924 0.051088 13.010937
12 0.962973 0.083049 14.173745
13 0.975411 0.05767 15.33678
14 0.974313 0.05931 16.501487
15 0.971389 0.064328 17.665859
16 0.968966 0.069496 18.828065
17 0.974613 0.058445 19.992266
18 0.958215 0.088544 21.154299
19 0.96292 0.082099 22.319271
20 0.955876 0.097047 23.4843
21 0.94877 0.110066 24.87495
22 0.966883 0.076152 26.037459
23 0.969437 0.067885 27.20088
24 0.966868 0.071974 28.361868
25 0.951077 0.107376 29.521845
26 0.953316 0.104049 30.681865
27 0.954287 0.093867 31.847709
28 0.967889 0.071007 33.008922
29 0.954584 0.088357 34.170172
30 0.973054 0.060101 35.331826
31 0.967525 0.07304 36.496942
32 0.941934 0.119648 37.660406
33 0.971603 0.063701 39.049211
34 0.968985 0.071148 40.213431
35 0.939478 0.119659 41.37649
36 0.95809 0.090193 42.54183
37 0.959104 0.09132 43.705344
38 0.961583 0.077843 44.868736
39 0.937816 0.127208 46.045672
40 0.97536 0.055461 47.210175
41 0.984012 0.039422 48.37157
42 0.94864 0.108001 49.532618
43 0.937743 0.125753 50.694233
44 0.964361 0.077007 51.855416
45 0.959754 0.090332 53.019361
46 0.957744 0.089388 54.409274
47 0.927431 0.146248 55.574304
48 0.968371 0.06808 56.737901
49 0.968563 0.072316 57.899844
50 0.971894 0.061612 59.063716
51 0.957962 0.091831 60.228295
52 0.969986 0.068827 61.391285
53 0.952095 0.10058 62.556366
54 0.962427 0.083503 63.721967
55 0.950501 0.100369 64.886306
56 0.951638 0.098454 66.047427
57 0.951603 0.102196 67.207771
58 0.973114 0.059956 68.368603
59 0.978725 0.050403 69.766338
60 0.975898 0.055601 70.926775
61 0.912572 0.169287 72.086345
62 0.960214 0.08762 73.245823
63 0.906736 0.175434 74.405458
64 0.94227 0.116399 75.567945
65 0.961189 0.076431 76.73194
66 0.973952 0.060102 77.894566
67 0.907376 0.18168 79.059214
68 0.970953 0.066525 80.223428
69 0.966757 0.073266 81.387233
70 0.966308 0.073955 82.553436
71 0.960465 0.083865 83.951568
72 0.976272 0.054302 85.114696
73 0.960359 0.088765 86.278237
74 0.957312 0.095743 87.441193
75 0.962976 0.080782 88.604463
76 0.955173 0.098958 89.767923
77 0.967745 0.072245 90.931907
78 0.970073 0.067007 92.094462
79 0.962164 0.082452 93.2565
80 0.929883 0.13961 94.418045
81 0.928912 0.141078 95.580951
82 0.979787 0.047938 96.744898
83 0.968806 0.06796 97.907897
84 0.964466 0.077548 99.309068
85 0.94884 0.109457 100.474948
86 0.964722 0.077054 101.640205
87 0.946919 0.113151 102.805757
88 0.961165 0.083323 103.973479
89 0.969229 0.068783 105.136625
90 0.961586 0.087207 106.29924
91 0.966652 0.075177 107.462401
92 0.951151 0.10076 108.624816
93 0.95625 0.087544 109.791674
94 0.959285 0.085101 110.955408
95 0.963244 0.081863 112.118767
96 0.947791 0.109517 113.280262
97 0.956292 0.090128 114.684344
98 0.956906 0.095283 115.846461
99 0.974023 0.05816 117.011976
100 0.951318 0.10102 118.176536
101 0.975927 0.055595 119.343034
102 0.963235 0.077872 120.507113
103 0.965722 0.073586 121.670929
104 0.952027 0.102376 122.846773
105 0.963291 0.081644 124.258503
106 0.957927 0.097357 125.420748
107 0.949528 0.100179 126.585947
108 0.949025 0.108756 127.74879
109 0.969866 0.065265 129.157455
110 0.975688 0.055944 130.321735
111 0.962529 0.079047 131.498705
112 0.946189 0.116846 132.661417
113 0.981718 0.044223 133.824392
114 0.948663 0.113215 134.987392
115 0.945882 0.117515 136.14926
116 0.950003 0.103841 137.312001
117 0.961054 0.085665 138.476383
118 0.941701 0.121164 139.639279
119 0.964616 0.076376 140.801264
120 0.950389 0.106047 141.963497
121 0.96986 0.063948 143.125408
122 0.967185 0.071983 144.534825
123 0.905677 0.184251 145.697913
124 0.959746 0.08138 146.860227
125 0.976949 0.052537 148.02548
126 0.95974 0.086807 149.190951
127 0.954601 0.095647 150.353888
128 0.967428 0.070415 151.514313
129 0.948246 0.107582 152.673867
130 0.970153 0.064882 153.834487
131 0.93878 0.125223 154.994244
132 0.959603 0.090084 156.156925
133 0.938386 0.13049 157.326185
134 0.966694 0.071996 158.487763
135 0.95668 0.091026 159.904125
136 0.945521 0.113682 161.066776
137 0.961526 0.082365 162.228956
138 0.958254 0.092212 163.390138
139 0.934996 0.12868 164.553302
140 0.956835 0.092861 165.717823
141 0.970721 0.063826 166.8812
142 0.974537 0.057037 168.043827
143 0.946997 0.112853 169.20691
144 0.945892 0.115511 170.368854
145 0.965859 0.073218 171.534536
146 0.94479 0.10713 172.70211
147 0.963497 0.08199 174.118124
148 0.959968 0.089064 175.281377
149 0.962457 0.078867 176.444781
150 0.967478 0.07155 177.606798
151 0.927886 0.14476 178.776332
152 0.957125 0.091371 179.939709
153 0.951207 0.107844 181.105436
154 0.951527 0.104832 182.270317
155 0.946477 0.116005 183.435442
156 0.958512 0.087921 184.597256
157 0.949597 0.111714 185.758821
158 0.96814 0.069344 186.920186
159 0.961784 0.08586 188.082011
160 0.958956 0.090516 189.498519
161 0.962126 0.081663 190.660335
162 0.964964 0.078279 191.823378
163 0.951891 0.09884 192.986948
164 0.962838 0.078806 194.148127
165 0.969638 0.067184 195.312312
166 0.954171 0.095254 196.475644
167 0.95428 0.099579 197.639841
168 0.966463 0.074874 198.803387
169 0.958015 0.095651 199.965765
170 0.97372 0.060451 201.132576
171 0.932435 0.142291 202.296422
172 0.952058 0.106843 203.458784
173 0.940888 0.124704 204.887729
174 0.934745 0.139174 206.050909
175 0.97021 0.06573 207.215684
176 0.963752 0.081321 208.38018
177 0.946636 0.111369 209.54386
178 0.960475 0.086651 210.722907
179 0.961899 0.084292 211.885926
180 0.967775 0.069084 213.050919
181 0.956077 0.094741 214.217522
182 0.930603 0.128721 215.383163
183 0.954796 0.097285 216.547984
184 0.956779 0.088613 217.711799
185 0.963045 0.079327 219.136414
186 0.98437 0.038267 220.300343
187 0.967801 0.073218 221.464295
188 0.933063 0.145357 222.628896
189 0.965244 0.076142 223.794372
190 0.977134 0.051546 224.958787
191 0.962901 0.082056 226.12513
192 0.95969 0.08411 227.290451
193 0.972311 0.065228 228.455319
194 0.953571 0.092071 229.623826
195 0.915788 0.159088 230.788146
196 0.950629 0.101561 231.953309
197 0.97597 0.052225 233.117827
198 0.967807 0.072823 234.544456
199 0.954233 0.09701 235.709874
200 0.964345 0.077552 236.877462
201 0.972546 0.061432 238.041796
202 0.959077 0.089227 239.206178
203 0.983224 0.040022 240.370833
204 0.951166 0.103083 241.537086
205 0.958299 0.088708 242.707653
206 0.939975 0.117186 243.874321
207 0.956497 0.091453 245.040487
208 0.960602 0.085921 246.206452
209 0.947221 0.10932 247.371373
210 0.948702 0.104529 248.536931
211 0.962493 0.078531 249.980737
212 0.974186 0.060201 251.147246
213 0.971463 0.061947 252.311882
214 0.936284 0.128814 253.476045
215 0.95587 0.095353 254.642216
216 0.973582 0.060658 255.807457
217 0.968525 0.073333 256.972436
218 0.963349 0.075173 258.135059
219 0.950863 0.10088 259.299749
220 0.929756 0.136695 260.46321
221 0.953663 0.100566 261.626829
222 0.962452 0.083376 262.792358
223 0.949114 0.105562 264.22147
224 0.938916 0.131128 265.383477
225 0.97067 0.062963 266.550474
226 0.962988 0.078243 267.714936
227 0.949585 0.10762 269.151138
228 0.967498 0.072235 270.315988
229 0.942802 0.116486 271.482028
230 0.965171 0.074169 272.650881
231 0.965351 0.074907 273.81844
232 0.96445 0.079716 274.981937
233 0.965402 0.074036 276.144328
234 0.938008 0.123855 277.310603
235 0.933837 0.130268 278.483512
236 0.960517 0.08757 279.928536
237 0.97195 0.061512 281.100949
238 0.95789 0.093313 282.268946
239 0.927668 0.140889 283.433923
240 0.967299 0.070802 284.600159
241 0.945312 0.119114 285.764962
242 0.967039 0.075924 286.929464
243 0.922172 0.158963 288.095389
244 0.969439 0.068747 289.2608
245 0.945916 0.104724 290.425436
246 0.962497 0.079399 291.590142
247 0.939534 0.127197 292.754738
248 0.971319 0.065044 294.201154
249 0.969747 0.067107 295.369769
250 0.959911 0.084178 296.550767
251 0.932214 0.135655 297.718775
252 0.963605 0.078929 298.885434
253 0.957941 0.089029 300.050452

Epoch & Fidelity & KL & Runtime 
1 0.821297 0.453953 1.166114
2 0.774521 0.482737 2.330989
3 0.834429 0.374921 3.496383
4 0.723794 0.725542 4.660702
5 0.915075 0.194226 5.824228
6 0.824287 0.426048 6.988255
7 0.713337 0.764781 8.152914
8 0.8296 0.402509 9.604764
9 0.904649 0.215225 10.767774
10 0.836298 0.374445 11.93067
11 0.844095 0.389084 13.098678
12 0.828682 0.393769 14.264327
13 0.740937 0.731885 15.429636
14 0.816147 0.401748 16.593711
15 0.88332 0.263174 17.758132
16 0.870229 0.308701 18.925308
17 0.911292 0.201874 20.091251
18 0.830073 0.400185 21.253116
19 0.884729 0.252776 22.418384
20 0.84082 0.380948 23.87652
21 0.831869 0.358373 25.041265
22 0.786704 0.506231 26.205154
23 0.846565 0.354745 27.368819
24 0.694153 0.709664 28.533015
25 0.812525 0.415891 29.696654
26 0.679683 0.833566 30.859097
27 0.836565 0.350723 32.023222
28 0.813384 0.465386 33.188113
29 0.890452 0.234542 34.350978
30 0.907904 0.202372 35.514243
31 0.790906 0.509291 36.679882
32 0.383894 1.44939 37.843889
33 0.725284 0.579997 39.307049
34 0.702191 0.738605 40.4718
35 0.796853 0.465003 41.636764
36 0.827622 0.398209 42.801763
37 0.836267 0.404048 43.96528
38 0.706478 0.698706 45.129335
39 0.875479 0.277263 46.292585
40 0.814634 0.45475 47.455693
41 0.893102 0.237684 48.622824
42 0.795342 0.487687 49.786601
43 0.903968 0.200839 50.951034
44 0.38405 1.529939 52.114202
45 0.859835 0.341013 53.277701
46 0.948893 0.116047 54.759098
47 0.738895 0.619254 55.925659
48 0.859465 0.320552 57.093352
49 0.80577 0.428905 58.259491
50 0.715704 0.729744 59.425176
51 0.793336 0.559066 60.590134
52 0.660973 0.911316 61.755807
53 0.843492 0.351082 62.91985
54 0.917758 0.175066 64.399868
55 0.778544 0.499305 65.565764
56 0.847612 0.321443 66.730466
57 0.745784 0.577187 67.901478
58 0.786218 0.53178 69.378213
59 0.799763 0.472734 70.543309
60 0.867608 0.319932 71.707055
61 0.856983 0.351792 72.872199
62 0.790669 0.466583 74.035491
63 0.817312 0.399662 75.199215
64 0.884947 0.258152 76.361412
65 0.885276 0.265462 77.523748
66 0.752345 0.575747 78.690697
67 0.348539 1.282976 79.856769
68 0.934509 0.14492 81.023472
69 0.751536 0.628987 82.189869
70 0.012635 5.574857 83.355956
71 0.681881 0.79875 84.848162
72 0.838896 0.335563 86.010754
73 0.812284 0.450906 87.189011
74 0.776153 0.474724 88.353241
75 0.805469 0.418923 89.518875
76 0.870576 0.301497 90.686589
77 0.894157 0.229725 91.852225
78 0.705477 0.76028 93.016641
79 0.740103 0.605339 94.180059
80 0.891139 0.249146 95.345157
81 0.860999 0.296946 96.51276
82 0.845815 0.343076 97.675381
83 0.808374 0.465813 99.165853
84 0.67566 0.793981 100.330711
85 0.817043 0.466102 101.495967
86 0.886225 0.255314 102.665798
87 0.783526 0.49497 103.833127
88 0.708601 0.691211 104.998203
89 0.866275 0.283292 106.162576
90 0.78213 0.508271 107.326484
91 0.735894 0.572033 108.493258
92 0.736486 0.63881 109.655101
93 0.703939 0.697311 110.818613
94 0.709663 0.661913 111.982972
95 0.511345 1.037897 113.147538
96 0.721213 0.698044 114.645954
97 0.841121 0.370851 115.808609
98 0.731764 0.640321 116.971642
99 0.833209 0.385918 118.139766
100 0.710332 0.630522 119.304643
101 0.76875 0.533069 120.470143
102 0.737746 0.680148 121.636551
103 0.671162 0.772905 123.138881
104 0.648228 0.773264 124.305821
105 0.783177 0.535352 125.471762
106 0.392171 1.271817 126.640253
107 0.844414 0.367736 127.805281
108 0.720129 0.648025 129.308108
109 0.899692 0.221027 130.471699
110 0.662874 0.704134 131.63562
111 0.785833 0.52619 132.802214
112 0.828485 0.358781 133.967051
113 0.812004 0.409919 135.131091
114 0.821773 0.404814 136.296522
115 0.873551 0.291656 137.467418
116 0.841145 0.373506 138.63269
117 0.855682 0.314359 139.795595
118 0.65204 0.885326 140.959057
119 0.834008 0.386974 142.122966
120 0.740184 0.532594 143.287831
121 0.828006 0.37271 144.803231
122 0.823914 0.402682 145.967021
123 0.696474 0.711899 147.133407
124 0.795192 0.488574 148.298973
125 0.926993 0.160483 149.464228
126 0.676012 0.91381 150.629711
127 0.619472 0.930419 151.793456
128 0.662619 0.980568 152.960309
129 0.795054 0.468605 154.121868
130 0.853344 0.331684 155.284383
131 0.863197 0.321752 156.448004
132 0.827923 0.398305 157.60829
133 0.822663 0.389004 159.125466
134 0.919565 0.179243 160.286406
135 0.7691 0.552163 161.449905
136 0.747081 0.592348 162.616099
137 0.919861 0.174906 163.782891
138 0.780972 0.559457 164.948097
139 0.734503 0.562955 166.114327
140 0.87466 0.283184 167.291718
141 0.668902 0.979106 168.45984
142 0.881258 0.266883 169.624256
143 0.802617 0.482682 170.786917
144 0.911598 0.194613 171.94852
145 0.757935 0.522838 173.109706
146 0.694568 0.674884 174.631119
147 0.82724 0.434216 175.795191
148 0.939464 0.136143 176.96061
149 0.811397 0.43261 178.122978
150 0.80213 0.426498 179.28666
151 0.870249 0.31337 180.452736
152 0.795258 0.462026 181.616313
153 0.787655 0.585629 182.778461
154 0.803724 0.481767 183.941753
155 0.756341 0.584878 185.103547
156 0.687237 0.733756 186.27057
157 0.720552 0.655898 187.435112
158 0.832016 0.361779 188.966564
159 0.823207 0.368019 190.131399
160 0.79579 0.483946 191.296245
161 0.880344 0.275241 192.461373
162 0.639725 0.65934 193.626391
163 0.629229 1.020698 194.789592
164 0.864176 0.295393 195.960649
165 0.896829 0.230292 197.125945
166 0.908188 0.206468 198.290691
167 0.820692 0.436803 199.455598
168 0.722335 0.647844 200.618192
169 0.845727 0.377518 201.782881
170 0.677908 0.826127 202.94615
171 0.792021 0.40684 204.480235
172 0.672497 0.6323 205.643701
173 0.691448 0.950571 206.805935
174 0.833891 0.415013 207.972729
175 0.31999 1.703803 209.136524
176 0.738154 0.599709 210.302978
177 0.783546 0.515172 211.466582
178 0.884736 0.257921 212.630467
179 0.620794 0.887354 213.795178
180 0.732754 0.724146 214.962306
181 0.807889 0.440717 216.13117
182 0.786402 0.523791 217.294879
183 0.351627 1.414327 218.458666
184 0.565067 1.10295 220.003658
185 0.799778 0.457594 221.169395
186 0.812976 0.442932 222.335047
187 0.649062 0.832579 223.500862
188 0.850182 0.329352 224.663682
189 0.820419 0.382491 225.824615
190 0.860276 0.273466 226.985856
191 0.677567 0.790514 228.148355
192 0.793491 0.487856 229.31075
193 0.831119 0.409779 230.474964
194 0.816718 0.475982 231.639702
195 0.82268 0.384855 232.803051
196 0.801444 0.497157 234.350543
197 0.857979 0.327338 235.515019
198 0.314091 1.507844 236.67916
199 0.801628 0.50668 237.843999
200 0.846827 0.358214 239.006964
201 0.681524 0.843646 240.171678
202 0.838014 0.356814 241.335035
203 0.847717 0.288274 242.501222
204 0.920251 0.149797 243.663599
205 0.900564 0.221893 244.825969
206 0.830406 0.406771 245.991427
207 0.759623 0.507495 247.153079
208 0.826514 0.397237 248.315474
209 0.934375 0.143982 249.870694
210 0.731838 0.601941 251.033873
211 0.828174 0.403984 252.199282
212 0.784387 0.594479 253.365204
213 0.756202 0.574262 254.530071
214 0.900962 0.213774 255.692622
215 0.660278 0.578692 256.855635
216 0.787815 0.505814 258.021752
217 0.836902 0.391518 259.187704
218 0.806562 0.399203 260.36222
219 0.598562 1.091194 261.5293
220 0.88619 0.270209 263.08685
221 0.717164 0.645974 264.644659
222 0.770132 0.586086 265.80793
223 0.859259 0.349983 266.971158
224 0.801237 0.484288 268.134512
225 0.747611 0.508751 269.299113
226 0.765226 0.62137 270.466324
227 0.815271 0.4029 271.627949
228 0.794724 0.458839 272.791177
229 0.693004 0.749776 273.955492
230 0.704916 0.704605 275.119237
231 0.840297 0.373387 276.285357
232 0.662843 0.669582 277.448956
233 0.790351 0.522158 279.010888
234 0.854268 0.347057 280.171972
235 0.799991 0.450114 281.332318
236 0.930708 0.136589 282.495764
237 0.727638 0.687381 283.661266
238 0.675321 0.87814 284.824226
239 0.714519 0.728928 285.988525
240 0.834303 0.403916 287.15207
241 0.861911 0.306314 288.31559
242 0.884013 0.246015 289.480976
243 0.786778 0.509878 290.643943
244 0.889124 0.227582 291.807085
245 0.87705 0.28082 292.971168
246 0.789999 0.453055 294.547805
247 0.813258 0.426041 295.714131
248 0.705695 0.695037 296.878038
249 0.874356 0.282362 298.04306
250 0.783092 0.497067 299.207883
251 0.898834 0.230631 300.370298

