samples: 5000
burn_in: 100
steps: 100
Exact H:-2.25
   Fidelity  ROE       Mean      Median    CI Width LL on CI  UL on CI  mmRatio  Min Err  Max Err
1  0.916513  0.004125  -2.24072  -2.25000  0.00448  -2.24519  -2.23624  0.99587  0.00214  0.00611  
2  0.970894  0.002417  -2.24456  -2.25000  0.00288  -2.24744  -2.24168  0.99758  0.00114  0.00370  
3  0.980462  0.000775  -2.24826  -2.25000  0.00254  -2.25079  -2.24572  0.99923  0.00035  0.00190  
4  0.981979  0.000660  -2.24851  -2.25000  0.00251  -2.25102  -2.24601  0.99934  0.00045  0.00177  
5  0.984515  0.000592  -2.24867  -2.25000  0.00250  -2.25117  -2.24617  0.99941  0.00052  0.00170  
6  0.985485  0.000870  -2.24804  -2.25000  0.00240  -2.25044  -2.24565  0.99913  0.00020  0.00194  
7  0.985555  0.000116  -2.24974  -2.25000  0.00238  -2.25212  -2.24736  0.99988  0.00094  0.00117  
8  0.985945  0.001698  -2.24618  -2.24801  0.00258  -2.24876  -2.24360  0.99919  0.00055  0.00284  
9  0.986993  0.000724  -2.24837  -2.25000  0.00229  -2.25066  -2.24609  0.99928  0.00029  0.00174  
10  0.986667  0.001367  -2.24692  -2.25005  0.00243  -2.24936  -2.24449  0.99861  0.00029  0.00245  
11  0.987599  0.000863  -2.24806  -2.25000  0.00226  -2.25032  -2.24579  0.99914  0.00014  0.00187  
12  0.987497  0.000356  -2.24920  -2.25000  0.00238  -2.25158  -2.24682  0.99964  0.00070  0.00142  
13  0.987879  0.002226  -2.24499  -2.25000  0.00240  -2.24739  -2.24259  0.99777  0.00116  0.00329  
14  0.988316  0.001024  -2.24770  -2.25000  0.00228  -2.24998  -2.24541  0.99898  0.00001  0.00204  
15  0.988386  0.000636  -2.24857  -2.25087  0.00234  -2.25091  -2.24623  0.99898  0.00040  0.00168  
16  0.988349  0.001051  -2.24764  -2.25000  0.00241  -2.25005  -2.24523  0.99895  0.00002  0.00212  
17  0.987904  0.000431  -2.24903  -2.25000  0.00232  -2.25135  -2.24671  0.99957  0.00060  0.00146  
18  0.988300  0.001093  -2.24754  -2.25000  0.00229  -2.24983  -2.24525  0.99891  0.00008  0.00211  
19  0.989535  0.000886  -2.24801  -2.25000  0.00217  -2.25018  -2.24584  0.99911  0.00008  0.00185  
20  0.989841  0.001691  -2.24620  -2.25000  0.00224  -2.24843  -2.24396  0.99831  0.00070  0.00268  
21  0.989941  0.001341  -2.24698  -2.25000  0.00228  -2.24927  -2.24470  0.99866  0.00033  0.00236  
22  0.989443  0.000610  -2.24863  -2.25000  0.00233  -2.25096  -2.24630  0.99939  0.00043  0.00165  
23  0.989731  0.000344  -2.24923  -2.25000  0.00228  -2.25151  -2.24694  0.99966  0.00067  0.00136  
24  0.990332  0.001515  -2.24659  -2.24445  0.00237  -2.24896  -2.24422  1.00095  0.00046  0.00257  
25  0.990517  0.000429  -2.24903  -2.25000  0.00236  -2.25139  -2.24668  0.99957  0.00062  0.00148  
26  0.990783  0.001574  -2.24646  -2.25000  0.00233  -2.24879  -2.24413  0.99843  0.00054  0.00261  
27  0.990945  0.001272  -2.24714  -2.25000  0.00223  -2.24937  -2.24491  0.99873  0.00028  0.00226  
28  0.991241  0.000383  -2.24914  -2.25000  0.00214  -2.25128  -2.24700  0.99962  0.00057  0.00133  
29  0.990722  0.001189  -2.24732  -2.25000  0.00213  -2.24946  -2.24519  0.99881  0.00024  0.00214  
30  0.990952  0.001115  -2.24749  -2.25000  0.00215  -2.24964  -2.24534  0.99888  0.00016  0.00207  
31  0.991142  0.000253  -2.24943  -2.25000  0.00217  -2.25160  -2.24726  0.99975  0.00071  0.00122  
32  0.990733  0.001106  -2.24751  -2.25000  0.00233  -2.24984  -2.24518  0.99889  0.00007  0.00214  
33  0.991378  0.000520  -2.24883  -2.25000  0.00210  -2.25093  -2.24673  0.99948  0.00041  0.00145  
34  0.991678  0.001049  -2.24764  -2.25000  0.00215  -2.24979  -2.24548  0.99895  0.00009  0.00201  
35  0.991870  0.000683  -2.24846  -2.25000  0.00211  -2.25057  -2.24635  0.99932  0.00025  0.00162  
36  0.991657  0.001158  -2.24739  -2.24681  0.00238  -2.24977  -2.24502  1.00026  0.00010  0.00221  
37  0.992093  0.001399  -2.24685  -2.24964  0.00205  -2.24890  -2.24480  0.99876  0.00049  0.00231  
