0.4106485844 0.0000000000
0.1143615246 0.0000000000
0.1143696979 0.0000000000
0.0665430576 0.0000000000
0.1143664345 0.0000000000
0.0348813124 0.0000000000
0.0665435195 0.0000000000
0.0496010967 0.0000000000
0.1143650487 0.0000000000
0.0327564031 0.0000000000
0.0348811299 0.0000000000
0.0223493148 0.0000000000
0.0665447265 0.0000000000
0.0223506056 0.0000000000
0.0495960303 0.0000000000
0.0425659940 0.0000000000
0.1143629551 0.0000000000
0.0323372371 0.0000000000
0.0327573791 0.0000000000
0.0199654233 0.0000000000
0.0348804146 0.0000000000
0.0111782262 0.0000000000
0.0223490652 0.0000000000
0.0182157867 0.0000000000
0.0665437505 0.0000000000
0.0199665241 0.0000000000
0.0223496929 0.0000000000
0.0160908438 0.0000000000
0.0496010594 0.0000000000
0.0182158016 0.0000000000
0.0425622910 0.0000000000
0.0405738503 0.0000000000
0.1143630221 0.0000000000
0.0322515890 0.0000000000
0.0323339067 0.0000000000
0.0194650218 0.0000000000
0.0327512473 0.0000000000
0.0103082461 0.0000000000
0.0199700519 0.0000000000
0.0158117320 0.0000000000
0.0348807499 0.0000000000
0.0103093442 0.0000000000
0.0111759342 0.0000000000
0.0077537857 0.0000000000
0.0223483499 0.0000000000
0.0080462266 0.0000000000
0.0182149224 0.0000000000
0.0171326343 0.0000000000
0.0665415153 0.0000000000
0.0194670428 0.0000000000
0.0199672077 0.0000000000
0.0132667935 0.0000000000
0.0223480929 0.0000000000
0.0077556013 0.0000000000
0.0160914119 0.0000000000
0.0147493705 0.0000000000
0.0496038869 0.0000000000
0.0158095863 0.0000000000
0.0182171110 0.0000000000
0.0147500206 0.0000000000
0.0425629616 0.0000000000
0.0171330348 0.0000000000
0.0405726545 0.0000000000
0.0425625816 0.0000000000
0.1143651009 0.0000000000
0.0323358476 0.0000000000
0.0322450846 0.0000000000
0.0194689874 0.0000000000
0.0323373340 0.0000000000
0.0101693934 0.0000000000
0.0194629002 0.0000000000
0.0153901279 0.0000000000
0.0327467173 0.0000000000
0.0096414601 0.0000000000
0.0103078047 0.0000000000
0.0070594223 0.0000000000
0.0199625548 0.0000000000
0.0071114809 0.0000000000
0.0158164632 0.0000000000
0.0147504425 0.0000000000
0.0348806456 0.0000000000
0.0101706767 0.0000000000
0.0103060091 0.0000000000
0.0067681097 0.0000000000
0.0111783929 0.0000000000
0.0038317721 0.0000000000
0.0077509228 0.0000000000
0.0070273466 0.0000000000
0.0223467723 0.0000000000
0.0071134195 0.0000000000
0.0080449125 0.0000000000
0.0065031876 0.0000000000
0.0182167199 0.0000000000
0.0073698284 0.0000000000
0.0171312802 0.0000000000
0.0182136353 0.0000000000
0.0665420443 0.0000000000
0.0194650013 0.0000000000
0.0194647927 0.0000000000
0.0127712162 0.0000000000
0.0199599788 0.0000000000
0.0067622960 0.0000000000
0.0132707627 0.0000000000
0.0118598631 0.0000000000
0.0223468244 0.0000000000
0.0070602191 0.0000000000
0.0077518062 0.0000000000
0.0061629666 0.0000000000
0.0160934068 0.0000000000
0.0065029133 0.0000000000
0.0147477351 0.0000000000
0.0158085935 0.0000000000
0.0496023968 0.0000000000
0.0153901428 0.0000000000
0.0158105567 0.0000000000
0.0118697323 0.0000000000
0.0182207823 0.0000000000
0.0070294957 0.0000000000
0.0147485072 0.0000000000
0.0153883277 0.0000000000
0.0425543040 0.0000000000
0.0147468178 0.0000000000
0.0171275586 0.0000000000
0.0158084184 0.0000000000
0.0405837372 0.0000000000
0.0182166975 0.0000000000
0.0425573103 0.0000000000
0.0495898463 0.0000000000
0.1143688709 0.0000000000
0.0327560380 0.0000000000
0.0323349126 0.0000000000
0.0199638903 0.0000000000
0.0322449580 0.0000000000
0.0103079183 0.0000000000
0.0194601044 0.0000000000
0.0158091187 0.0000000000
0.0323377624 0.0000000000
0.0096437782 0.0000000000
0.0101710455 0.0000000000
0.0071129841 0.0000000000
0.0194620695 0.0000000000
0.0070575816 0.0000000000
0.0153924180 0.0000000000
0.0147491014 0.0000000000
0.0327516012 0.0000000000
0.0096434401 0.0000000000
0.0096428683 0.0000000000
0.0064167432 0.0000000000
0.0103069227 0.0000000000
0.0035661673 0.0000000000
0.0070600342 0.0000000000
0.0065035960 0.0000000000
0.0199592747 0.0000000000
0.0064160177 0.0000000000
0.0071128206 0.0000000000
0.0058344449 0.0000000000
0.0158089418 0.0000000000
0.0065012514 0.0000000000
0.0147581510 0.0000000000
0.0160914883 0.0000000000
0.0348820388 0.0000000000
0.0103117013 0.0000000000
0.0101676779 0.0000000000
0.0067647547 0.0000000000
0.0103074107 0.0000000000
0.0035316921 0.0000000000
0.0067661991 0.0000000000
0.0061636684 0.0000000000
0.0111791110 0.0000000000
0.0035666006 0.0000000000
0.0038317495 0.0000000000
0.0030895462 0.0000000000
0.0077530425 0.0000000000
0.0031888091 0.0000000000
0.0070286682 0.0000000000
0.0077535543 0.0000000000
0.0223482940 0.0000000000
0.0070602023 0.0000000000
0.0071130972 0.0000000000
0.0054941759 0.0000000000
0.0080442419 0.0000000000
0.0031893833 0.0000000000
0.0065017398 0.0000000000
0.0070584551 0.0000000000
0.0182211101 0.0000000000
0.0065021380 0.0000000000
0.0073739681 0.0000000000
0.0071127345 0.0000000000
0.0171299987 0.0000000000
0.0080437725 0.0000000000
0.0182201788 0.0000000000
0.0223455001 0.0000000000
0.0665440485 0.0000000000
0.0199666265 0.0000000000
0.0194632020 0.0000000000
0.0132662859 0.0000000000
0.0194624793 0.0000000000
0.0067673582 0.0000000000
0.0127642341 0.0000000000
0.0118701700 0.0000000000
0.0199630689 0.0000000000
0.0064174258 0.0000000000
0.0067677414 0.0000000000
0.0054942295 0.0000000000
0.0132642146 0.0000000000
0.0054940865 0.0000000000
0.0118737957 0.0000000000
0.0132656042 0.0000000000
0.0223492961 0.0000000000
0.0071150488 0.0000000000
0.0070567476 0.0000000000
0.0054951562 0.0000000000
0.0077527789 0.0000000000
0.0030908673 0.0000000000
0.0061585982 0.0000000000
0.0067676501 0.0000000000
0.0160940550 0.0000000000
0.0058389860 0.0000000000
0.0065014875 0.0000000000
0.0064160717 0.0000000000
0.0147478553 0.0000000000
0.0071123047 0.0000000000
0.0158081129 0.0000000000
0.0199611578 0.0000000000
0.0496021435 0.0000000000
0.0158099700 0.0000000000
0.0153910015 0.0000000000
0.0118607068 0.0000000000
0.0158096217 0.0000000000
0.0061634239 0.0000000000
0.0118711889 0.0000000000
0.0127705876 0.0000000000
0.0182184894 0.0000000000
0.0065031792 0.0000000000
0.0070287324 0.0000000000
0.0067638648 0.0000000000
0.0147476876 0.0000000000
0.0070592519 0.0000000000
0.0153892841 0.0000000000
0.0194616318 0.0000000000
0.0425651595 0.0000000000
0.0147485547 0.0000000000
0.0147515517 0.0000000000
0.0132652046 0.0000000000
0.0171287712 0.0000000000
0.0077546546 0.0000000000
0.0158079918 0.0000000000
0.0194654912 0.0000000000
0.0405859947 0.0000000000
0.0160921775 0.0000000000
0.0182198510 0.0000000000
0.0199622661 0.0000000000
0.0425506495 0.0000000000
0.0223442074 0.0000000000
0.0495954864 0.0000000000
0.0665257871 0.0000000000
0.1143682227 0.0000000000
0.0348815732 0.0000000000
0.0327410959 0.0000000000
0.0223461837 0.0000000000
0.0323338732 0.0000000000
0.0111768330 0.0000000000
0.0199599173 0.0000000000
0.0182167385 0.0000000000
0.0322445706 0.0000000000
0.0103057763 0.0000000000
0.0103056207 0.0000000000
0.0080446238 0.0000000000
0.0194616280 0.0000000000
0.0077513326 0.0000000000
0.0158132203 0.0000000000
0.0171327777 0.0000000000
0.0323334746 0.0000000000
0.0101690087 0.0000000000
0.0096393498 0.0000000000
0.0071128421 0.0000000000
0.0101664206 0.0000000000
0.0038291358 0.0000000000
0.0071145543 0.0000000000
0.0073706470 0.0000000000
0.0194645822 0.0000000000
0.0067676562 0.0000000000
0.0070564444 0.0000000000
0.0065008891 0.0000000000
0.0153887309 0.0000000000
0.0070235096 0.0000000000
0.0147588123 0.0000000000
0.0182166584 0.0000000000
0.0327576250 0.0000000000
0.0103112198 0.0000000000
0.0096397372 0.0000000000
0.0070597441 0.0000000000
0.0096430490 0.0000000000
0.0035665976 0.0000000000
0.0064144614 0.0000000000
0.0065023638 0.0000000000
0.0103059495 0.0000000000
0.0035274960 0.0000000000
0.0035663741 0.0000000000
0.0031887328 0.0000000000
0.0070566470 0.0000000000
0.0031864976 0.0000000000
0.0065063252 0.0000000000
0.0080454582 0.0000000000
0.0199664421 0.0000000000
0.0067731449 0.0000000000
0.0064116605 0.0000000000
0.0054932637 0.0000000000
0.0071123526 0.0000000000
0.0030910170 0.0000000000
0.0058323629 0.0000000000
0.0071099075 0.0000000000
0.0158101246 0.0000000000
0.0061579440 0.0000000000
0.0065014088 0.0000000000
0.0070566791 0.0000000000
0.0147513347 0.0000000000
0.0077506029 0.0000000000
0.0160951484 0.0000000000
0.0223463159 0.0000000000
0.0348807611 0.0000000000
0.0111831138 0.0000000000
0.0103055388 0.0000000000
0.0077552577 0.0000000000
0.0101708695 0.0000000000
0.0038326613 0.0000000000
0.0067663258 0.0000000000
0.0070266537 0.0000000000
0.0103077535 0.0000000000
0.0035677811 0.0000000000
0.0035284047 0.0000000000
0.0031889337 0.0000000000
0.0067670965 0.0000000000
0.0030909441 0.0000000000
0.0061573051 0.0000000000
0.0077513065 0.0000000000
0.0111752898 0.0000000000
0.0038307023 0.0000000000
0.0035658916 0.0000000000
0.0030906526 0.0000000000
0.0038309356 0.0000000000
0.0016801216 0.0000000000
0.0030930820 0.0000000000
0.0038309295 0.0000000000
0.0077514797 0.0000000000
0.0030897185 0.0000000000
0.0031884334 0.0000000000
0.0035652488 0.0000000000
0.0070275981 0.0000000000
0.0038285074 0.0000000000
0.0077597597 0.0000000000
0.0111745708 0.0000000000
0.0223530494 0.0000000000
0.0077595958 0.0000000000
0.0070575373 0.0000000000
0.0061619608 0.0000000000
0.0071141133 0.0000000000
0.0030908524 0.0000000000
0.0054875892 0.0000000000
0.0067590112 0.0000000000
0.0080454089 0.0000000000
0.0031893242 0.0000000000
0.0031887600 0.0000000000
0.0035302807 0.0000000000
0.0065015783 0.0000000000
0.0035654907 0.0000000000
0.0070546116 0.0000000000
0.0103036612 0.0000000000
0.0182172246 0.0000000000
0.0070272782 0.0000000000
0.0065006996 0.0000000000
0.0067649153 0.0000000000
0.0073726159 0.0000000000
0.0038309922 0.0000000000
0.0071118292 0.0000000000
0.0101661850 0.0000000000
0.0171269178 0.0000000000
0.0077485186 0.0000000000
0.0080432724 0.0000000000
0.0103045395 0.0000000000
0.0182185639 0.0000000000
0.0111734774 0.0000000000
0.0223462582 0.0000000000
0.0348689631 0.0000000000
0.0665453523 0.0000000000
0.0223489311 0.0000000000
0.0199629422 0.0000000000
0.0160947815 0.0000000000
0.0194613505 0.0000000000
0.0077510644 0.0000000000
0.0132733751 0.0000000000
0.0147492690 0.0000000000
0.0194645636 0.0000000000
0.0070575504 0.0000000000
0.0067679686 0.0000000000
0.0065030949 0.0000000000
0.0127645470 0.0000000000
0.0061579286 0.0000000000
0.0118780183 0.0000000000
0.0158092380 0.0000000000
0.0199721828 0.0000000000
0.0071172658 0.0000000000
0.0064149685 0.0000000000
0.0058387858 0.0000000000
0.0067661102 0.0000000000
0.0030892177 0.0000000000
0.0054957126 0.0000000000
0.0071128919 0.0000000000
0.0132728117 0.0000000000
0.0055006878 0.0000000000
0.0054877922 0.0000000000
0.0064142542 0.0000000000
0.0118722366 0.0000000000
0.0067660906 0.0000000000
0.0132587394 0.0000000000
0.0199605133 0.0000000000
0.0223498270 0.0000000000
0.0080452990 0.0000000000
0.0071145087 0.0000000000
0.0065028672 0.0000000000
0.0070601236 0.0000000000
0.0031896052 0.0000000000
0.0054942598 0.0000000000
0.0070592482 0.0000000000
0.0077513959 0.0000000000
0.0031855600 0.0000000000
0.0030930850 0.0000000000
0.0035661417 0.0000000000
0.0061583249 0.0000000000
0.0035269717 0.0000000000
0.0067741708 0.0000000000
0.0103078922 0.0000000000
0.0160944816 0.0000000000
0.0065082330 0.0000000000
0.0058314204 0.0000000000
0.0064156870 0.0000000000
0.0065007159 0.0000000000
0.0035660693 0.0000000000
0.0064111510 0.0000000000
0.0096390136 0.0000000000
0.0147510041 0.0000000000
0.0070568104 0.0000000000
0.0071109678 0.0000000000
0.0096414611 0.0000000000
0.0158079956 0.0000000000
0.0103036519 0.0000000000
0.0199600756 0.0000000000
0.0327475630 0.0000000000
0.0495975390 0.0000000000
0.0182130877 0.0000000000
0.0158153195 0.0000000000
0.0147485705 0.0000000000
0.0153937126 0.0000000000
0.0070280852 0.0000000000
0.0118764630 0.0000000000
0.0153894471 0.0000000000
0.0158183519 0.0000000000
0.0065077790 0.0000000000
0.0061583831 0.0000000000
0.0070593455 0.0000000000
0.0118737677 0.0000000000
0.0067716697 0.0000000000
0.0127470847 0.0000000000
0.0194617081 0.0000000000
0.0182156581 0.0000000000
0.0073689362 0.0000000000
0.0065051303 0.0000000000
0.0071138237 0.0000000000
0.0070271511 0.0000000000
0.0038290019 0.0000000000
0.0067746118 0.0000000000
0.0101694930 0.0000000000
0.0147497253 0.0000000000
0.0071162465 0.0000000000
0.0070539769 0.0000000000
0.0096407533 0.0000000000
0.0153889023 0.0000000000
0.0101664765 0.0000000000
0.0194613989 0.0000000000
0.0323282368 0.0000000000
0.0425633863 0.0000000000
0.0171312150 0.0000000000
0.0147593776 0.0000000000
0.0158093832 0.0000000000
0.0147587089 0.0000000000
0.0077587306 0.0000000000
0.0132564511 0.0000000000
0.0194603149 0.0000000000
0.0171315148 0.0000000000
0.0080443984 0.0000000000
0.0077596107 0.0000000000
0.0103088962 0.0000000000
0.0158074684 0.0000000000
0.0103080906 0.0000000000
0.0194618236 0.0000000000
0.0322424546 0.0000000000
0.0405766889 0.0000000000
0.0182135906 0.0000000000
0.0160906967 0.0000000000
0.0199618023 0.0000000000
0.0182149541 0.0000000000
0.0111757955 0.0000000000
0.0199621990 0.0000000000
0.0323283635 0.0000000000
0.0425610878 0.0000000000
0.0223444719 0.0000000000
0.0223441087 0.0000000000
0.0327467918 0.0000000000
0.0495947376 0.0000000000
0.0348720364 0.0000000000
0.0665211678 0.0000000000
0.1143257469 0.0000000000
0.1143609509 0.0000000000
0.0665408447 0.0000000000
0.0348813199 0.0000000000
0.0496052094 0.0000000000
0.0327554420 0.0000000000
0.0223488826 0.0000000000
0.0223481730 0.0000000000
0.0425650664 0.0000000000
0.0323369913 0.0000000000
0.0199667569 0.0000000000
0.0111778826 0.0000000000
0.0182168223 0.0000000000
0.0199651066 0.0000000000
0.0160919838 0.0000000000
0.0182142593 0.0000000000
0.0405751690 0.0000000000
0.0322512239 0.0000000000
0.0194667224 0.0000000000
0.0103103230 0.0000000000
0.0158097409 0.0000000000
0.0103110662 0.0000000000
0.0077604936 0.0000000000
0.0080448752 0.0000000000
0.0171314012 0.0000000000
0.0194640253 0.0000000000
0.0132580930 0.0000000000
0.0077591892 0.0000000000
0.0147584658 0.0000000000
0.0158101320 0.0000000000
0.0147588616 0.0000000000
0.0171300303 0.0000000000
0.0425581820 0.0000000000
0.0323360935 0.0000000000
0.0194667578 0.0000000000
0.0101685040 0.0000000000
0.0153915593 0.0000000000
0.0096426662 0.0000000000
0.0070551755 0.0000000000
0.0071170037 0.0000000000
0.0147501575 0.0000000000
0.0101714842 0.0000000000
0.0067757363 0.0000000000
0.0038294303 0.0000000000
0.0070271622 0.0000000000
0.0071145431 0.0000000000
0.0065050046 0.0000000000
0.0073688542 0.0000000000
0.0182132516 0.0000000000
0.0194655526 0.0000000000
0.0127493525 0.0000000000
0.0067725205 0.0000000000
0.0118740993 0.0000000000
0.0070601329 0.0000000000
0.0061584269 0.0000000000
0.0065079005 0.0000000000
0.0158162806 0.0000000000
0.0153911579 0.0000000000
0.0118766809 0.0000000000
0.0070282328 0.0000000000
0.0153915426 0.0000000000
0.0147488508 0.0000000000
0.0158130620 0.0000000000
0.0182117876 0.0000000000
0.0495864898 0.0000000000
0.0327535942 0.0000000000
0.0199635569 0.0000000000
0.0103056831 0.0000000000
0.0158094857 0.0000000000
0.0096431738 0.0000000000
0.0071115731 0.0000000000
0.0070580854 0.0000000000
0.0147505542 0.0000000000
0.0096407421 0.0000000000
0.0064117112 0.0000000000
0.0035666681 0.0000000000
0.0065003922 0.0000000000
0.0064166719 0.0000000000
0.0058309794 0.0000000000
0.0065090293 0.0000000000
0.0160915423 0.0000000000
0.0103098340 0.0000000000
0.0067746183 0.0000000000
0.0035275684 0.0000000000
0.0061580581 0.0000000000
0.0035667019 0.0000000000
0.0030928338 0.0000000000
0.0031858687 0.0000000000
0.0077499575 0.0000000000
0.0070604556 0.0000000000
0.0054938048 0.0000000000
0.0031899018 0.0000000000
0.0070586293 0.0000000000
0.0065034623 0.0000000000
0.0071128933 0.0000000000
0.0080455206 0.0000000000
0.0223433059 0.0000000000
0.0199636184 0.0000000000
0.0132578611 0.0000000000
0.0067665935 0.0000000000
0.0118707167 0.0000000000
0.0064146705 0.0000000000
0.0054870080 0.0000000000
0.0055003087 0.0000000000
0.0132699963 0.0000000000
0.0071133249 0.0000000000
0.0054948009 0.0000000000
0.0030889609 0.0000000000
0.0067644631 0.0000000000
0.0058380826 0.0000000000
0.0064132116 0.0000000000
0.0071156002 0.0000000000
0.0199661944 0.0000000000
0.0158099700 0.0000000000
0.0118757067 0.0000000000
0.0061574471 0.0000000000
0.0127615789 0.0000000000
0.0065022879 0.0000000000
0.0067661563 0.0000000000
0.0070559983 0.0000000000
0.0194588155 0.0000000000
0.0147478562 0.0000000000
0.0132696750 0.0000000000
0.0077494397 0.0000000000
0.0194553304 0.0000000000
0.0160907973 0.0000000000
0.0199562013 0.0000000000
0.0223417338 0.0000000000
0.0665230453 0.0000000000
0.0348806977 0.0000000000
0.0223531593 0.0000000000
0.0111768609 0.0000000000
0.0182222575 0.0000000000
0.0103075569 0.0000000000
0.0080446480 0.0000000000
0.0077500604 0.0000000000
0.0171270519 0.0000000000
0.0101693207 0.0000000000
0.0071132095 0.0000000000
0.0038318851 0.0000000000
0.0073726918 0.0000000000
0.0067664455 0.0000000000
0.0065004742 0.0000000000
0.0070278565 0.0000000000
0.0182139613 0.0000000000
0.0103072599 0.0000000000
0.0070560318 0.0000000000
0.0035664262 0.0000000000
0.0065017506 0.0000000000
0.0035312462 0.0000000000
0.0031886520 0.0000000000
0.0031894771 0.0000000000
0.0080438023 0.0000000000
0.0067609376 0.0000000000
0.0054874946 0.0000000000
0.0030910682 0.0000000000
0.0071125538 0.0000000000
0.0061628232 0.0000000000
0.0070559029 0.0000000000
0.0077590193 0.0000000000
0.0223453082 0.0000000000
0.0111821005 0.0000000000
0.0077602100 0.0000000000
0.0038300017 0.0000000000
0.0070271171 0.0000000000
0.0035668423 0.0000000000
0.0031882243 0.0000000000
0.0030897099 0.0000000000
0.0077500548 0.0000000000
0.0038325691 0.0000000000
0.0030928929 0.0000000000
0.0016801379 0.0000000000
0.0038302797 0.0000000000
0.0030907390 0.0000000000
0.0035652060 0.0000000000
0.0038293262 0.0000000000
0.0111726262 0.0000000000
0.0077548223 0.0000000000
0.0061568576 0.0000000000
0.0030910929 0.0000000000
0.0067660115 0.0000000000
0.0031891130 0.0000000000
0.0035277787 0.0000000000
0.0035663929 0.0000000000
0.0103054624 0.0000000000
0.0070270500 0.0000000000
0.0067650829 0.0000000000
0.0038313041 0.0000000000
0.0101686083 0.0000000000
0.0077527501 0.0000000000
0.0103030456 0.0000000000
0.0111763431 0.0000000000
0.0348722562 0.0000000000
0.0223545115 0.0000000000
0.0160964765 0.0000000000
0.0077520167 0.0000000000
0.0147514194 0.0000000000
0.0070581818 0.0000000000
0.0065012588 0.0000000000
0.0061574425 0.0000000000
0.0158083253 0.0000000000
0.0071114814 0.0000000000
0.0058322945 0.0000000000
0.0030909325 0.0000000000
0.0071115014 0.0000000000
0.0054930183 0.0000000000
0.0064106695 0.0000000000
0.0067712250 0.0000000000
0.0199622512 0.0000000000
0.0080471104 0.0000000000
0.0065064058 0.0000000000
0.0031865612 0.0000000000
0.0070558945 0.0000000000
0.0031887386 0.0000000000
0.0035658700 0.0000000000
0.0035266932 0.0000000000
0.0103037199 0.0000000000
0.0065019596 0.0000000000
0.0064136758 0.0000000000
0.0035657869 0.0000000000
0.0096409461 0.0000000000
0.0070579411 0.0000000000
0.0096375290 0.0000000000
0.0103077181 0.0000000000
0.0327488817 0.0000000000
0.0182203148 0.0000000000
0.0147604495 0.0000000000
0.0070242872 0.0000000000
0.0153881628 0.0000000000
0.0065015722 0.0000000000
0.0070560323 0.0000000000
0.0067673889 0.0000000000
0.0194610562 0.0000000000
0.0073713139 0.0000000000
0.0071142032 0.0000000000
0.0038289030 0.0000000000
0.0101645151 0.0000000000
0.0071125319 0.0000000000
0.0096374173 0.0000000000
0.0101675801 0.0000000000
0.0323249251 0.0000000000
0.0171349254 0.0000000000
0.0158130992 0.0000000000
0.0077513075 0.0000000000
0.0194586869 0.0000000000
0.0080445688 0.0000000000
0.0103039108 0.0000000000
0.0103046438 0.0000000000
0.0322363451 0.0000000000
0.0182168689 0.0000000000
0.0199570376 0.0000000000
0.0111757042 0.0000000000
0.0323256925 0.0000000000
0.0223444048 0.0000000000
0.0327329673 0.0000000000
0.0348756872 0.0000000000
0.1143345982 0.0000000000
0.0665385053 0.0000000000
0.0496028140 0.0000000000
0.0223475136 0.0000000000
0.0425538048 0.0000000000
0.0199653357 0.0000000000
0.0182211995 0.0000000000
0.0160935279 0.0000000000
0.0405850708 0.0000000000
0.0194684099 0.0000000000
0.0158091150 0.0000000000
0.0077554258 0.0000000000
0.0171278026 0.0000000000
0.0132660642 0.0000000000
0.0147504117 0.0000000000
0.0147478497 0.0000000000
0.0425583012 0.0000000000
0.0194647536 0.0000000000
0.0153906178 0.0000000000
0.0070601786 0.0000000000
0.0147473272 0.0000000000
0.0067646201 0.0000000000
0.0070282924 0.0000000000
0.0065029780 0.0000000000
0.0182160437 0.0000000000
0.0127716269 0.0000000000
0.0118705509 0.0000000000
0.0061631305 0.0000000000
0.0158068985 0.0000000000
0.0118602077 0.0000000000
0.0153882010 0.0000000000
0.0158081315 0.0000000000
0.0495898537 0.0000000000
0.0199650377 0.0000000000
0.0158088505 0.0000000000
0.0071132048 0.0000000000
0.0147471549 0.0000000000
0.0064167921 0.0000000000
0.0065011475 0.0000000000
0.0058389893 0.0000000000
0.0160917677 0.0000000000
0.0067682285 0.0000000000
0.0061581712 0.0000000000
0.0030907725 0.0000000000
0.0077514648 0.0000000000
0.0054947576 0.0000000000
0.0070553203 0.0000000000
0.0071138162 0.0000000000
0.0223437957 0.0000000000
0.0132668288 0.0000000000
0.0118729584 0.0000000000
0.0054939720 0.0000000000
0.0132621275 0.0000000000
0.0054939925 0.0000000000
0.0067664301 0.0000000000
0.0064162184 0.0000000000
0.0199582931 0.0000000000
0.0118696745 0.0000000000
0.0127617391 0.0000000000
0.0067661130 0.0000000000
0.0194575824 0.0000000000
0.0132636540 0.0000000000
0.0194579046 0.0000000000
0.0199611392 0.0000000000
0.0665248334 0.0000000000
0.0223516654 0.0000000000
0.0182209164 0.0000000000
0.0080445753 0.0000000000
0.0171289332 0.0000000000
0.0071136747 0.0000000000
0.0073735551 0.0000000000
0.0065013543 0.0000000000
0.0182182956 0.0000000000
0.0070593082 0.0000000000
0.0065013389 0.0000000000
0.0031890403 0.0000000000
0.0080427639 0.0000000000
0.0054933499 0.0000000000
0.0071116341 0.0000000000
0.0070576263 0.0000000000
0.0223424137 0.0000000000
0.0077543189 0.0000000000
0.0070283450 0.0000000000
0.0031885819 0.0000000000
0.0077518527 0.0000000000
0.0030892757 0.0000000000
0.0038310185 0.0000000000
0.0035654290 0.0000000000
0.0111763515 0.0000000000
0.0061629401 0.0000000000
0.0067648869 0.0000000000
0.0035305091 0.0000000000
0.0103045767 0.0000000000
0.0067623775 0.0000000000
0.0101647070 0.0000000000
0.0103069479 0.0000000000
0.0348707885 0.0000000000
0.0160936434 0.0000000000
0.0147591094 0.0000000000
0.0065013124 0.0000000000
0.0158073138 0.0000000000
0.0058345604 0.0000000000
0.0071120677 0.0000000000
0.0064150500 0.0000000000
0.0199547037 0.0000000000
0.0065037571 0.0000000000
0.0070592933 0.0000000000
0.0035655692 0.0000000000
0.0103042703 0.0000000000
0.0064157569 0.0000000000
0.0096402718 0.0000000000
0.0096409395 0.0000000000
0.0327404775 0.0000000000
0.0147494366 0.0000000000
0.0153914271 0.0000000000
0.0070568258 0.0000000000
0.0194576941 0.0000000000
0.0071120909 0.0000000000
0.0101686073 0.0000000000
0.0096415849 0.0000000000
0.0323270783 0.0000000000
0.0158075169 0.0000000000
0.0194559842 0.0000000000
0.0103057204 0.0000000000
0.0322343260 0.0000000000
0.0199594479 0.0000000000
0.0323242992 0.0000000000
0.0327467583 0.0000000000
0.1143260151 0.0000000000
0.0496030338 0.0000000000
0.0425658748 0.0000000000
0.0182199702 0.0000000000
0.0405880399 0.0000000000
0.0158110857 0.0000000000
0.0171287488 0.0000000000
0.0147472667 0.0000000000
0.0425521433 0.0000000000
0.0153910248 0.0000000000
0.0147499321 0.0000000000
0.0070300722 0.0000000000
0.0182200149 0.0000000000
0.0118700163 0.0000000000
0.0158092156 0.0000000000
0.0153883463 0.0000000000
0.0495946370 0.0000000000
0.0158114769 0.0000000000
0.0147494152 0.0000000000
0.0065035834 0.0000000000
0.0160931740 0.0000000000
0.0061633829 0.0000000000
0.0077511575 0.0000000000
0.0070592598 0.0000000000
0.0223433804 0.0000000000
0.0118602216 0.0000000000
0.0132699674 0.0000000000
0.0067613944 0.0000000000
0.0199567582 0.0000000000
0.0127697801 0.0000000000
0.0194612369 0.0000000000
0.0194608476 0.0000000000
0.0665266663 0.0000000000
0.0182155538 0.0000000000
0.0171334669 0.0000000000
0.0073700757 0.0000000000
0.0182168856 0.0000000000
0.0065032737 0.0000000000
0.0080445996 0.0000000000
0.0071126260 0.0000000000
0.0223435648 0.0000000000
0.0070274537 0.0000000000
0.0077506546 0.0000000000
0.0038313475 0.0000000000
0.0111766513 0.0000000000
0.0067674089 0.0000000000
0.0103040291 0.0000000000
0.0101687126 0.0000000000
0.0348719545 0.0000000000
0.0147508224 0.0000000000
0.0158163290 0.0000000000
0.0071109673 0.0000000000
0.0199596509 0.0000000000
0.0070588593 0.0000000000
0.0103059541 0.0000000000
0.0096395947 0.0000000000
0.0327384174 0.0000000000
0.0153888920 0.0000000000
0.0194597729 0.0000000000
0.0101675326 0.0000000000
0.0323291011 0.0000000000
0.0194656830 0.0000000000
0.0322367288 0.0000000000
0.0323282704 0.0000000000
0.1143310368 0.0000000000
0.0425667241 0.0000000000
0.0405743569 0.0000000000
0.0171332508 0.0000000000
0.0425604470 0.0000000000
0.0147501510 0.0000000000
0.0182155631 0.0000000000
0.0158078112 0.0000000000
0.0495949425 0.0000000000
0.0147494609 0.0000000000
0.0160901789 0.0000000000
0.0077547585 0.0000000000
0.0223438051 0.0000000000
0.0132651320 0.0000000000
0.0199628007 0.0000000000
0.0194625966 0.0000000000
0.0665232763 0.0000000000
0.0171329770 0.0000000000
0.0182137266 0.0000000000
0.0080455597 0.0000000000
0.0223443974 0.0000000000
0.0077531342 0.0000000000
0.0111735389 0.0000000000
0.0103069358 0.0000000000
0.0348713063 0.0000000000
0.0158099420 0.0000000000
0.0199659374 0.0000000000
0.0103057921 0.0000000000
0.0327420160 0.0000000000
0.0194607396 0.0000000000
0.0323245563 0.0000000000
0.0322421901 0.0000000000
0.1143262237 0.0000000000
0.0405753106 0.0000000000
0.0425594747 0.0000000000
0.0182145033 0.0000000000
0.0495929979 0.0000000000
0.0160895400 0.0000000000
0.0223454330 0.0000000000
0.0199621022 0.0000000000
0.0665269941 0.0000000000
0.0182141196 0.0000000000
0.0223447457 0.0000000000
0.0111753354 0.0000000000
0.0348712392 0.0000000000
0.0199606605 0.0000000000
0.0327481292 0.0000000000
0.0323273875 0.0000000000
0.1143268421 0.0000000000
0.0425631292 0.0000000000
0.0495880619 0.0000000000
0.0223463140 0.0000000000
0.0665286630 0.0000000000
0.0223446786 0.0000000000
0.0348719545 0.0000000000
0.0327467658 0.0000000000
0.1143298522 0.0000000000
0.0495914705 0.0000000000
0.0665266067 0.0000000000
0.0348713398 0.0000000000
0.1143311113 0.0000000000
0.0665237606 0.0000000000
0.1143335998 0.0000000000
0.1143227592 0.0000000000
0.4105111361 0.0000000000
