4.105842758102891121e-01
1.143438795098282168e-01
1.143438795098285499e-01
6.653403579713951244e-02
1.143438795098282723e-01
3.487427243589810710e-02
6.653403579713967897e-02
4.959673447246909506e-02
1.143438795098279948e-01
3.275020458253566358e-02
3.487427243589921733e-02
2.234609479817711852e-02
6.653403579713881855e-02
2.234609479817739608e-02
4.959673447246976813e-02
4.256516662792794725e-02
1.143438795098283001e-01
3.233229281455411025e-02
3.275020458253585093e-02
1.996253749554960377e-02
3.487427243589865528e-02
1.117688990050134945e-02
2.234609479817762506e-02
1.821449749328788240e-02
6.653403579713930427e-02
1.996253749554954479e-02
2.234609479817761465e-02
1.609042963992502948e-02
4.959673447246965017e-02
1.821449749328790321e-02
4.256516662792816236e-02
4.057528546303956068e-02
1.143438795098283139e-01
3.224663773322831301e-02
3.233229281455417270e-02
1.946435780335407928e-02
3.275020458253576766e-02
1.030794520527156949e-02
1.996253749554962112e-02
1.580848092311938971e-02
3.487427243589863446e-02
1.030794520527161286e-02
1.117688990050142231e-02
7.754268502270790855e-03
2.234609479817752098e-02
8.045892223158022244e-03
1.821449749328793444e-02
1.713288960976288439e-02
6.653403579713935978e-02
1.946435780335407234e-02
1.996253749554960724e-02
1.326650130177491581e-02
2.234609479817759384e-02
7.754268502270810805e-03
1.609042963992507111e-02
1.474933230713490646e-02
4.959673447246968486e-02
1.580848092311945216e-02
1.821449749328794138e-02
1.474933230713490473e-02
4.256516662792814154e-02
1.713288960976290520e-02
4.057528546303960926e-02
4.256516662792813460e-02
1.143438795098283417e-01
3.233229281455411025e-02
3.224663773322838933e-02
1.946435780335407234e-02
3.233229281455410331e-02
1.016941218880937706e-02
1.946435780335410703e-02
1.539056915513769587e-02
3.275020458253577460e-02
9.643489197041089922e-03
1.030794520527163714e-02
7.058590461716075966e-03
1.996253749554953438e-02
7.113184000878716197e-03
1.580848092311945910e-02
1.474933230713496198e-02
3.487427243589868303e-02
1.016941218880942736e-02
1.030794520527163714e-02
6.766966740828887945e-03
1.117688990050140149e-02
3.832039544142122611e-03
7.754268502270825550e-03
7.028565467895815481e-03
2.234609479817758343e-02
7.113184000878725738e-03
8.045892223158043061e-03
6.502642476127496254e-03
1.821449749328793097e-02
7.370679380697113363e-03
1.713288960976291908e-02
1.821449749328788587e-02
6.653403579713937366e-02
1.946435780335407234e-02
1.946435780335408969e-02
1.276293445246742472e-02
1.996253749554958989e-02
6.766966740828878404e-03
1.326650130177492448e-02
1.186759531231145609e-02
2.234609479817758343e-02
7.058590461716112395e-03
7.754268502270822080e-03
6.159620772666049397e-03
1.609042963992504335e-02
6.502642476127488448e-03
1.474933230713492034e-02
1.580848092311940706e-02
4.959673447246970568e-02
1.539056915513776873e-02
1.580848092311945910e-02
1.186759531231147170e-02
1.821449749328794832e-02
7.028565467895828492e-03
1.474933230713492728e-02
1.539056915513773750e-02
4.256516662792815542e-02
1.474933230713498800e-02
1.713288960976291561e-02
1.580848092311941053e-02
4.057528546303963701e-02
1.821449749328789627e-02
4.256516662792816236e-02
4.959673447246969180e-02
1.143438795098283278e-01
3.275020458253577460e-02
3.233229281455416576e-02
1.996253749554961071e-02
3.224663773322831301e-02
1.030794520527157643e-02
1.946435780335411050e-02
1.580848092311938971e-02
3.233229281455408943e-02
9.643489197041091657e-03
1.016941218880945685e-02
7.113184000878702319e-03
1.946435780335402377e-02
7.058590461716084639e-03
1.539056915513776873e-02
1.474933230713496024e-02
3.275020458253580236e-02
9.643489197041110739e-03
9.643489197041114208e-03
6.417505960323990899e-03
1.030794520527162847e-02
3.566822736863941700e-03
7.058590461716121936e-03
6.502642476127452019e-03
1.996253749554958296e-02
6.417505960323983960e-03
7.113184000878735279e-03
5.837278677236778374e-03
1.580848092311944522e-02
6.502642476127456356e-03
1.474933230713498800e-02
1.609042963992512662e-02
3.487427243589866221e-02
1.030794520527162327e-02
1.016941218880944298e-02
6.766966740828895752e-03
1.030794520527162673e-02
3.529869139884176873e-03
6.766966740828897486e-03
6.159620772665997356e-03
1.117688990050140496e-02
3.566822736863942134e-03
3.832039544142136489e-03
3.091128679621878584e-03
7.754268502270808203e-03
3.189309795583929880e-03
7.028565467895823288e-03
7.754268502270804733e-03
2.234609479817759384e-02
7.058590461716115864e-03
7.113184000878736146e-03
5.495164764435492635e-03
8.045892223158044795e-03
3.189309795583940722e-03
6.502642476127501459e-03
7.058590461716072496e-03
1.821449749328794485e-02
6.502642476127460693e-03
7.370679380697110761e-03
7.113184000878682370e-03
1.713288960976291561e-02
8.045892223158003162e-03
1.821449749328788587e-02
2.234609479817754180e-02
6.653403579713935978e-02
1.996253749554959336e-02
1.946435780335408275e-02
1.326650130177491928e-02
1.946435780335407234e-02
6.766966740828885343e-03
1.276293445246743860e-02
1.186759531231146823e-02
1.996253749554957949e-02
6.417505960323985695e-03
6.766966740828900088e-03
5.495164764435487431e-03
1.326650130177491234e-02
5.495164764435490033e-03
1.186759531231147517e-02
1.326650130177495397e-02
2.234609479817759384e-02
7.113184000878731809e-03
7.058590461716121936e-03
5.495164764435493503e-03
7.754268502270818611e-03
3.091128679621882053e-03
6.159620772666053734e-03
6.766966740828886211e-03
1.609042963992506070e-02
5.837278677236780108e-03
6.502642476127503193e-03
6.417505960323983093e-03
1.474933230713491340e-02
7.113184000878684105e-03
1.580848092311942094e-02
1.996253749554961765e-02
4.959673447246971262e-02
1.580848092311945910e-02
1.539056915513776699e-02
1.186759531231147517e-02
1.580848092311946257e-02
6.159620772666008631e-03
1.186759531231147691e-02
1.276293445246748717e-02
1.821449749328794485e-02
6.502642476127466764e-03
7.028565467895833696e-03
6.766966740828883609e-03
1.474933230713491514e-02
7.058590461716068160e-03
1.539056915513773577e-02
1.946435780335408969e-02
4.256516662792817624e-02
1.474933230713499840e-02
1.474933230713499320e-02
1.326650130177496265e-02
1.713288960976291908e-02
7.754268502270816009e-03
1.580848092311942094e-02
1.946435780335409663e-02
4.057528546303960926e-02
1.609042963992514050e-02
1.821449749328789627e-02
1.996253749554962112e-02
4.256516662792816930e-02
2.234609479817754180e-02
4.959673447246968486e-02
6.653403579713935978e-02
1.143438795098283139e-01
3.487427243589864834e-02
3.275020458253584399e-02
2.234609479817761118e-02
3.233229281455410331e-02
1.117688990050134598e-02
1.996253749554961418e-02
1.821449749328787893e-02
3.224663773322829913e-02
1.030794520527160939e-02
1.030794520527164061e-02
8.045892223158020509e-03
1.946435780335401683e-02
7.754268502270770906e-03
1.580848092311946257e-02
1.713288960976289133e-02
3.233229281455410331e-02
1.016941218880942910e-02
9.643489197041117678e-03
7.113184000878732677e-03
1.016941218880942736e-02
3.832039544142125647e-03
7.113184000878732677e-03
7.370679380697106424e-03
1.946435780335406193e-02
6.766966740828881006e-03
7.058590461716119334e-03
6.502642476127495387e-03
1.539056915513775659e-02
7.028565467895820686e-03
1.474933230713499840e-02
1.821449749328789280e-02
3.275020458253579542e-02
1.030794520527162153e-02
9.643489197041119412e-03
7.058590461716118467e-03
9.643489197041110739e-03
3.566822736863936930e-03
6.417505960323990032e-03
6.502642476127451152e-03
1.030794520527162500e-02
3.529869139884186414e-03
3.566822736863948639e-03
3.189309795583935517e-03
7.058590461716101119e-03
3.189309795583930747e-03
6.502642476127465029e-03
8.045892223157997958e-03
1.996253749554958296e-02
6.766966740828888813e-03
6.417505960323989164e-03
5.495164764435492635e-03
7.113184000878730942e-03
3.091128679621877717e-03
5.837278677236784445e-03
7.113184000878683237e-03
1.580848092311945563e-02
6.159620772666012101e-03
6.502642476127465029e-03
7.058590461716068160e-03
1.474933230713498973e-02
7.754268502270813407e-03
1.609042963992513356e-02
2.234609479817753139e-02
3.487427243589868303e-02
1.117688990050139802e-02
1.030794520527163888e-02
7.754268502270819478e-03
1.016941218880943604e-02
3.832039544142125213e-03
6.766966740828895752e-03
7.028565467895817216e-03
1.030794520527162673e-02
3.566822736863946904e-03
3.529869139884190318e-03
3.189309795583933783e-03
6.766966740828882741e-03
3.091128679621879018e-03
6.159620772666013835e-03
7.754268502270809937e-03
1.117688990050141190e-02
3.832039544142141260e-03
3.566822736863949073e-03
3.091128679621877717e-03
3.832039544142137790e-03
1.681832468230162183e-03
3.091128679621879885e-03
3.832039544142123479e-03
7.754268502270818611e-03
3.091128679621880752e-03
3.189309795583936385e-03
3.566822736863934327e-03
7.028565467895823288e-03
3.832039544142124346e-03
7.754268502270813407e-03
1.117688990050142578e-02
2.234609479817759384e-02
7.754268502270822080e-03
7.058590461716117599e-03
6.159620772666048530e-03
7.113184000878732677e-03
3.091128679621876849e-03
5.495164764435496105e-03
6.766966740828886211e-03
8.045892223158044795e-03
3.189309795583935517e-03
3.189309795583933783e-03
3.529869139884165598e-03
6.502642476127494520e-03
3.566822736863936062e-03
7.058590461716072496e-03
1.030794520527161459e-02
1.821449749328794485e-02
7.028565467895827625e-03
6.502642476127463295e-03
6.766966740828885343e-03
7.370679380697119434e-03
3.832039544142120443e-03
7.113184000878685839e-03
1.016941218880941522e-02
1.713288960976291908e-02
7.754268502270817744e-03
8.045892223158010101e-03
1.030794520527161286e-02
1.821449749328790321e-02
1.117688990050141710e-02
2.234609479817754527e-02
3.487427243589865528e-02
6.653403579713937366e-02
2.234609479817759037e-02
1.996253749554961071e-02
1.609042963992507458e-02
1.946435780335405846e-02
7.754268502270808203e-03
1.326650130177492795e-02
1.474933230713490820e-02
1.946435780335406887e-02
7.058590461716113262e-03
6.766966740828894884e-03
6.502642476127501459e-03
1.276293445246742125e-02
6.159620772666036387e-03
1.186759531231147517e-02
1.580848092311941747e-02
1.996253749554959336e-02
7.113184000878731809e-03
6.417505960323990032e-03
5.837278677236789649e-03
6.766966740828888813e-03
3.091128679621877717e-03
5.495164764435493503e-03
7.113184000878687574e-03
1.326650130177491754e-02
5.495164764435493503e-03
5.495164764435491768e-03
6.417505960323983960e-03
1.186759531231147517e-02
6.766966740828887945e-03
1.326650130177496438e-02
1.996253749554961765e-02
2.234609479817759384e-02
8.045892223158044795e-03
7.113184000878739616e-03
6.502642476127497989e-03
7.058590461716115864e-03
3.189309795583938987e-03
5.495164764435494370e-03
7.058590461716069894e-03
7.754268502270818611e-03
3.189309795583937686e-03
3.091128679621881620e-03
3.566822736863939965e-03
6.159620772666043326e-03
3.529869139884176440e-03
6.766966740828883609e-03
1.030794520527161112e-02
1.609042963992507111e-02
6.502642476127496254e-03
5.837278677236784445e-03
6.417505960323983960e-03
6.502642476127501459e-03
3.566822736863939098e-03
6.417505960323987430e-03
9.643489197041055228e-03
1.474933230713492555e-02
7.058590461716072496e-03
7.113184000878690176e-03
9.643489197041053493e-03
1.580848092311942094e-02
1.030794520527161633e-02
1.996253749554961418e-02
3.275020458253591338e-02
4.959673447246972650e-02
1.821449749328795872e-02
1.580848092311946604e-02
1.474933230713492555e-02
1.539056915513776699e-02
7.028565467895830227e-03
1.186759531231147517e-02
1.539056915513774097e-02
1.580848092311945563e-02
6.502642476127465029e-03
6.159620772666018172e-03
7.058590461716075098e-03
1.186759531231147170e-02
6.766966740828886211e-03
1.276293445246749411e-02
1.946435780335410010e-02
1.821449749328794485e-02
7.370679380697119434e-03
6.502642476127466764e-03
7.113184000878690176e-03
7.028565467895828492e-03
3.832039544142121310e-03
6.766966740828891415e-03
1.016941218880942042e-02
1.474933230713491861e-02
7.113184000878696248e-03
7.058590461716070762e-03
9.643489197041056962e-03
1.539056915513773924e-02
1.016941218880941869e-02
1.946435780335410010e-02
3.233229281455421433e-02
4.256516662792816236e-02
1.713288960976293643e-02
1.474933230713499320e-02
1.580848092311942787e-02
1.474933230713499493e-02
7.754268502270817744e-03
1.326650130177495571e-02
1.946435780335410010e-02
1.713288960976291908e-02
8.045892223158003162e-03
7.754268502270816876e-03
1.030794520527161633e-02
1.580848092311941400e-02
1.030794520527161286e-02
1.946435780335409663e-02
3.224663773322841709e-02
4.057528546303960926e-02
1.821449749328789974e-02
1.609042963992513356e-02
1.996253749554962806e-02
1.821449749328789280e-02
1.117688990050142404e-02
1.996253749554961418e-02
3.233229281455422127e-02
4.256516662792819705e-02
2.234609479817755914e-02
2.234609479817754873e-02
3.275020458253592726e-02
4.959673447246969180e-02
3.487427243589866915e-02
6.653403579713933202e-02
1.143438795098285915e-01
1.143438795098283139e-01
6.653403579713937366e-02
3.487427243589871079e-02
4.959673447246970568e-02
3.275020458253577460e-02
2.234609479817750016e-02
2.234609479817762159e-02
4.256516662792803746e-02
3.233229281455406168e-02
1.996253749554953438e-02
1.117688990050141884e-02
1.821449749328791015e-02
1.996253749554952051e-02
1.609042963992499131e-02
1.821449749328793791e-02
4.057528546303951905e-02
3.224663773322835464e-02
1.946435780335406193e-02
1.030794520527163194e-02
1.580848092311945563e-02
1.030794520527162153e-02
7.754268502270806468e-03
8.045892223158050000e-03
1.713288960976291214e-02
1.946435780335406540e-02
1.326650130177490193e-02
7.754268502270825550e-03
1.474933230713491861e-02
1.580848092311944869e-02
1.474933230713491340e-02
1.713288960976290173e-02
4.256516662792815542e-02
3.233229281455410331e-02
1.946435780335406887e-02
1.016941218880944818e-02
1.539056915513776526e-02
9.643489197041110739e-03
7.058590461716101119e-03
7.113184000878735279e-03
1.474933230713496718e-02
1.016941218880943257e-02
6.766966740828881874e-03
3.832039544142139091e-03
7.028565467895817216e-03
7.113184000878719666e-03
6.502642476127487581e-03
7.370679380697110761e-03
1.821449749328786505e-02
1.946435780335407581e-02
1.276293445246742472e-02
6.766966740828893150e-03
1.186759531231147344e-02
7.058590461716114130e-03
6.159620772666044193e-03
6.502642476127497989e-03
1.580848092311940706e-02
1.539056915513776179e-02
1.186759531231146129e-02
7.028565467895827625e-03
1.539056915513772536e-02
1.474933230713498800e-02
1.580848092311940359e-02
1.821449749328788240e-02
4.959673447246963629e-02
3.275020458253580236e-02
1.996253749554958642e-02
1.030794520527163541e-02
1.580848092311945563e-02
9.643489197041110739e-03
7.113184000878717064e-03
7.058590461716120201e-03
1.474933230713497238e-02
9.643489197041107269e-03
6.417505960323983960e-03
3.566822736863948205e-03
6.502642476127454621e-03
6.417505960323979623e-03
5.837278677236772302e-03
6.502642476127460693e-03
1.609042963992511968e-02
1.030794520527163020e-02
6.766966740828887945e-03
3.529869139884190318e-03
6.159620772666012968e-03
3.566822736863950374e-03
3.091128679621874247e-03
3.189309795583933783e-03
7.754268502270806468e-03
7.058590461716110660e-03
5.495164764435489166e-03
3.189309795583935084e-03
7.058590461716062955e-03
6.502642476127459825e-03
7.113184000878688441e-03
8.045892223157999693e-03
2.234609479817752445e-02
1.996253749554958989e-02
1.326650130177489326e-02
6.766966740828894017e-03
1.186759531231147170e-02
6.417505960323989164e-03
5.495164764435488298e-03
5.495164764435492635e-03
1.326650130177495918e-02
7.113184000878730942e-03
5.495164764435490901e-03
3.091128679621876849e-03
6.766966740828882741e-03
5.837278677236780108e-03
6.417505960323980491e-03
7.113184000878680635e-03
1.996253749554960030e-02
1.580848092311945910e-02
1.186759531231146650e-02
6.159620772666017305e-03
1.276293445246749585e-02
6.502642476127464162e-03
6.766966740828885343e-03
7.058590461716066425e-03
1.946435780335408622e-02
1.474933230713499147e-02
1.326650130177494183e-02
7.754268502270814274e-03
1.946435780335408969e-02
1.609042963992513356e-02
1.996253749554959683e-02
2.234609479817754180e-02
6.653403579713931815e-02
3.487427243589866221e-02
2.234609479817757996e-02
1.117688990050141364e-02
1.821449749328794832e-02
1.030794520527162327e-02
8.045892223158029183e-03
7.754268502270821213e-03
1.713288960976290520e-02
1.016941218880942910e-02
7.113184000878725738e-03
3.832039544142135622e-03
7.370679380697110761e-03
6.766966740828884476e-03
6.502642476127486713e-03
7.028565467895826757e-03
1.821449749328787546e-02
1.030794520527163020e-02
7.058590461716120201e-03
3.566822736863950807e-03
6.502642476127465029e-03
3.529869139884183812e-03
3.189309795583931181e-03
3.189309795583937252e-03
8.045892223158001427e-03
6.766966740828888813e-03
5.495164764435490901e-03
3.091128679621876416e-03
7.113184000878688441e-03
6.159620772666012101e-03
7.058590461716064690e-03
7.754268502270813407e-03
2.234609479817753833e-02
1.117688990050140670e-02
7.754268502270820346e-03
3.832039544142136055e-03
7.028565467895827625e-03
3.566822736863946904e-03
3.189309795583932915e-03
3.091128679621875548e-03
7.754268502270809937e-03
3.832039544142137356e-03
3.091128679621879018e-03
1.681832468230187770e-03
3.832039544142120009e-03
3.091128679621872946e-03
3.566822736863935629e-03
3.832039544142126514e-03
1.117688990050142057e-02
7.754268502270822948e-03
6.159620772666056336e-03
3.091128679621876416e-03
6.766966740828886211e-03
3.189309795583938987e-03
3.529869139884181644e-03
3.566822736863935629e-03
1.030794520527160939e-02
7.028565467895830227e-03
6.766966740828885343e-03
3.832039544142122611e-03
1.016941218880941522e-02
7.754268502270815142e-03
1.030794520527160939e-02
1.117688990050142751e-02
3.487427243589864140e-02
2.234609479817760078e-02
1.609042963992507111e-02
7.754268502270826417e-03
1.474933230713492208e-02
7.058590461716115864e-03
6.502642476127501459e-03
6.159620772666051999e-03
1.580848092311941053e-02
7.113184000878728340e-03
5.837278677236782710e-03
3.091128679621876416e-03
7.113184000878685839e-03
5.495164764435490901e-03
6.417505960323984827e-03
6.766966740828884476e-03
1.996253749554961418e-02
8.045892223158048265e-03
6.502642476127505795e-03
3.189309795583941155e-03
7.058590461716075098e-03
3.189309795583931181e-03
3.566822736863940399e-03
3.529869139884192486e-03
1.030794520527161633e-02
6.502642476127497122e-03
6.417505960323988297e-03
3.566822736863938664e-03
9.643489197041060432e-03
7.058590461716063823e-03
9.643489197041051758e-03
1.030794520527161112e-02
3.275020458253591338e-02
1.821449749328794832e-02
1.474933230713493595e-02
7.028565467895826757e-03
1.539056915513774097e-02
6.502642476127466764e-03
7.058590461716070762e-03
6.766966740828882741e-03
1.946435780335409316e-02
7.370679380697116832e-03
7.113184000878688441e-03
3.832039544142121744e-03
1.016941218880942042e-02
7.113184000878678900e-03
9.643489197041056962e-03
1.016941218880941522e-02
3.233229281455420739e-02
1.713288960976292255e-02
1.580848092311943134e-02
7.754268502270818611e-03
1.946435780335410010e-02
8.045892223158004897e-03
1.030794520527161459e-02
1.030794520527161286e-02
3.224663773322842403e-02
1.821449749328790321e-02
1.996253749554961765e-02
1.117688990050143098e-02
3.233229281455420739e-02
2.234609479817754527e-02
3.275020458253590644e-02
3.487427243589865528e-02
1.143438795098285637e-01
6.653403579713935978e-02
4.959673447246969874e-02
2.234609479817760425e-02
4.256516662792817624e-02
1.996253749554958642e-02
1.821449749328791362e-02
1.609042963992507458e-02
4.057528546303960232e-02
1.946435780335406540e-02
1.580848092311944869e-02
7.754268502270824683e-03
1.713288960976291561e-02
1.326650130177490193e-02
1.474933230713489432e-02
1.474933230713491687e-02
4.256516662792816236e-02
1.946435780335407928e-02
1.539056915513776873e-02
7.058590461716120201e-03
1.474933230713499147e-02
6.766966740828888813e-03
7.028565467895820686e-03
6.502642476127503193e-03
1.821449749328790668e-02
1.276293445246742993e-02
1.186759531231146476e-02
6.159620772666049397e-03
1.580848092311942441e-02
1.186759531231146303e-02
1.539056915513774271e-02
1.580848092311942094e-02
4.959673447246975425e-02
1.996253749554958989e-02
1.580848092311945563e-02
7.113184000878734412e-03
1.474933230713499493e-02
6.417505960323988297e-03
6.502642476127457223e-03
5.837278677236784445e-03
1.609042963992512662e-02
6.766966740828891415e-03
6.159620772666011233e-03
3.091128679621879018e-03
7.754268502270812539e-03
5.495164764435486564e-03
7.058590461716063823e-03
7.113184000878686707e-03
2.234609479817754527e-02
1.326650130177491754e-02
1.186759531231146476e-02
5.495164764435492635e-03
1.326650130177496091e-02
5.495164764435492635e-03
6.766966740828885343e-03
6.417505960323984827e-03
1.996253749554961765e-02
1.186759531231147344e-02
1.276293445246749064e-02
6.766966740828883609e-03
1.946435780335409316e-02
1.326650130177496091e-02
1.946435780335409663e-02
1.996253749554962112e-02
6.653403579713933202e-02
2.234609479817760425e-02
1.821449749328794485e-02
8.045892223158050000e-03
1.713288960976293643e-02
7.113184000878732677e-03
7.370679380697113363e-03
6.502642476127499724e-03
1.821449749328789974e-02
7.058590461716117599e-03
6.502642476127459825e-03
3.189309795583939421e-03
8.045892223158001427e-03
5.495164764435490033e-03
7.113184000878683237e-03
7.058590461716072496e-03
2.234609479817754180e-02
7.754268502270825550e-03
7.028565467895830227e-03
3.189309795583933783e-03
7.754268502270816876e-03
3.091128679621880319e-03
3.832039544142122611e-03
3.566822736863940833e-03
1.117688990050142231e-02
6.159620772666045928e-03
6.766966740828885343e-03
3.529869139884180777e-03
1.030794520527161286e-02
6.766966740828882741e-03
1.016941218880941349e-02
1.030794520527161633e-02
3.487427243589867609e-02
1.609042963992508152e-02
1.474933230713492555e-02
6.502642476127504928e-03
1.580848092311942787e-02
5.837278677236780108e-03
7.113184000878691043e-03
6.417505960323987430e-03
1.996253749554962112e-02
6.502642476127505795e-03
7.058590461716073364e-03
3.566822736863939098e-03
1.030794520527161112e-02
6.417505960323986562e-03
9.643489197041046554e-03
9.643489197041058697e-03
3.275020458253590644e-02
1.474933230713492902e-02
1.539056915513776005e-02
7.058590461716072496e-03
1.946435780335411050e-02
7.113184000878691911e-03
1.016941218880942042e-02
9.643489197041065636e-03
3.233229281455421433e-02
1.580848092311943134e-02
1.946435780335410357e-02
1.030794520527161286e-02
3.224663773322843097e-02
1.996253749554962459e-02
3.233229281455420739e-02
3.275020458253589256e-02
1.143438795098285637e-01
4.959673447246974037e-02
4.256516662792818317e-02
1.821449749328796566e-02
4.057528546303963007e-02
1.580848092311945910e-02
1.713288960976292602e-02
1.474933230713491861e-02
4.256516662792818317e-02
1.539056915513776179e-02
1.474933230713498973e-02
7.028565467895828492e-03
1.821449749328789974e-02
1.186759531231146476e-02
1.580848092311941747e-02
1.539056915513775138e-02
4.959673447246978895e-02
1.580848092311946257e-02
1.474933230713499667e-02
6.502642476127465897e-03
1.609042963992513703e-02
6.159620772666012101e-03
7.754268502270815142e-03
7.058590461716071629e-03
2.234609479817754527e-02
1.186759531231146650e-02
1.326650130177496438e-02
6.766966740828885343e-03
1.996253749554962806e-02
1.276293445246750452e-02
1.946435780335410703e-02
1.946435780335410703e-02
6.653403579713937366e-02
1.821449749328795178e-02
1.713288960976293296e-02
7.370679380697116832e-03
1.821449749328788933e-02
6.502642476127464162e-03
8.045892223158006631e-03
7.113184000878691043e-03
2.234609479817755567e-02
7.028565467895828492e-03
7.754268502270813407e-03
3.832039544142122611e-03
1.117688990050143098e-02
6.766966740828882741e-03
1.030794520527161286e-02
1.016941218880941522e-02
3.487427243589866915e-02
1.474933230713492555e-02
1.580848092311942094e-02
7.113184000878690176e-03
1.996253749554962459e-02
7.058590461716070762e-03
1.030794520527162153e-02
9.643489197041058697e-03
3.275020458253592032e-02
1.539056915513776179e-02
1.946435780335410703e-02
1.016941218880941522e-02
3.233229281455421433e-02
1.946435780335410703e-02
3.224663773322842403e-02
3.233229281455421433e-02
1.143438795098285915e-01
4.256516662792819011e-02
4.057528546303963701e-02
1.713288960976292255e-02
4.256516662792818317e-02
1.474933230713499667e-02
1.821449749328789974e-02
1.580848092311942441e-02
4.959673447246970568e-02
1.474933230713499493e-02
1.609042963992514397e-02
7.754268502270818611e-03
2.234609479817755567e-02
1.326650130177495918e-02
1.996253749554961765e-02
1.946435780335411397e-02
6.653403579713940141e-02
1.713288960976293296e-02
1.821449749328791362e-02
8.045892223158006631e-03
2.234609479817755914e-02
7.754268502270817744e-03
1.117688990050142751e-02
1.030794520527161806e-02
3.487427243589867609e-02
1.580848092311943134e-02
1.996253749554963500e-02
1.030794520527161286e-02
3.275020458253591338e-02
1.946435780335411050e-02
3.233229281455421433e-02
3.224663773322842403e-02
1.143438795098286331e-01
4.057528546303965783e-02
4.256516662792821093e-02
1.821449749328789974e-02
4.959673447246969180e-02
1.609042963992514050e-02
2.234609479817755567e-02
1.996253749554962459e-02
6.653403579713941529e-02
1.821449749328791015e-02
2.234609479817756608e-02
1.117688990050143098e-02
3.487427243589868303e-02
1.996253749554962459e-02
3.275020458253590644e-02
3.233229281455422821e-02
1.143438795098285915e-01
4.256516662792822481e-02
4.959673447246978895e-02
2.234609479817755567e-02
6.653403579713938754e-02
2.234609479817755567e-02
3.487427243589868303e-02
3.275020458253590644e-02
1.143438795098286193e-01
4.959673447246978201e-02
6.653403579713938754e-02
3.487427243589866915e-02
1.143438795098285915e-01
6.653403579713937366e-02
1.143438795098286193e-01
1.143438795098285915e-01
4.105842758102897783e-01

