k value is 1
Epoch & Fidelity & Runtime 
1 0.416263 6.757565
2 0.542768 13.747224
3 0.583032 20.703227
4 0.621498 27.530621
5 0.664883 34.446426
6 0.693011 41.200415
7 0.717844 48.05214
8 0.724653 54.814909
9 0.751974 61.671771
10 0.758496 68.582711
11 0.774644 75.402972
12 0.778028 82.1276
13 0.776252 88.922436
14 0.79294 95.798237
15 0.783491 102.621706
16 0.79463 109.504251
17 0.804991 116.344374
18 0.802147 123.137722
19 0.787436 130.027085
20 0.824682 136.889828
21 0.82829 143.684182
22 0.822971 150.607222
23 0.830037 157.495877
24 0.80729 164.36617
25 0.82346 171.11873
26 0.828172 177.95264
27 0.816816 184.733462
28 0.838611 191.522404
29 0.845064 198.256778
30 0.834071 205.079614
31 0.831743 211.829205
32 0.851282 218.566318
33 0.831115 225.469039
34 0.842203 232.31157
35 0.830551 239.120459
36 0.849872 246.047347
37 0.837246 252.963708
38 0.837456 259.826023
39 0.834441 266.656333
40 0.846955 273.588509
41 0.845123 280.489971
42 0.858272 287.29208
43 0.857413 294.114169
44 0.84174 300.984663

k value is 2
Epoch & Fidelity & Runtime 
1 0.412834 7.472934
2 0.538708 14.895969
3 0.56983 22.457182
4 0.589105 30.049045
5 0.61758 37.542831
6 0.630495 45.01125
7 0.655285 52.584579
8 0.673027 60.167338
9 0.683571 67.660363
10 0.696102 75.230736
11 0.723854 82.842745
12 0.748016 90.395685
13 0.764594 97.959766
14 0.779545 105.467943
15 0.800762 113.109433
16 0.811931 120.603554
17 0.811469 128.125227
18 0.820445 135.576553
19 0.827568 143.176727
20 0.822674 150.853173
21 0.834472 158.405093
22 0.842511 165.91758
23 0.827779 173.484043
24 0.805372 181.11829
25 0.845473 188.796519
26 0.849093 196.33934
27 0.846993 203.882888
28 0.857837 211.505724
29 0.851109 219.127912
30 0.857822 226.654995
31 0.869375 234.308084
32 0.866956 241.828414
33 0.862654 249.484656
34 0.864174 257.013686
35 0.878187 264.58823
36 0.861228 272.212905
37 0.858237 279.791373
38 0.842759 287.387521
39 0.875573 294.952558
40 0.870097 302.482827

k value is 4
Epoch & Fidelity & Runtime 
1 0.405532 9.047553
2 0.528854 17.930643
3 0.5603 26.867463
4 0.599507 35.8606
5 0.640551 44.763839
6 0.67348 53.766983
7 0.694237 62.828025
8 0.716186 71.743946
9 0.735744 80.695302
10 0.745354 89.617759
11 0.75281 98.612386
12 0.772106 107.568568
13 0.778434 116.445143
14 0.789176 125.45314
15 0.795453 134.316792
16 0.807883 143.226059
17 0.811812 152.221166
18 0.827514 161.293056
19 0.826639 170.403377
20 0.830729 179.416877
21 0.830923 188.418908
22 0.854757 197.5521
23 0.853519 206.512944
24 0.864234 215.459736
25 0.871952 224.46902
26 0.877413 233.440276
27 0.86941 242.55323
28 0.880432 251.573399
29 0.883229 260.630424
30 0.876488 269.560438
31 0.894618 278.678672
32 0.889374 287.607567
33 0.89577 296.663493
34 0.886113 305.883738

k value is 8
Epoch & Fidelity & Runtime 
1 0.421158 11.801154
2 0.543746 23.490994
3 0.585181 35.130933
4 0.626054 46.892657
5 0.678541 58.557153
6 0.720164 70.214965
7 0.750636 81.968144
8 0.761401 93.632046
9 0.783316 105.453975
10 0.787553 117.130972
11 0.81154 128.797356
12 0.817547 140.407595
13 0.830828 152.212626
14 0.844149 163.873265
15 0.850268 175.507771
16 0.853042 187.29936
17 0.862363 199.15872
18 0.863042 210.96376
19 0.863291 222.664512
20 0.876176 234.501655
21 0.884267 246.17071
22 0.885634 257.908041
23 0.871279 269.759239
24 0.888757 281.616501
25 0.89574 293.46455
26 0.89064 305.653479

k value is 16
Epoch & Fidelity & Runtime 
1 0.454842 18.650852
2 0.555294 35.751881
3 0.592775 52.903847
4 0.652595 70.082995
5 0.707115 87.480932
6 0.740685 104.628927
7 0.768971 121.967086
8 0.775818 139.225221
9 0.797626 156.549984
10 0.802605 173.866761
11 0.80193 191.076036
12 0.829201 208.399369
13 0.835038 225.581952
14 0.837176 242.960325
15 0.841625 260.214974
16 0.843108 277.657847
17 0.866365 295.007101
18 0.861227 312.350982

