nh: 21
samples1: 100000
samples2: 5000
burn_in: 500
steps: 100
Exact H:-50.57
   Fidelity  ROE       Mean      Median    CI Width LL on CI  UL on CI  mmRatio  Min Err  Max Err
20     N/A    0.037590  -48.66907  -48.83026  0.11903  -48.78809  -48.55004  0.99670  0.03524  0.03994  
40     N/A    0.023661  -49.37347  -49.48981  0.09674  -49.47021  -49.27674  0.99765  0.02175  0.02557  
60     N/A    0.015510  -49.78567  -49.90409  0.08036  -49.86603  -49.70530  0.99763  0.01392  0.01710  
80     N/A    0.011165  -50.00537  -50.10816  0.06990  -50.07527  -49.93547  0.99795  0.00978  0.01255  
100     N/A    0.008585  -50.13587  -50.20542  0.06300  -50.19886  -50.07287  0.99861  0.00734  0.00983  
120     N/A    0.007563  -50.18752  -50.25210  0.05815  -50.24567  -50.12937  0.99871  0.00641  0.00871  
140     N/A    0.005876  -50.27285  -50.33494  0.05548  -50.32833  -50.21737  0.99877  0.00478  0.00697  
160     N/A    0.005980  -50.26760  -50.32379  0.05200  -50.31960  -50.21559  0.99888  0.00495  0.00701  
180     N/A    0.006343  -50.24924  -50.30559  0.05095  -50.30019  -50.19829  0.99888  0.00534  0.00735  
200     N/A    0.004803  -50.32712  -50.35690  0.04932  -50.37644  -50.27780  0.99941  0.00383  0.00578  
220     N/A    0.004848  -50.32483  -50.37818  0.04530  -50.37012  -50.27953  0.99894  0.00395  0.00574  
240     N/A    0.004267  -50.35424  -50.38902  0.04480  -50.39904  -50.30944  0.99931  0.00338  0.00515  
260     N/A    0.004314  -50.35186  -50.39055  0.04215  -50.39401  -50.30972  0.99923  0.00348  0.00515  
280     N/A    0.003370  -50.39957  -50.41886  0.03998  -50.43955  -50.35960  0.99962  0.00258  0.00416  
300     N/A    0.003808  -50.37743  -50.41040  0.04019  -50.41762  -50.33724  0.99935  0.00301  0.00460  
320     N/A    0.003757  -50.37998  -50.40202  0.03793  -50.41791  -50.34206  0.99956  0.00301  0.00451  
340     N/A    0.003465  -50.39480  -50.43531  0.03749  -50.43229  -50.35731  0.99920  0.00272  0.00421  
360     N/A    0.003269  -50.40468  -50.45123  0.03764  -50.44232  -50.36704  0.99908  0.00252  0.00401  
380     N/A    0.002710  -50.43294  -50.46212  0.03626  -50.46920  -50.39669  0.99942  0.00199  0.00343  
400     N/A    0.003140  -50.41122  -50.45100  0.03544  -50.44666  -50.37578  0.99921  0.00244  0.00384  
420     N/A    0.002376  -50.44983  -50.49471  0.03541  -50.48524  -50.41442  0.99911  0.00168  0.00308  
440     N/A    0.002551  -50.44101  -50.46538  0.03359  -50.47460  -50.40742  0.99952  0.00189  0.00321  
460     N/A    0.002506  -50.44327  -50.49173  0.03303  -50.47630  -50.41025  0.99904  0.00185  0.00316  
480     N/A    0.002108  -50.46338  -50.49698  0.03158  -50.49496  -50.43180  0.99933  0.00148  0.00273  
500     N/A    0.002122  -50.46270  -50.49580  0.02988  -50.49257  -50.43282  0.99934  0.00153  0.00271  
520     N/A    0.002743  -50.43129  -50.47937  0.02952  -50.46081  -50.40178  0.99905  0.00216  0.00333  
540     N/A    0.002226  -50.45745  -50.48519  0.02877  -50.48622  -50.42868  0.99945  0.00166  0.00279  
560     N/A    0.002088  -50.46439  -50.48329  0.02812  -50.49251  -50.43627  0.99963  0.00153  0.00264  
580     N/A    0.002223  -50.45760  -50.49240  0.02795  -50.48555  -50.42965  0.99931  0.00167  0.00278  
600     N/A    0.001959  -50.47091  -50.51020  0.02860  -50.49951  -50.44231  0.99922  0.00139  0.00253  
620     N/A    0.001970  -50.47038  -50.49230  0.02822  -50.49860  -50.44215  0.99957  0.00141  0.00253  
640     N/A    0.002191  -50.45920  -50.49734  0.02772  -50.48692  -50.43148  0.99924  0.00164  0.00274  
660     N/A    0.001982  -50.46976  -50.50878  0.02682  -50.49657  -50.44294  0.99923  0.00145  0.00251  
680     N/A    0.001640  -50.48708  -50.51585  0.02658  -50.51366  -50.46050  0.99943  0.00111  0.00217  
700     N/A    0.001512  -50.49354  -50.52638  0.02664  -50.52019  -50.46690  0.99935  0.00099  0.00204  
720     N/A    0.001851  -50.47641  -50.49098  0.02718  -50.50359  -50.44922  0.99971  0.00131  0.00239  
740     N/A    0.001763  -50.48083  -50.51405  0.02702  -50.50785  -50.45381  0.99934  0.00123  0.00230  
