nh: 22
samples1: 100000
samples2: 5000
burn_in: 500
steps: 100
Exact H:-50.57
   Fidelity  ROE       Mean      Median    CI Width LL on CI  UL on CI  mmRatio  Min Err  Max Err
20     N/A    0.036482  -48.72508  -48.90334  0.11439  -48.83948  -48.61069  0.99635  0.03422  0.03874  
40     N/A    0.020474  -49.53465  -49.70069  0.08998  -49.62463  -49.44467  0.99666  0.01869  0.02225  
60     N/A    0.014050  -49.85948  -50.00053  0.07896  -49.93844  -49.78052  0.99718  0.01249  0.01561  
80     N/A    0.010634  -50.03224  -50.16566  0.06741  -50.09965  -49.96482  0.99734  0.00930  0.01197  
100     N/A    0.007743  -50.17845  -50.27745  0.06079  -50.23924  -50.11765  0.99803  0.00654  0.00894  
120     N/A    0.007041  -50.21392  -50.28633  0.05534  -50.26925  -50.15858  0.99856  0.00595  0.00814  
140     N/A    0.006296  -50.25160  -50.29740  0.05157  -50.30317  -50.20003  0.99909  0.00528  0.00732  
160     N/A    0.004730  -50.33079  -50.37072  0.04747  -50.37826  -50.28331  0.99921  0.00379  0.00567  
180     N/A    0.004089  -50.36324  -50.40195  0.04224  -50.40548  -50.32100  0.99923  0.00325  0.00492  
200     N/A    0.003884  -50.37360  -50.41466  0.04067  -50.41428  -50.33293  0.99919  0.00308  0.00469  
220     N/A    0.003117  -50.41237  -50.45365  0.03819  -50.45055  -50.37418  0.99918  0.00236  0.00387  
240     N/A    0.002449  -50.44614  -50.47988  0.03635  -50.48249  -50.40979  0.99933  0.00173  0.00317  
260     N/A    0.002569  -50.44010  -50.48376  0.03399  -50.47409  -50.40611  0.99914  0.00190  0.00324  
280     N/A    0.001809  -50.47850  -50.50491  0.03236  -50.51086  -50.44614  0.99948  0.00117  0.00245  
300     N/A    0.002329  -50.45225  -50.47476  0.03069  -50.48293  -50.42156  0.99955  0.00172  0.00294  
320     N/A    0.002370  -50.45017  -50.48224  0.03059  -50.48077  -50.41958  0.99936  0.00176  0.00297  
340     N/A    0.001821  -50.47789  -50.49256  0.02874  -50.50663  -50.44915  0.99971  0.00125  0.00239  
360     N/A    0.001666  -50.48575  -50.49879  0.02817  -50.51392  -50.45757  0.99974  0.00111  0.00222  
380     N/A    0.001469  -50.49571  -50.50636  0.02591  -50.52162  -50.46980  0.99979  0.00096  0.00198  
400     N/A    0.001447  -50.49681  -50.51695  0.02479  -50.52160  -50.47203  0.99960  0.00096  0.00194  
420     N/A    0.001517  -50.49330  -50.50720  0.02346  -50.51676  -50.46984  0.99972  0.00105  0.00198  
440     N/A    0.001160  -50.51132  -50.50652  0.02260  -50.53392  -50.48872  1.00009  0.00071  0.00161  
460     N/A    0.001120  -50.51334  -50.52085  0.02159  -50.53493  -50.49175  0.99985  0.00069  0.00155  
480     N/A    0.000986  -50.52013  -50.52787  0.02058  -50.54071  -50.49955  0.99985  0.00058  0.00139  
500     N/A    0.001045  -50.51718  -50.51384  0.02045  -50.53763  -50.49672  1.00007  0.00064  0.00145  
520     N/A    0.001106  -50.51407  -50.51938  0.01942  -50.53349  -50.49465  0.99989  0.00072  0.00149  
540     N/A    0.001101  -50.51433  -50.52035  0.01896  -50.53329  -50.49537  0.99988  0.00073  0.00148  
560     N/A    0.001044  -50.51720  -50.52255  0.01867  -50.53587  -50.49853  0.99989  0.00067  0.00141  
580     N/A    0.001233  -50.50766  -50.51819  0.01839  -50.52604  -50.48927  0.99979  0.00087  0.00160  
600     N/A    0.000529  -50.54326  -50.54716  0.01825  -50.56151  -50.52501  0.99992  0.00017  0.00089  
620     N/A    0.000918  -50.52357  -50.52298  0.01777  -50.54134  -50.50580  1.00001  0.00057  0.00127  
640     N/A    0.000824  -50.52831  -50.53975  0.01786  -50.54617  -50.51044  0.99977  0.00047  0.00118  
660     N/A    0.000868  -50.52608  -50.52499  0.01749  -50.54357  -50.50859  1.00002  0.00052  0.00121  
680     N/A    0.001017  -50.51858  -50.52673  0.01776  -50.53634  -50.50083  0.99984  0.00067  0.00137  
700     N/A    0.001013  -50.51878  -50.51406  0.01741  -50.53618  -50.50137  1.00009  0.00067  0.00136  
