nh: 22
samples1: 20000
samples2: 5000
burn_in: 500
steps: 100
Exact H:-50.57
   Fidelity  ROE       Mean      Median    CI Width LL on CI  UL on CI  mmRatio  Min Err  Max Err
20     N/A    0.125708  -44.21295  -44.34333  0.19536  -44.40832  -44.01759  0.99706  0.12184  0.12957  
40     N/A    0.076462  -46.70333  -46.83795  0.15975  -46.86308  -46.54359  0.99713  0.07330  0.07962  
60     N/A    0.056639  -47.70577  -47.85391  0.14107  -47.84684  -47.56471  0.99690  0.05385  0.05943  
80     N/A    0.044718  -48.30862  -48.44775  0.12544  -48.43406  -48.18318  0.99713  0.04224  0.04720  
100     N/A    0.037086  -48.69458  -48.88432  0.11865  -48.81322  -48.57593  0.99612  0.03474  0.03943  
120     N/A    0.033397  -48.88110  -49.02222  0.11163  -48.99273  -48.76947  0.99712  0.03119  0.03560  
140     N/A    0.029060  -49.10045  -49.25879  0.10832  -49.20877  -48.99213  0.99679  0.02692  0.03120  
160     N/A    0.027172  -49.19592  -49.37847  0.10340  -49.29932  -49.09251  0.99630  0.02513  0.02922  
180     N/A    0.027081  -49.20051  -49.39300  0.10178  -49.30229  -49.09873  0.99610  0.02507  0.02909  
200     N/A    0.024399  -49.33614  -49.45209  0.09689  -49.43303  -49.23926  0.99766  0.02248  0.02631  
220     N/A    0.023467  -49.38328  -49.54490  0.09630  -49.47958  -49.28698  0.99674  0.02156  0.02537  
240     N/A    0.022502  -49.43206  -49.59493  0.09442  -49.52648  -49.33764  0.99672  0.02064  0.02437  
260     N/A    0.019571  -49.58028  -49.75354  0.09136  -49.67164  -49.48892  0.99652  0.01776  0.02138  
280     N/A    0.018622  -49.62829  -49.81695  0.08787  -49.71616  -49.54041  0.99621  0.01688  0.02036  
300     N/A    0.017783  -49.67070  -49.80949  0.08655  -49.75725  -49.58416  0.99721  0.01607  0.01949  
320     N/A    0.017227  -49.69884  -49.81989  0.08474  -49.78358  -49.61411  0.99757  0.01555  0.01890  
340     N/A    0.016908  -49.71498  -49.86142  0.08384  -49.79882  -49.63113  0.99706  0.01525  0.01857  
360     N/A    0.016290  -49.74620  -49.85399  0.08206  -49.82826  -49.66415  0.99784  0.01467  0.01791  
380     N/A    0.014392  -49.84217  -49.95819  0.08004  -49.92222  -49.76213  0.99768  0.01281  0.01598  
400     N/A    0.014504  -49.83654  -49.99427  0.07953  -49.91607  -49.75701  0.99684  0.01293  0.01608  
420     N/A    0.014375  -49.84306  -50.00145  0.07863  -49.92168  -49.76443  0.99683  0.01282  0.01593  
440     N/A    0.014277  -49.84801  -49.99122  0.07672  -49.92473  -49.77129  0.99714  0.01276  0.01579  
460     N/A    0.013010  -49.91209  -50.03996  0.07424  -49.98632  -49.83785  0.99744  0.01154  0.01448  
480     N/A    0.013049  -49.91012  -50.02272  0.07537  -49.98549  -49.83474  0.99775  0.01156  0.01454  
500     N/A    0.012304  -49.94780  -50.07187  0.07082  -50.01862  -49.87698  0.99752  0.01090  0.01370  
520     N/A    0.012191  -49.95349  -50.11192  0.07164  -50.02512  -49.88185  0.99684  0.01077  0.01361  
540     N/A    0.010580  -50.03496  -50.14425  0.07009  -50.10505  -49.96487  0.99782  0.00919  0.01197  
560     N/A    0.011034  -50.01200  -50.13177  0.06737  -50.07937  -49.94463  0.99761  0.00970  0.01237  
580     N/A    0.010519  -50.03806  -50.16789  0.06632  -50.10438  -49.97174  0.99741  0.00921  0.01183  
600     N/A    0.010244  -50.05197  -50.15668  0.06681  -50.11877  -49.98516  0.99791  0.00892  0.01156  
620     N/A    0.009355  -50.09692  -50.19502  0.06508  -50.16201  -50.03184  0.99805  0.00807  0.01064  
640     N/A    0.008954  -50.11720  -50.23465  0.06352  -50.18072  -50.05368  0.99766  0.00770  0.01021  
660     N/A    0.008621  -50.13404  -50.21322  0.06296  -50.19700  -50.07108  0.99842  0.00738  0.00987  
680     N/A    0.008149  -50.15790  -50.22265  0.06235  -50.22025  -50.09555  0.99871  0.00692  0.00938  
700     N/A    0.008666  -50.13176  -50.23766  0.06055  -50.19232  -50.07121  0.99789  0.00747  0.00986  
720     N/A    0.008320  -50.14926  -50.25944  0.05980  -50.20906  -50.08946  0.99781  0.00714  0.00950  
740     N/A    0.008152  -50.15775  -50.26396  0.05980  -50.21755  -50.09795  0.99789  0.00697  0.00933  
760     N/A    0.007246  -50.20357  -50.29197  0.05795  -50.26153  -50.14562  0.99824  0.00610  0.00839  
780     N/A    0.007420  -50.19476  -50.28346  0.05780  -50.25256  -50.13696  0.99824  0.00628  0.00856  
800     N/A    0.006863  -50.22292  -50.27585  0.05595  -50.27887  -50.16697  0.99895  0.00576  0.00797  
820     N/A    0.007403  -50.19563  -50.23436  0.05502  -50.25065  -50.14061  0.99923  0.00632  0.00849  
840     N/A    0.006158  -50.25861  -50.29298  0.05554  -50.31416  -50.20307  0.99932  0.00506  0.00726  
860     N/A    0.006931  -50.21951  -50.26861  0.05333  -50.27284  -50.16617  0.99902  0.00588  0.00799  
880     N/A    0.005665  -50.28353  -50.31698  0.05364  -50.33716  -50.22989  0.99934  0.00460  0.00673  
900     N/A    0.006083  -50.26240  -50.29446  0.05197  -50.31437  -50.21043  0.99936  0.00505  0.00711  
920     N/A    0.005381  -50.29789  -50.33720  0.05135  -50.34924  -50.24654  0.99922  0.00437  0.00640  
940     N/A    0.006241  -50.25442  -50.29473  0.05091  -50.30533  -50.20350  0.99920  0.00523  0.00725  
960     N/A    0.005877  -50.27278  -50.30613  0.05008  -50.32286  -50.22270  0.99934  0.00489  0.00687  
980     N/A    0.006070  -50.26304  -50.30012  0.04758  -50.31063  -50.21546  0.99926  0.00513  0.00701  
1000     N/A    0.005709  -50.28131  -50.29023  0.04859  -50.32990  -50.23272  0.99982  0.00475  0.00667  
1020     N/A    0.005210  -50.30653  -50.32302  0.04868  -50.35521  -50.25785  0.99967  0.00425  0.00617  
1040     N/A    0.005524  -50.29065  -50.31459  0.04876  -50.33940  -50.24189  0.99952  0.00456  0.00649  
1060     N/A    0.005364  -50.29876  -50.34940  0.04783  -50.34659  -50.25093  0.99899  0.00442  0.00631  
1080     N/A    0.005032  -50.31551  -50.31775  0.04703  -50.36255  -50.26848  0.99996  0.00410  0.00596  
1100     N/A    0.005260  -50.30400  -50.32096  0.04525  -50.34925  -50.25874  0.99966  0.00437  0.00615  
1120     N/A    0.005026  -50.31582  -50.32839  0.04710  -50.36291  -50.26872  0.99975  0.00410  0.00596  
1140     N/A    0.004474  -50.34375  -50.34087  0.04675  -50.39050  -50.29700  1.00006  0.00355  0.00540  
1160     N/A    0.004470  -50.34394  -50.36495  0.04530  -50.38924  -50.29863  0.99958  0.00357  0.00537  
1180     N/A    0.004566  -50.33912  -50.36292  0.04540  -50.38452  -50.29372  0.99953  0.00367  0.00546  
1200     N/A    0.004797  -50.32741  -50.34870  0.04423  -50.37164  -50.28318  0.99958  0.00392  0.00567  
1220     N/A    0.004302  -50.35242  -50.34738  0.04498  -50.39741  -50.30744  1.00010  0.00341  0.00519  
1240     N/A    0.004909  -50.32174  -50.35002  0.04397  -50.36571  -50.27777  0.99944  0.00404  0.00578  
1260     N/A    0.004825  -50.32602  -50.35383  0.04368  -50.36971  -50.28234  0.99945  0.00396  0.00569  
1280     N/A    0.004013  -50.36705  -50.34740  0.04305  -50.41011  -50.32400  1.00039  0.00316  0.00486  
1300     N/A    0.004240  -50.35560  -50.37005  0.04166  -50.39726  -50.31393  0.99971  0.00342  0.00506  
1320     N/A    0.004347  -50.35016  -50.37433  0.04297  -50.39313  -50.30719  0.99952  0.00350  0.00520  
1340     N/A    0.004116  -50.36185  -50.39276  0.04358  -50.40543  -50.31827  0.99939  0.00325  0.00498  
1360     N/A    0.003683  -50.38373  -50.41393  0.04233  -50.42605  -50.34140  0.99940  0.00285  0.00452  
1380     N/A    0.003412  -50.39745  -50.39845  0.04246  -50.43992  -50.35499  0.99998  0.00257  0.00425  
1400     N/A    0.003740  -50.38086  -50.39791  0.04188  -50.42274  -50.33897  0.99966  0.00291  0.00457  
1420     N/A    0.003826  -50.37652  -50.36220  0.04213  -50.41865  -50.33439  1.00028  0.00299  0.00466  
1440     N/A    0.003794  -50.37816  -50.38849  0.04189  -50.42005  -50.33627  0.99979  0.00297  0.00462  
1460     N/A    0.003371  -50.39955  -50.41750  0.04108  -50.44062  -50.35847  0.99964  0.00256  0.00418  
1480     N/A    0.003924  -50.37156  -50.35863  0.04030  -50.41186  -50.33127  1.00026  0.00313  0.00472  
1500     N/A    0.004325  -50.35127  -50.38739  0.04135  -50.39262  -50.30992  0.99928  0.00351  0.00514  
1520     N/A    0.003015  -50.41754  -50.42858  0.04018  -50.45772  -50.37737  0.99978  0.00222  0.00381  
1540     N/A    0.003993  -50.36805  -50.37977  0.04050  -50.40855  -50.32755  0.99977  0.00319  0.00479  
1560     N/A    0.003835  -50.37608  -50.38715  0.03987  -50.41595  -50.33621  0.99978  0.00305  0.00462  
1580     N/A    0.004160  -50.35961  -50.35804  0.04008  -50.39969  -50.31953  1.00003  0.00337  0.00495  
1600     N/A    0.004123  -50.36149  -50.36025  0.04033  -50.40182  -50.32116  1.00002  0.00333  0.00492  
1620     N/A    0.003705  -50.38264  -50.37829  0.03943  -50.42207  -50.34321  1.00009  0.00293  0.00448  
1640     N/A    0.003703  -50.38276  -50.41555  0.03995  -50.42271  -50.34281  0.99935  0.00291  0.00449  
1660     N/A    0.002870  -50.42484  -50.41668  0.03959  -50.46443  -50.38525  1.00016  0.00209  0.00365  
1680     N/A    0.003831  -50.37626  -50.36885  0.03896  -50.41522  -50.33730  1.00015  0.00306  0.00460  
1700     N/A    0.003103  -50.41308  -50.39592  0.03944  -50.45252  -50.37365  1.00034  0.00232  0.00388  
1720     N/A    0.003445  -50.39577  -50.39248  0.03899  -50.43476  -50.35678  1.00007  0.00267  0.00422  
1740     N/A    0.003387  -50.39871  -50.42577  0.03848  -50.43719  -50.36023  0.99946  0.00263  0.00415  
1760     N/A    0.003526  -50.39170  -50.40365  0.03842  -50.43012  -50.35328  0.99976  0.00277  0.00429  
1780     N/A    0.003754  -50.38014  -50.38709  0.03905  -50.41918  -50.34109  0.99986  0.00298  0.00453  
1800     N/A    0.003524  -50.39180  -50.40028  0.03819  -50.43000  -50.35361  0.99983  0.00277  0.00428  
1820     N/A    0.003268  -50.40476  -50.40086  0.03711  -50.44187  -50.36765  1.00008  0.00253  0.00400  
1840     N/A    0.002988  -50.41890  -50.41839  0.03788  -50.45677  -50.38102  1.00001  0.00224  0.00374  
1860     N/A    0.003226  -50.40688  -50.40897  0.03774  -50.44463  -50.36914  0.99996  0.00248  0.00397  
1880     N/A    0.003597  -50.38810  -50.38076  0.03664  -50.42474  -50.35145  1.00015  0.00287  0.00432  
1900     N/A    0.003817  -50.37696  -50.38480  0.03752  -50.41447  -50.33944  0.99984  0.00308  0.00456  
1920     N/A    0.003290  -50.40361  -50.39674  0.03635  -50.43995  -50.36726  1.00014  0.00257  0.00401  
1940     N/A    0.002993  -50.41866  -50.41922  0.03658  -50.45524  -50.38208  0.99999  0.00227  0.00372  
1960     N/A    0.003017  -50.41744  -50.42876  0.03691  -50.45435  -50.38052  0.99978  0.00229  0.00375  
1980     N/A    0.002764  -50.43021  -50.40741  0.03662  -50.46683  -50.39360  1.00045  0.00204  0.00349  
2000     N/A    0.003152  -50.41059  -50.42128  0.03648  -50.44707  -50.37412  0.99979  0.00243  0.00387  
2020     N/A    0.003243  -50.40602  -50.42276  0.03694  -50.44296  -50.36907  0.99967  0.00251  0.00397  
2040     N/A    0.002897  -50.42348  -50.44210  0.03724  -50.46072  -50.38624  0.99963  0.00216  0.00363  
2060     N/A    0.002675  -50.43470  -50.42460  0.03566  -50.47036  -50.39904  1.00020  0.00197  0.00338  
2080     N/A    0.003227  -50.40683  -50.41221  0.03544  -50.44228  -50.37139  0.99989  0.00253  0.00393  
2100     N/A    0.003189  -50.40872  -50.39418  0.03587  -50.44459  -50.37284  1.00029  0.00248  0.00390  
2120     N/A    0.002873  -50.42471  -50.41023  0.03574  -50.46045  -50.38897  1.00029  0.00217  0.00358  
2140     N/A    0.003413  -50.39741  -50.39880  0.03575  -50.43315  -50.36166  0.99997  0.00271  0.00412  
2160     N/A    0.002776  -50.42964  -50.44338  0.03495  -50.46459  -50.39468  0.99973  0.00208  0.00347  
2180     N/A    0.003570  -50.38947  -50.39638  0.03556  -50.42503  -50.35391  0.99986  0.00287  0.00427  
2200     N/A    0.002986  -50.41900  -50.40840  0.03439  -50.45339  -50.38461  1.00021  0.00231  0.00367  
2220     N/A    0.002817  -50.42752  -50.40573  0.03448  -50.46200  -50.39304  1.00043  0.00214  0.00350  
2240     N/A    0.003162  -50.41007  -50.42307  0.03345  -50.44353  -50.37662  0.99974  0.00250  0.00382  
2260     N/A    0.002894  -50.42364  -50.41381  0.03421  -50.45785  -50.38944  1.00020  0.00222  0.00357  
2280     N/A    0.002966  -50.42001  -50.41013  0.03446  -50.45447  -50.38555  1.00020  0.00228  0.00365  
2300     N/A    0.002833  -50.42675  -50.41885  0.03386  -50.46062  -50.39289  1.00016  0.00216  0.00350  
2320     N/A    0.002884  -50.42413  -50.41922  0.03324  -50.45737  -50.39090  1.00010  0.00223  0.00354  
2340     N/A    0.002665  -50.43523  -50.42757  0.03271  -50.46794  -50.40251  1.00015  0.00202  0.00331  
2360     N/A    0.002485  -50.44434  -50.42368  0.03393  -50.47827  -50.41041  1.00041  0.00181  0.00316  
2380     N/A    0.002583  -50.43939  -50.42514  0.03262  -50.47201  -50.40677  1.00028  0.00194  0.00323  
2400     N/A    0.002653  -50.43582  -50.43448  0.03233  -50.46815  -50.40349  1.00003  0.00201  0.00329  
2420     N/A    0.002159  -50.46082  -50.46182  0.03283  -50.49366  -50.42799  0.99998  0.00151  0.00281  
2440     N/A    0.002480  -50.44457  -50.43616  0.03207  -50.47665  -50.41250  1.00017  0.00185  0.00311  
2460     N/A    0.002131  -50.46226  -50.44844  0.03222  -50.49447  -50.43004  1.00027  0.00149  0.00277  
2480     N/A    0.002022  -50.46774  -50.46179  0.03193  -50.49967  -50.43581  1.00012  0.00139  0.00265  
2500     N/A    0.002150  -50.46129  -50.45029  0.03178  -50.49307  -50.42951  1.00022  0.00152  0.00278  
2520     N/A    0.002335  -50.45193  -50.44185  0.03164  -50.48357  -50.42029  1.00020  0.00171  0.00296  
2540     N/A    0.002053  -50.46618  -50.45704  0.03183  -50.49801  -50.43436  1.00018  0.00142  0.00268  
2560     N/A    0.002081  -50.46477  -50.45337  0.03055  -50.49532  -50.43422  1.00023  0.00148  0.00268  
2580     N/A    0.002160  -50.46077  -50.46685  0.03131  -50.49208  -50.42947  0.99988  0.00154  0.00278  
2600     N/A    0.002003  -50.46869  -50.46589  0.03079  -50.49948  -50.43790  1.00006  0.00139  0.00261  
2620     N/A    0.002446  -50.44629  -50.44532  0.03048  -50.47678  -50.41581  1.00002  0.00184  0.00305  
2640     N/A    0.002012  -50.46823  -50.45414  0.03044  -50.49867  -50.43779  1.00028  0.00141  0.00261  
2660     N/A    0.002182  -50.45967  -50.45528  0.03074  -50.49041  -50.42892  1.00009  0.00157  0.00279  
2680     N/A    0.002024  -50.46764  -50.45260  0.03007  -50.49771  -50.43757  1.00030  0.00143  0.00262  
2700     N/A    0.002032  -50.46723  -50.45770  0.02962  -50.49684  -50.43761  1.00019  0.00145  0.00262  
2720     N/A    0.002219  -50.45780  -50.45000  0.02937  -50.48717  -50.42843  1.00015  0.00164  0.00280  
2740     N/A    0.001881  -50.47489  -50.45483  0.03045  -50.50534  -50.44445  1.00040  0.00128  0.00248  
2760     N/A    0.002353  -50.45102  -50.43674  0.02935  -50.48036  -50.42167  1.00028  0.00177  0.00293  
2780     N/A    0.002629  -50.43703  -50.41283  0.02869  -50.46572  -50.40834  1.00048  0.00206  0.00320  
2800     N/A    0.001992  -50.46927  -50.46298  0.02971  -50.49898  -50.43956  1.00012  0.00140  0.00258  
2820     N/A    0.002570  -50.44003  -50.43352  0.02941  -50.46944  -50.41063  1.00013  0.00199  0.00315  
2840     N/A    0.002472  -50.44497  -50.45018  0.02883  -50.47380  -50.41615  0.99990  0.00190  0.00304  
2860     N/A    0.001805  -50.47870  -50.47786  0.02874  -50.50744  -50.44995  1.00002  0.00124  0.00237  
2880     N/A    0.001897  -50.47408  -50.46902  0.02938  -50.50346  -50.44470  1.00010  0.00132  0.00248  
2900     N/A    0.002064  -50.46560  -50.45488  0.02833  -50.49393  -50.43727  1.00021  0.00150  0.00262  
2920     N/A    0.001774  -50.48031  -50.46698  0.02860  -50.50890  -50.45171  1.00026  0.00121  0.00234  
2940     N/A    0.001882  -50.47485  -50.46117  0.02780  -50.50265  -50.44705  1.00027  0.00133  0.00243  
2960     N/A    0.002000  -50.46884  -50.45437  0.02863  -50.49747  -50.44021  1.00029  0.00143  0.00257  
2980     N/A    0.002076  -50.46504  -50.44647  0.02853  -50.49356  -50.43651  1.00037  0.00151  0.00264  
3000     N/A    0.002126  -50.46247  -50.44559  0.02811  -50.49057  -50.43436  1.00033  0.00157  0.00268  
3020     N/A    0.002102  -50.46372  -50.45534  0.02866  -50.49238  -50.43506  1.00017  0.00153  0.00267  
3040     N/A    0.002055  -50.46608  -50.45748  0.02802  -50.49410  -50.43806  1.00017  0.00150  0.00261  
3060     N/A    0.001941  -50.47183  -50.45310  0.02842  -50.50024  -50.44341  1.00037  0.00138  0.00250  
3080     N/A    0.001767  -50.48065  -50.47284  0.02804  -50.50870  -50.45261  1.00015  0.00121  0.00232  
3100     N/A    0.001691  -50.48449  -50.46415  0.02771  -50.51220  -50.45679  1.00040  0.00114  0.00224  
3120     N/A    0.001760  -50.48098  -50.45733  0.02734  -50.50832  -50.45363  1.00047  0.00122  0.00230  
3140     N/A    0.002138  -50.46188  -50.44952  0.02863  -50.49051  -50.43325  1.00025  0.00157  0.00270  
3160     N/A    0.002173  -50.46011  -50.44291  0.02807  -50.48818  -50.43204  1.00034  0.00162  0.00273  
3180     N/A    0.001921  -50.47287  -50.46240  0.02829  -50.50116  -50.44459  1.00021  0.00136  0.00248  
3200     N/A    0.002139  -50.46183  -50.45484  0.02756  -50.48939  -50.43428  1.00014  0.00159  0.00268  
3220     N/A    0.002157  -50.46090  -50.46083  0.02843  -50.48933  -50.43248  1.00000  0.00160  0.00272  
3240     N/A    0.001893  -50.47429  -50.45401  0.02839  -50.50268  -50.44591  1.00040  0.00133  0.00245  
3260     N/A    0.002064  -50.46563  -50.44422  0.02748  -50.49311  -50.43815  1.00042  0.00152  0.00261  
3280     N/A    0.001921  -50.47287  -50.45433  0.02839  -50.50126  -50.44448  1.00037  0.00136  0.00248  
3300     N/A    0.001990  -50.46936  -50.47002  0.02739  -50.49675  -50.44198  0.99999  0.00145  0.00253  
3320     N/A    0.001790  -50.47950  -50.45844  0.02845  -50.50794  -50.45105  1.00042  0.00123  0.00235  
3340     N/A    0.001957  -50.47103  -50.47730  0.02767  -50.49870  -50.44336  0.99988  0.00141  0.00250  
3360     N/A    0.001981  -50.46983  -50.46028  0.02723  -50.49705  -50.44260  1.00019  0.00144  0.00252  
3380     N/A    0.001871  -50.47540  -50.44223  0.02733  -50.50273  -50.44807  1.00066  0.00133  0.00241  
3400     N/A    0.001840  -50.47696  -50.48440  0.02760  -50.50456  -50.44936  0.99985  0.00129  0.00239  
3420     N/A    0.002121  -50.46274  -50.42575  0.02733  -50.49007  -50.43541  1.00073  0.00158  0.00266  
3440     N/A    0.002197  -50.45888  -50.44176  0.02739  -50.48627  -50.43148  1.00034  0.00166  0.00274  
3460     N/A    0.001857  -50.47611  -50.45704  0.02739  -50.50350  -50.44873  1.00038  0.00132  0.00240  
3480     N/A    0.001569  -50.49067  -50.47049  0.02778  -50.51845  -50.46289  1.00040  0.00102  0.00212  
3500     N/A    0.001914  -50.47322  -50.47840  0.02776  -50.50099  -50.44546  0.99990  0.00136  0.00246  
3520     N/A    0.001541  -50.49206  -50.47884  0.02731  -50.51938  -50.46475  1.00026  0.00100  0.00208  
3540     N/A    0.001546  -50.49181  -50.47093  0.02778  -50.51959  -50.46404  1.00041  0.00100  0.00210  
3560     N/A    0.001869  -50.47550  -50.47310  0.02754  -50.50304  -50.44796  1.00005  0.00132  0.00241  
3580     N/A    0.001779  -50.48003  -50.47193  0.02792  -50.50795  -50.45211  1.00016  0.00123  0.00233  
3600     N/A    0.002341  -50.45160  -50.45298  0.02796  -50.47957  -50.42364  0.99997  0.00179  0.00289  
3620     N/A    0.001532  -50.49251  -50.49064  0.02702  -50.51953  -50.46549  1.00004  0.00100  0.00207  
3640     N/A    0.001959  -50.47092  -50.46107  0.02719  -50.49811  -50.44373  1.00020  0.00142  0.00250  
3660     N/A    0.001815  -50.47823  -50.46926  0.02748  -50.50571  -50.45076  1.00018  0.00127  0.00236  
3680     N/A    0.001365  -50.50096  -50.46372  0.02732  -50.52829  -50.47364  1.00074  0.00082  0.00191  
3700     N/A    0.002128  -50.46240  -50.45877  0.02761  -50.49000  -50.43479  1.00007  0.00158  0.00267  
3720     N/A    0.001943  -50.47175  -50.45923  0.02788  -50.49963  -50.44387  1.00025  0.00139  0.00249  
3740     N/A    0.002130  -50.46227  -50.45333  0.02729  -50.48956  -50.43497  1.00018  0.00159  0.00267  
3760     N/A    0.002343  -50.45150  -50.45315  0.02731  -50.47882  -50.42419  0.99997  0.00180  0.00288  
3780     N/A    0.001616  -50.48829  -50.45821  0.02743  -50.51572  -50.46086  1.00060  0.00107  0.00216  
3800     N/A    0.001856  -50.47616  -50.46310  0.02723  -50.50339  -50.44894  1.00026  0.00132  0.00239  
3820     N/A    0.001626  -50.48776  -50.47488  0.02776  -50.51552  -50.46001  1.00026  0.00108  0.00218  
3840     N/A    0.001785  -50.47975  -50.48117  0.02715  -50.50691  -50.45260  0.99997  0.00125  0.00232  
3860     N/A    0.002111  -50.46325  -50.44029  0.02676  -50.49001  -50.43649  1.00046  0.00158  0.00264  
3880     N/A    0.001602  -50.48899  -50.47868  0.02707  -50.51606  -50.46191  1.00020  0.00107  0.00214  
3900     N/A    0.001777  -50.48016  -50.46809  0.02695  -50.50710  -50.45321  1.00024  0.00124  0.00231  
3920     N/A    0.001954  -50.47119  -50.45998  0.02708  -50.49827  -50.44411  1.00022  0.00142  0.00249  
3940     N/A    0.001861  -50.47590  -50.45295  0.02721  -50.50311  -50.44869  1.00045  0.00132  0.00240  
3960     N/A    0.001675  -50.48528  -50.48404  0.02752  -50.51280  -50.45776  1.00002  0.00113  0.00222  
3980     N/A    0.002114  -50.46309  -50.47872  0.02749  -50.49058  -50.43560  0.99969  0.00157  0.00266  
4000     N/A    0.001841  -50.47692  -50.46344  0.02774  -50.50466  -50.44918  1.00027  0.00129  0.00239  
4020     N/A    0.001774  -50.48029  -50.48381  0.02764  -50.50793  -50.45264  0.99993  0.00123  0.00232  
4040     N/A    0.001991  -50.46933  -50.45713  0.02693  -50.49626  -50.44240  1.00024  0.00146  0.00252  
4060     N/A    0.002131  -50.46225  -50.45484  0.02761  -50.48986  -50.43464  1.00015  0.00158  0.00268  
