nh: 22
samples1: 37500
samples2: 5000
burn_in: 500
steps: 100
Exact H:-50.57
   Fidelity  ROE       Mean      Median    CI Width LL on CI  UL on CI  mmRatio  Min Err  Max Err
40     N/A    0.045653  -48.26134  -48.38650  0.12913  -48.39047  -48.13221  0.99741  0.04310  0.04821  
80     N/A    0.028918  -49.10763  -49.27518  0.10319  -49.21082  -49.00444  0.99660  0.02688  0.03096  
120     N/A    0.021300  -49.49285  -49.65372  0.09194  -49.58479  -49.40091  0.99676  0.01948  0.02312  
160     N/A    0.016645  -49.72827  -49.88358  0.08398  -49.81225  -49.64429  0.99689  0.01498  0.01831  
200     N/A    0.013581  -49.88321  -50.02121  0.07553  -49.95874  -49.80768  0.99724  0.01209  0.01507  
240     N/A    0.009997  -50.06445  -50.19041  0.07097  -50.13543  -49.99348  0.99749  0.00859  0.01140  
280     N/A    0.009553  -50.08691  -50.23891  0.06560  -50.15251  -50.02132  0.99697  0.00826  0.01085  
320     N/A    0.008540  -50.13815  -50.23392  0.06052  -50.19867  -50.07763  0.99809  0.00734  0.00974  
360     N/A    0.006688  -50.23180  -50.32655  0.05597  -50.28777  -50.17584  0.99812  0.00558  0.00779  
400     N/A    0.005863  -50.27352  -50.33833  0.05337  -50.32689  -50.22015  0.99871  0.00481  0.00692  
440     N/A    0.006280  -50.25244  -50.31910  0.05073  -50.30316  -50.20171  0.99868  0.00528  0.00728  
480     N/A    0.005724  -50.28052  -50.34686  0.04981  -50.33033  -50.23071  0.99868  0.00474  0.00671  
520     N/A    0.004920  -50.32120  -50.37188  0.04762  -50.36883  -50.27358  0.99899  0.00398  0.00586  
560     N/A    0.004331  -50.35097  -50.40143  0.04547  -50.39645  -50.30550  0.99900  0.00343  0.00523  
600     N/A    0.005051  -50.31459  -50.37537  0.04511  -50.35970  -50.26949  0.99879  0.00416  0.00594  
640     N/A    0.003756  -50.38004  -50.42373  0.04427  -50.42430  -50.33577  0.99913  0.00288  0.00463  
680     N/A    0.004021  -50.36666  -50.39446  0.04353  -50.41019  -50.32312  0.99945  0.00316  0.00488  
720     N/A    0.003852  -50.37520  -50.42597  0.04122  -50.41642  -50.33397  0.99899  0.00304  0.00467  
760     N/A    0.003877  -50.37393  -50.42168  0.04030  -50.41422  -50.33363  0.99905  0.00308  0.00467  
800     N/A    0.004206  -50.35731  -50.40806  0.03988  -50.39719  -50.31742  0.99899  0.00342  0.00499  
840     N/A    0.003270  -50.40464  -50.44633  0.03850  -50.44314  -50.36614  0.99917  0.00251  0.00403  
880     N/A    0.003190  -50.40870  -50.43653  0.03834  -50.44704  -50.37036  0.99945  0.00243  0.00395  
920     N/A    0.003287  -50.40376  -50.43618  0.03856  -50.44233  -50.36520  0.99936  0.00252  0.00405  
960     N/A    0.003380  -50.39905  -50.41482  0.03715  -50.43620  -50.36190  0.99969  0.00265  0.00411  
1000     N/A    0.002624  -50.43730  -50.43936  0.03643  -50.47372  -50.40087  0.99996  0.00190  0.00334  
1040     N/A    0.002780  -50.42942  -50.43477  0.03503  -50.46445  -50.39440  0.99989  0.00209  0.00347  
1080     N/A    0.002689  -50.43402  -50.44850  0.03509  -50.46911  -50.39892  0.99971  0.00200  0.00338  
1120     N/A    0.002482  -50.44447  -50.47473  0.03320  -50.47767  -50.41126  0.99940  0.00183  0.00314  
1160     N/A    0.002269  -50.45524  -50.45457  0.03318  -50.48842  -50.42206  1.00001  0.00161  0.00293  
1200     N/A    0.002373  -50.45002  -50.46716  0.03250  -50.48252  -50.41752  0.99966  0.00173  0.00302  
1240     N/A    0.002517  -50.44272  -50.45530  0.03213  -50.47485  -50.41059  0.99975  0.00188  0.00315  
1280     N/A    0.002470  -50.44508  -50.46683  0.03171  -50.47678  -50.41337  0.99957  0.00184  0.00310  
1320     N/A    0.002012  -50.46827  -50.48002  0.03155  -50.49981  -50.43672  0.99977  0.00139  0.00264  
1360     N/A    0.002487  -50.44422  -50.45661  0.03045  -50.47467  -50.41377  0.99975  0.00189  0.00309  
