nh: 22
samples1: 27500
samples2: 5000
burn_in: 500
steps: 100
Exact H:-50.57
   Fidelity  ROE       Mean      Median    CI Width LL on CI  UL on CI  mmRatio  Min Err  Max Err
20     N/A    0.101608  -45.43169  -45.53716  0.17855  -45.61024  -45.25314  0.99768  0.09808  0.10514  
40     N/A    0.060790  -47.49583  -47.65609  0.14398  -47.63981  -47.35184  0.99664  0.05794  0.06364  
60     N/A    0.043345  -48.37805  -48.51982  0.12439  -48.50245  -48.25366  0.99708  0.04088  0.04580  
80     N/A    0.034104  -48.84534  -48.95429  0.10865  -48.95399  -48.73669  0.99777  0.03196  0.03625  
100     N/A    0.027502  -49.17923  -49.32039  0.10427  -49.28350  -49.07496  0.99714  0.02544  0.02956  
120     N/A    0.023494  -49.38192  -49.46144  0.09707  -49.47899  -49.28484  0.99839  0.02157  0.02541  
140     N/A    0.021341  -49.49081  -49.62796  0.09151  -49.58232  -49.39930  0.99724  0.01953  0.02315  
160     N/A    0.020071  -49.55501  -49.68982  0.08966  -49.64467  -49.46535  0.99729  0.01830  0.02184  
180     N/A    0.017296  -49.69535  -49.85198  0.08385  -49.77920  -49.61150  0.99686  0.01564  0.01895  
200     N/A    0.014972  -49.81288  -49.94667  0.08052  -49.89340  -49.73236  0.99732  0.01338  0.01656  
220     N/A    0.014560  -49.83372  -49.99884  0.07659  -49.91031  -49.75713  0.99670  0.01305  0.01607  
240     N/A    0.013551  -49.88470  -50.01580  0.07305  -49.95776  -49.81165  0.99738  0.01211  0.01500  
260     N/A    0.012849  -49.92024  -50.05912  0.07091  -49.99115  -49.84933  0.99723  0.01145  0.01425  
280     N/A    0.010530  -50.03751  -50.15728  0.06887  -50.10637  -49.96864  0.99761  0.00917  0.01189  
300     N/A    0.010533  -50.03733  -50.17647  0.06757  -50.10490  -49.96976  0.99723  0.00920  0.01187  
320     N/A    0.009322  -50.09857  -50.22199  0.06481  -50.16338  -50.03376  0.99754  0.00804  0.01060  
340     N/A    0.008509  -50.13972  -50.25833  0.06424  -50.20396  -50.07548  0.99764  0.00724  0.00978  
360     N/A    0.009111  -50.10924  -50.19047  0.05983  -50.16907  -50.04941  0.99838  0.00793  0.01029  
380     N/A    0.008124  -50.15915  -50.26164  0.05858  -50.21773  -50.10058  0.99796  0.00697  0.00928  
400     N/A    0.008654  -50.13237  -50.24670  0.05863  -50.19100  -50.07374  0.99772  0.00749  0.00981  
420     N/A    0.007518  -50.18980  -50.26346  0.05597  -50.24578  -50.13383  0.99853  0.00641  0.00863  
440     N/A    0.006886  -50.22179  -50.29071  0.05495  -50.27674  -50.16684  0.99863  0.00580  0.00797  
460     N/A    0.007033  -50.21433  -50.30431  0.05384  -50.26817  -50.16049  0.99821  0.00597  0.00810  
480     N/A    0.005732  -50.28014  -50.33490  0.05374  -50.33388  -50.22639  0.99891  0.00467  0.00679  
500     N/A    0.006064  -50.26337  -50.30287  0.05168  -50.31504  -50.21169  0.99921  0.00504  0.00709  
520     N/A    0.005162  -50.30895  -50.36179  0.05100  -50.35995  -50.25794  0.99895  0.00415  0.00617  
540     N/A    0.005431  -50.29534  -50.33606  0.05114  -50.34648  -50.24420  0.99919  0.00442  0.00644  
560     N/A    0.005624  -50.28562  -50.34172  0.04905  -50.33467  -50.23657  0.99889  0.00465  0.00659  
580     N/A    0.005537  -50.28999  -50.34123  0.04976  -50.33975  -50.24023  0.99898  0.00455  0.00652  
600     N/A    0.006234  -50.25475  -50.29322  0.04871  -50.30346  -50.20604  0.99924  0.00527  0.00720  
620     N/A    0.004576  -50.33858  -50.36679  0.04678  -50.38536  -50.29180  0.99944  0.00365  0.00550  
640     N/A    0.003995  -50.36798  -50.37792  0.04574  -50.41371  -50.32224  0.99980  0.00309  0.00490  
660     N/A    0.005184  -50.30784  -50.36792  0.04674  -50.35458  -50.26110  0.99881  0.00426  0.00611  
680     N/A    0.004847  -50.32487  -50.35630  0.04504  -50.36991  -50.27983  0.99938  0.00396  0.00574  
700     N/A    0.004424  -50.34627  -50.37228  0.04376  -50.39002  -50.30251  0.99948  0.00356  0.00529  
720     N/A    0.004205  -50.35734  -50.39025  0.04512  -50.40246  -50.31223  0.99935  0.00331  0.00510  
740     N/A    0.004349  -50.35005  -50.36395  0.04294  -50.39299  -50.30710  0.99972  0.00350  0.00520  
760     N/A    0.004262  -50.35447  -50.38262  0.04282  -50.39729  -50.31165  0.99944  0.00342  0.00511  
780     N/A    0.003879  -50.37383  -50.38687  0.04209  -50.41592  -50.33174  0.99974  0.00305  0.00471  
800     N/A    0.003345  -50.40084  -50.40524  0.04105  -50.44189  -50.35979  0.99991  0.00253  0.00416  
820     N/A    0.003922  -50.37164  -50.37286  0.04218  -50.41382  -50.32946  0.99998  0.00309  0.00476  
840     N/A    0.003407  -50.39771  -50.41875  0.04160  -50.43930  -50.35611  0.99958  0.00258  0.00423  
860     N/A    0.003825  -50.37654  -50.42061  0.03965  -50.41619  -50.33690  0.99913  0.00304  0.00461  
880     N/A    0.003641  -50.38585  -50.40915  0.03934  -50.42519  -50.34652  0.99954  0.00286  0.00442  
900     N/A    0.003694  -50.38318  -50.40288  0.03978  -50.42296  -50.34340  0.99961  0.00291  0.00448  
920     N/A    0.003467  -50.39468  -50.39739  0.03826  -50.43295  -50.35642  0.99995  0.00271  0.00422  
940     N/A    0.003235  -50.40641  -50.42500  0.03800  -50.44441  -50.36840  0.99963  0.00248  0.00399  
960     N/A    0.003017  -50.41744  -50.43121  0.03783  -50.45527  -50.37961  0.99973  0.00227  0.00376  
980     N/A    0.003427  -50.39669  -50.42200  0.03705  -50.43373  -50.35964  0.99950  0.00269  0.00416  
1000     N/A    0.003313  -50.40245  -50.43145  0.03886  -50.44131  -50.36359  0.99942  0.00254  0.00408  
1020     N/A    0.003511  -50.39244  -50.42925  0.03781  -50.43025  -50.35462  0.99927  0.00276  0.00426  
1040     N/A    0.003036  -50.41645  -50.43741  0.03598  -50.45243  -50.38047  0.99958  0.00232  0.00375  
1060     N/A    0.003108  -50.41282  -50.43014  0.03640  -50.44922  -50.37642  0.99966  0.00239  0.00383  
1080     N/A    0.003168  -50.40977  -50.42050  0.03550  -50.44527  -50.37427  0.99979  0.00247  0.00387  
1100     N/A    0.002482  -50.44450  -50.44503  0.03499  -50.47949  -50.40951  0.99999  0.00179  0.00317  
1120     N/A    0.002627  -50.43714  -50.45233  0.03518  -50.47232  -50.40196  0.99970  0.00193  0.00332  
1140     N/A    0.002640  -50.43650  -50.42609  0.03422  -50.47072  -50.40227  1.00021  0.00196  0.00332  
1160     N/A    0.003010  -50.41780  -50.44491  0.03555  -50.45335  -50.38225  0.99946  0.00231  0.00371  
1180     N/A    0.002860  -50.42535  -50.43325  0.03444  -50.45979  -50.39092  0.99984  0.00218  0.00354  
1200     N/A    0.002909  -50.42291  -50.44402  0.03423  -50.45714  -50.38868  0.99958  0.00223  0.00359  
1220     N/A    0.002441  -50.44655  -50.45127  0.03463  -50.48119  -50.41192  0.99991  0.00176  0.00313  
1240     N/A    0.002320  -50.45267  -50.46338  0.03343  -50.48610  -50.41925  0.99979  0.00166  0.00298  
1260     N/A    0.002762  -50.43032  -50.44594  0.03382  -50.46414  -50.39650  0.99969  0.00209  0.00343  
1280     N/A    0.002873  -50.42471  -50.44370  0.03358  -50.45829  -50.39112  0.99962  0.00221  0.00354  
1300     N/A    0.002476  -50.44480  -50.45337  0.03262  -50.47742  -50.41218  0.99983  0.00183  0.00312  
1320     N/A    0.003014  -50.41759  -50.43010  0.03245  -50.45004  -50.38514  0.99975  0.00237  0.00366  
1340     N/A    0.002260  -50.45573  -50.46241  0.03327  -50.48900  -50.42246  0.99987  0.00160  0.00292  
1360     N/A    0.002045  -50.46656  -50.46117  0.03188  -50.49845  -50.43468  1.00011  0.00141  0.00268  
1380     N/A    0.002487  -50.44421  -50.45734  0.03206  -50.47626  -50.41215  0.99974  0.00185  0.00312  
1400     N/A    0.002276  -50.45492  -50.45881  0.03209  -50.48700  -50.42283  0.99992  0.00164  0.00291  
1420     N/A    0.002227  -50.45736  -50.45383  0.03043  -50.48779  -50.42693  1.00007  0.00163  0.00283  
1440     N/A    0.002477  -50.44476  -50.44820  0.03122  -50.47597  -50.41354  0.99993  0.00186  0.00309  
1460     N/A    0.002642  -50.43642  -50.44767  0.03010  -50.46652  -50.40632  0.99978  0.00205  0.00324  
1480     N/A    0.002179  -50.45982  -50.46397  0.03030  -50.49012  -50.42952  0.99992  0.00158  0.00278  
1500     N/A    0.002132  -50.46219  -50.46541  0.02940  -50.49159  -50.43279  0.99994  0.00155  0.00271  
1520     N/A    0.002165  -50.46053  -50.44942  0.02875  -50.48928  -50.43179  1.00022  0.00160  0.00273  
1540     N/A    0.001963  -50.47071  -50.45646  0.02782  -50.49853  -50.44289  1.00028  0.00141  0.00251  
1560     N/A    0.001725  -50.48275  -50.48173  0.02790  -50.51065  -50.45486  1.00002  0.00117  0.00228  
1580     N/A    0.001686  -50.48472  -50.46891  0.02775  -50.51247  -50.45696  1.00031  0.00114  0.00224  
1600     N/A    0.001441  -50.49713  -50.49342  0.02722  -50.52435  -50.46992  1.00007  0.00090  0.00198  
1620     N/A    0.001958  -50.47099  -50.46115  0.02672  -50.49771  -50.44427  1.00019  0.00143  0.00249  
1640     N/A    0.001735  -50.48227  -50.48183  0.02659  -50.50886  -50.45568  1.00001  0.00121  0.00226  
1660     N/A    0.001933  -50.47224  -50.47871  0.02638  -50.49862  -50.44585  0.99987  0.00141  0.00245  
1680     N/A    0.001555  -50.49136  -50.49706  0.02568  -50.51704  -50.46568  0.99989  0.00105  0.00206  
1700     N/A    0.002118  -50.46290  -50.46972  0.02671  -50.48961  -50.43619  0.99986  0.00159  0.00265  
1720     N/A    0.001633  -50.48740  -50.48077  0.02557  -50.51297  -50.46184  1.00013  0.00113  0.00214  
1740     N/A    0.001584  -50.48991  -50.48121  0.02502  -50.51493  -50.46490  1.00017  0.00109  0.00208  
1760     N/A    0.001511  -50.49358  -50.47834  0.02556  -50.51914  -50.46803  1.00030  0.00101  0.00202  
1780     N/A    0.001671  -50.48552  -50.49105  0.02493  -50.51045  -50.46059  0.99989  0.00118  0.00216  
1800     N/A    0.001802  -50.47886  -50.46309  0.02497  -50.50383  -50.45389  1.00031  0.00131  0.00230  
1820     N/A    0.001667  -50.48570  -50.49184  0.02512  -50.51082  -50.46058  0.99988  0.00117  0.00216  
1840     N/A    0.001678  -50.48516  -50.48352  0.02477  -50.50993  -50.46039  1.00003  0.00119  0.00217  
1860     N/A    0.001846  -50.47663  -50.47521  0.02463  -50.50126  -50.45199  1.00003  0.00136  0.00233  
1880     N/A    0.001487  -50.49478  -50.48165  0.02448  -50.51926  -50.47030  1.00026  0.00100  0.00197  
1900     N/A    0.001746  -50.48169  -50.48623  0.02477  -50.50646  -50.45691  0.99991  0.00126  0.00224  
1920     N/A    0.001455  -50.49644  -50.49176  0.02466  -50.52110  -50.47178  1.00009  0.00097  0.00194  
1940     N/A    0.001183  -50.51018  -50.49967  0.02403  -50.53421  -50.48614  1.00021  0.00071  0.00166  
1960     N/A    0.001285  -50.50503  -50.49923  0.02424  -50.52928  -50.48079  1.00011  0.00081  0.00176  
1980     N/A    0.001718  -50.48311  -50.49067  0.02378  -50.50689  -50.45933  0.99985  0.00125  0.00219  
2000     N/A    0.001458  -50.49628  -50.49137  0.02423  -50.52051  -50.47205  1.00010  0.00098  0.00194  
2020     N/A    0.001282  -50.50515  -50.49730  0.02412  -50.52926  -50.48103  1.00016  0.00081  0.00176  
2040     N/A    0.001360  -50.50120  -50.50501  0.02431  -50.52551  -50.47689  0.99992  0.00088  0.00184  
2060     N/A    0.001454  -50.49648  -50.49417  0.02378  -50.52025  -50.47270  1.00005  0.00098  0.00192  
2080     N/A    0.001532  -50.49253  -50.49298  0.02414  -50.51667  -50.46839  0.99999  0.00105  0.00201  
2100     N/A    0.001441  -50.49714  -50.49111  0.02417  -50.52131  -50.47296  1.00012  0.00096  0.00192  
2120     N/A    0.001429  -50.49773  -50.48387  0.02373  -50.52146  -50.47400  1.00027  0.00096  0.00190  
2140     N/A    0.001307  -50.50390  -50.49985  0.02363  -50.52753  -50.48027  1.00008  0.00084  0.00177  
2160     N/A    0.001314  -50.50357  -50.50482  0.02391  -50.52749  -50.47966  0.99998  0.00084  0.00179  
2180     N/A    0.001062  -50.51627  -50.50844  0.02351  -50.53978  -50.49276  1.00016  0.00060  0.00153  
2200     N/A    0.001219  -50.50835  -50.49587  0.02328  -50.53163  -50.48507  1.00025  0.00076  0.00168  
2220     N/A    0.001658  -50.48616  -50.48551  0.02315  -50.50931  -50.46301  1.00001  0.00120  0.00212  
2240     N/A    0.001654  -50.48635  -50.50003  0.02375  -50.51010  -50.46260  0.99973  0.00118  0.00212  
2260     N/A    0.001158  -50.51142  -50.50383  0.02395  -50.53537  -50.48747  1.00015  0.00068  0.00163  
2280     N/A    0.001416  -50.49837  -50.49902  0.02327  -50.52164  -50.47510  0.99999  0.00096  0.00188  
2300     N/A    0.001194  -50.50960  -50.49292  0.02366  -50.53326  -50.48595  1.00033  0.00073  0.00166  
2320     N/A    0.001578  -50.49022  -50.48665  0.02386  -50.51408  -50.46636  1.00007  0.00111  0.00205  
2340     N/A    0.001692  -50.48445  -50.47222  0.02360  -50.50805  -50.46086  1.00024  0.00123  0.00216  
2360     N/A    0.001456  -50.49635  -50.48966  0.02322  -50.51957  -50.47313  1.00013  0.00100  0.00192  
2380     N/A    0.001223  -50.50814  -50.50761  0.02336  -50.53149  -50.48478  1.00001  0.00076  0.00169  
2400     N/A    0.001390  -50.49969  -50.49279  0.02338  -50.52307  -50.47631  1.00014  0.00093  0.00185  
2420     N/A    0.001131  -50.51281  -50.50702  0.02345  -50.53626  -50.48936  1.00011  0.00067  0.00159  
2440     N/A    0.001189  -50.50985  -50.50350  0.02294  -50.53279  -50.48691  1.00013  0.00074  0.00164  
2460     N/A    0.001305  -50.50401  -50.48553  0.02305  -50.52706  -50.48096  1.00037  0.00085  0.00176  
2480     N/A    0.001317  -50.50340  -50.49656  0.02345  -50.52686  -50.47995  1.00014  0.00085  0.00178  
2500     N/A    0.001627  -50.48775  -50.47302  0.02382  -50.51157  -50.46392  1.00029  0.00116  0.00210  
2520     N/A    0.001654  -50.48634  -50.48688  0.02339  -50.50973  -50.46295  0.99999  0.00119  0.00212  
2540     N/A    0.001643  -50.48691  -50.48152  0.02303  -50.50994  -50.46387  1.00011  0.00119  0.00210  
2560     N/A    0.001627  -50.48770  -50.49340  0.02269  -50.51039  -50.46500  0.99989  0.00118  0.00208  
2580     N/A    0.001450  -50.49668  -50.49927  0.02371  -50.52039  -50.47297  0.99995  0.00098  0.00192  
2600     N/A    0.001310  -50.50377  -50.49297  0.02290  -50.52667  -50.48087  1.00021  0.00086  0.00176  
2620     N/A    0.001515  -50.49338  -50.49340  0.02306  -50.51644  -50.47032  1.00000  0.00106  0.00197  
2640     N/A    0.001461  -50.49614  -50.49635  0.02303  -50.51916  -50.47311  1.00000  0.00101  0.00192  
2660     N/A    0.001449  -50.49671  -50.49758  0.02284  -50.51955  -50.47387  0.99998  0.00100  0.00190  
2680     N/A    0.001345  -50.50197  -50.49942  0.02316  -50.52513  -50.47881  1.00005  0.00089  0.00180  
2700     N/A    0.001510  -50.49364  -50.49206  0.02311  -50.51675  -50.47052  1.00003  0.00105  0.00197  
2720     N/A    0.001614  -50.48838  -50.47536  0.02311  -50.51149  -50.46527  1.00026  0.00116  0.00207  
2740     N/A    0.001709  -50.48357  -50.48513  0.02351  -50.50708  -50.46007  0.99997  0.00124  0.00217  
2760     N/A    0.001573  -50.49044  -50.49017  0.02350  -50.51394  -50.46694  1.00001  0.00111  0.00204  
2780     N/A    0.001016  -50.51860  -50.50776  0.02356  -50.54217  -50.49504  1.00021  0.00055  0.00148  
2800     N/A    0.001484  -50.49493  -50.48651  0.02273  -50.51766  -50.47220  1.00017  0.00103  0.00193  
2820     N/A    0.001307  -50.50388  -50.49618  0.02321  -50.52709  -50.48068  1.00015  0.00085  0.00177  
2840     N/A    0.001299  -50.50433  -50.49653  0.02293  -50.52726  -50.48141  1.00015  0.00085  0.00175  
2860     N/A    0.001419  -50.49825  -50.48974  0.02300  -50.52125  -50.47525  1.00017  0.00096  0.00187  
2880     N/A    0.001201  -50.50925  -50.49612  0.02310  -50.53235  -50.48615  1.00026  0.00074  0.00166  
2900     N/A    0.001056  -50.51662  -50.51242  0.02278  -50.53940  -50.49384  1.00008  0.00061  0.00151  
2920     N/A    0.001446  -50.49686  -50.49636  0.02339  -50.52026  -50.47347  1.00001  0.00098  0.00191  
2940     N/A    0.001358  -50.50134  -50.49737  0.02310  -50.52444  -50.47823  1.00008  0.00090  0.00181  
2960     N/A    0.001545  -50.49188  -50.49319  0.02340  -50.51528  -50.46848  0.99997  0.00108  0.00201  
2980     N/A    0.001793  -50.47934  -50.47936  0.02275  -50.50208  -50.45659  1.00000  0.00134  0.00224  
3000     N/A    0.001554  -50.49142  -50.47231  0.02277  -50.51418  -50.46865  1.00038  0.00110  0.00200  
3020     N/A    0.001315  -50.50348  -50.49576  0.02262  -50.52610  -50.48086  1.00015  0.00087  0.00176  
3040     N/A    0.001287  -50.50490  -50.49617  0.02297  -50.52787  -50.48192  1.00017  0.00083  0.00174  
3060     N/A    0.001412  -50.49862  -50.49854  0.02285  -50.52146  -50.47577  1.00000  0.00096  0.00186  
3080     N/A    0.001301  -50.50422  -50.49755  0.02256  -50.52677  -50.48166  1.00013  0.00085  0.00175  
3100     N/A    0.001294  -50.50455  -50.50237  0.02298  -50.52753  -50.48156  1.00004  0.00084  0.00175  
3120     N/A    0.001123  -50.51320  -50.48644  0.02272  -50.53592  -50.49048  1.00053  0.00067  0.00157  
3140     N/A    0.001536  -50.49231  -50.48209  0.02283  -50.51514  -50.46949  1.00020  0.00108  0.00199  
3160     N/A    0.001363  -50.50109  -50.49387  0.02269  -50.52378  -50.47840  1.00014  0.00091  0.00181  
3180     N/A    0.001325  -50.50302  -50.49372  0.02322  -50.52623  -50.47980  1.00018  0.00087  0.00178  
3200     N/A    0.001809  -50.47852  -50.47072  0.02277  -50.50129  -50.45574  1.00015  0.00136  0.00226  
3220     N/A    0.001400  -50.49918  -50.49655  0.02282  -50.52200  -50.47636  1.00005  0.00095  0.00185  
3240     N/A    0.001221  -50.50828  -50.51321  0.02285  -50.53113  -50.48542  0.99990  0.00077  0.00167  
3260     N/A    0.001129  -50.51290  -50.50273  0.02265  -50.53554  -50.49025  1.00020  0.00068  0.00158  
3280     N/A    0.001320  -50.50326  -50.50513  0.02268  -50.52594  -50.48058  0.99996  0.00087  0.00177  
3300     N/A    0.001465  -50.49590  -50.49319  0.02291  -50.51881  -50.47300  1.00005  0.00101  0.00192  
3320     N/A    0.001663  -50.48590  -50.48786  0.02303  -50.50893  -50.46286  0.99996  0.00121  0.00212  
3340     N/A    0.001368  -50.50083  -50.49858  0.02392  -50.52475  -50.47691  1.00004  0.00089  0.00184  
3360     N/A    0.001271  -50.50574  -50.50813  0.02280  -50.52854  -50.48294  0.99995  0.00082  0.00172  
3380     N/A    0.001391  -50.49966  -50.48076  0.02342  -50.52308  -50.47623  1.00037  0.00093  0.00185  
3400     N/A    0.001653  -50.48639  -50.48087  0.02328  -50.50967  -50.46310  1.00011  0.00119  0.00211  
3420     N/A    0.001129  -50.51292  -50.49235  0.02271  -50.53564  -50.49021  1.00041  0.00068  0.00158  
3440     N/A    0.001657  -50.48621  -50.47445  0.02301  -50.50921  -50.46320  1.00023  0.00120  0.00211  
3460     N/A    0.001464  -50.49595  -50.48875  0.02284  -50.51878  -50.47311  1.00014  0.00101  0.00192  
3480     N/A    0.001326  -50.50295  -50.49390  0.02258  -50.52553  -50.48037  1.00018  0.00088  0.00177  
3500     N/A    0.001439  -50.49724  -50.48173  0.02347  -50.52070  -50.47377  1.00031  0.00097  0.00190  
3520     N/A    0.001314  -50.50357  -50.48906  0.02304  -50.52660  -50.48053  1.00029  0.00086  0.00177  
3540     N/A    0.001637  -50.48720  -50.49105  0.02303  -50.51023  -50.46416  0.99992  0.00118  0.00209  
