nh: 22
samples1: 30000
samples2: 5000
burn_in: 500
steps: 100
Exact H:-50.57
   Fidelity  ROE       Mean      Median    CI Width LL on CI  UL on CI  mmRatio  Min Err  Max Err
20     N/A    0.094647  -45.78368  -45.98407  0.17366  -45.95734  -45.61002  0.99564  0.09121  0.09808  
40     N/A    0.054139  -47.83217  -47.87074  0.13720  -47.96937  -47.69497  0.99919  0.05143  0.05685  
60     N/A    0.038075  -48.64454  -48.83754  0.11946  -48.76400  -48.52509  0.99605  0.03571  0.04044  
80     N/A    0.028861  -49.11052  -49.26178  0.10571  -49.21623  -49.00481  0.99693  0.02677  0.03095  
100     N/A    0.025668  -49.27197  -49.41165  0.09854  -49.37051  -49.17343  0.99717  0.02372  0.02762  
120     N/A    0.022176  -49.44855  -49.53129  0.09269  -49.54124  -49.35586  0.99833  0.02034  0.02401  
140     N/A    0.018865  -49.61600  -49.75901  0.08751  -49.70352  -49.52849  0.99713  0.01713  0.02060  
160     N/A    0.016573  -49.73190  -49.86650  0.08158  -49.81348  -49.65031  0.99730  0.01496  0.01819  
180     N/A    0.014992  -49.81186  -49.93562  0.07649  -49.88835  -49.73537  0.99752  0.01348  0.01650  
200     N/A    0.012412  -49.94232  -50.03608  0.07222  -50.01454  -49.87009  0.99813  0.01098  0.01384  
220     N/A    0.011019  -50.01279  -50.12604  0.06820  -50.08099  -49.94459  0.99774  0.00967  0.01237  
240     N/A    0.011048  -50.01130  -50.11887  0.06636  -50.07766  -49.94494  0.99785  0.00974  0.01236  
260     N/A    0.009451  -50.09209  -50.22162  0.06497  -50.15705  -50.02712  0.99742  0.00817  0.01074  
280     N/A    0.008541  -50.13808  -50.24777  0.06231  -50.20039  -50.07577  0.99782  0.00731  0.00977  
300     N/A    0.008058  -50.16251  -50.22857  0.05999  -50.22249  -50.10252  0.99868  0.00687  0.00924  
320     N/A    0.008509  -50.13972  -50.24935  0.05750  -50.19722  -50.08221  0.99782  0.00737  0.00965  
340     N/A    0.006994  -50.21632  -50.32314  0.05741  -50.27373  -50.15892  0.99788  0.00586  0.00813  
360     N/A    0.007200  -50.20587  -50.27216  0.05721  -50.26309  -50.14866  0.99868  0.00607  0.00833  
380     N/A    0.006619  -50.23528  -50.33194  0.05343  -50.28871  -50.18185  0.99808  0.00556  0.00768  
400     N/A    0.006235  -50.25471  -50.33515  0.05324  -50.30796  -50.20147  0.99840  0.00518  0.00729  
420     N/A    0.006179  -50.25755  -50.31760  0.05245  -50.31000  -50.20509  0.99881  0.00514  0.00722  
440     N/A    0.006070  -50.26303  -50.32001  0.04973  -50.31276  -50.21330  0.99887  0.00509  0.00705  
460     N/A    0.005598  -50.28692  -50.34818  0.04861  -50.33553  -50.23832  0.99878  0.00464  0.00656  
480     N/A    0.004878  -50.32333  -50.37025  0.04800  -50.37134  -50.27533  0.99907  0.00393  0.00583  
500     N/A    0.004694  -50.33261  -50.38955  0.04625  -50.37886  -50.28636  0.99887  0.00378  0.00561  
520     N/A    0.004843  -50.32511  -50.36491  0.04616  -50.37127  -50.27895  0.99921  0.00393  0.00576  
540     N/A    0.004299  -50.35260  -50.36348  0.04570  -50.39830  -50.30690  0.99978  0.00340  0.00520  
560     N/A    0.004848  -50.32481  -50.36775  0.04430  -50.36911  -50.28052  0.99915  0.00397  0.00572  
580     N/A    0.004117  -50.36180  -50.40696  0.04465  -50.40645  -50.31715  0.99910  0.00323  0.00500  
600     N/A    0.004002  -50.36762  -50.41408  0.04268  -50.41030  -50.32493  0.99908  0.00316  0.00485  
620     N/A    0.004368  -50.34909  -50.40211  0.04376  -50.39284  -50.30533  0.99895  0.00350  0.00523  
640     N/A    0.003959  -50.36978  -50.39092  0.04194  -50.41173  -50.32784  0.99958  0.00313  0.00479  
660     N/A    0.003763  -50.37969  -50.39181  0.04188  -50.42157  -50.33781  0.99976  0.00294  0.00459  
680     N/A    0.003871  -50.37425  -50.38848  0.04100  -50.41525  -50.33326  0.99972  0.00306  0.00468  
700     N/A    0.003541  -50.39094  -50.41051  0.03999  -50.43093  -50.35095  0.99961  0.00275  0.00433  
720     N/A    0.003627  -50.38656  -50.40154  0.04029  -50.42685  -50.34627  0.99970  0.00283  0.00442  
740     N/A    0.004012  -50.36710  -50.39031  0.03925  -50.40636  -50.32785  0.99954  0.00324  0.00479  
760     N/A    0.003708  -50.38251  -50.40768  0.03945  -50.42196  -50.34305  0.99950  0.00293  0.00449  
780     N/A    0.003465  -50.39479  -50.40154  0.03892  -50.43371  -50.35587  0.99987  0.00270  0.00423  
800     N/A    0.003829  -50.37636  -50.38229  0.03840  -50.41476  -50.33796  0.99988  0.00307  0.00459  
820     N/A    0.003624  -50.38672  -50.39572  0.03710  -50.42382  -50.34961  0.99982  0.00289  0.00436  
840     N/A    0.002947  -50.42099  -50.45643  0.03714  -50.45813  -50.38384  0.99930  0.00221  0.00368  
860     N/A    0.002932  -50.42175  -50.43361  0.03726  -50.45901  -50.38449  0.99976  0.00219  0.00367  
880     N/A    0.002859  -50.42541  -50.45391  0.03776  -50.46317  -50.38765  0.99944  0.00211  0.00361  
900     N/A    0.002932  -50.42174  -50.43250  0.03699  -50.45872  -50.38475  0.99979  0.00220  0.00366  
920     N/A    0.002833  -50.42676  -50.42898  0.03681  -50.46357  -50.38995  0.99996  0.00210  0.00356  
940     N/A    0.002684  -50.43428  -50.43830  0.03577  -50.47005  -50.39852  0.99992  0.00198  0.00339  
960     N/A    0.003148  -50.41083  -50.42853  0.03614  -50.44697  -50.37469  0.99965  0.00243  0.00386  
980     N/A    0.003246  -50.40585  -50.44047  0.03631  -50.44217  -50.36954  0.99931  0.00253  0.00396  
1000     N/A    0.003018  -50.41739  -50.43708  0.03528  -50.45267  -50.38211  0.99961  0.00232  0.00372  
1020     N/A    0.003024  -50.41709  -50.43400  0.03484  -50.45193  -50.38225  0.99966  0.00233  0.00371  
1040     N/A    0.002485  -50.44432  -50.44140  0.03340  -50.47772  -50.41093  1.00006  0.00182  0.00315  
1060     N/A    0.002715  -50.43271  -50.44349  0.03429  -50.46700  -50.39843  0.99979  0.00204  0.00339  
1080     N/A    0.002358  -50.45078  -50.44726  0.03326  -50.48405  -50.41752  1.00007  0.00170  0.00302  
1100     N/A    0.002790  -50.42889  -50.45120  0.03355  -50.46245  -50.39534  0.99956  0.00213  0.00345  
1120     N/A    0.002506  -50.44326  -50.44936  0.03430  -50.47755  -50.40896  0.99988  0.00183  0.00318  
1140     N/A    0.002750  -50.43091  -50.43954  0.03443  -50.46534  -50.39647  0.99983  0.00207  0.00343  
1160     N/A    0.002511  -50.44304  -50.45806  0.03332  -50.47636  -50.40972  0.99970  0.00185  0.00317  
1180     N/A    0.002553  -50.44091  -50.44984  0.03313  -50.47404  -50.40778  0.99982  0.00190  0.00321  
1200     N/A    0.003282  -50.40401  -50.43498  0.03328  -50.43729  -50.37073  0.99939  0.00262  0.00394  
1220     N/A    0.002301  -50.45361  -50.45198  0.03297  -50.48658  -50.42065  1.00003  0.00165  0.00295  
1240     N/A    0.002843  -50.42621  -50.42109  0.03249  -50.45870  -50.39372  1.00010  0.00220  0.00349  
1260     N/A    0.002573  -50.43989  -50.44474  0.03239  -50.47228  -50.40750  0.99990  0.00193  0.00321  
1280     N/A    0.002367  -50.45029  -50.47675  0.03319  -50.48348  -50.41710  0.99948  0.00171  0.00302  
1300     N/A    0.002774  -50.42970  -50.43748  0.03237  -50.46207  -50.39733  0.99985  0.00213  0.00341  
1320     N/A    0.002383  -50.44948  -50.47175  0.03230  -50.48177  -50.41718  0.99956  0.00174  0.00302  
1340     N/A    0.002311  -50.45315  -50.44807  0.03225  -50.48539  -50.42090  1.00010  0.00167  0.00295  
1360     N/A    0.002234  -50.45705  -50.46748  0.03218  -50.48923  -50.42487  0.99979  0.00160  0.00287  
1380     N/A    0.001986  -50.46958  -50.47439  0.03221  -50.50178  -50.43737  0.99990  0.00135  0.00262  
1400     N/A    0.002225  -50.45747  -50.48453  0.03137  -50.48884  -50.42610  0.99946  0.00160  0.00285  
1420     N/A    0.002632  -50.43690  -50.46025  0.03182  -50.46872  -50.40507  0.99954  0.00200  0.00326  
1440     N/A    0.001845  -50.47668  -50.50917  0.03163  -50.50831  -50.44504  0.99936  0.00122  0.00247  
1460     N/A    0.002482  -50.44450  -50.46060  0.03221  -50.47671  -50.41228  0.99968  0.00184  0.00312  
1480     N/A    0.002535  -50.44182  -50.46120  0.03174  -50.47356  -50.41008  0.99962  0.00191  0.00316  
1500     N/A    0.002472  -50.44499  -50.45390  0.03100  -50.47599  -50.41400  0.99982  0.00186  0.00308  
1520     N/A    0.002466  -50.44527  -50.45302  0.03194  -50.47721  -50.41333  0.99985  0.00183  0.00310  
1540     N/A    0.002398  -50.44873  -50.44531  0.03129  -50.48002  -50.41744  1.00007  0.00178  0.00302  
1560     N/A    0.002137  -50.46192  -50.48638  0.03006  -50.49198  -50.43186  0.99952  0.00154  0.00273  
1580     N/A    0.002376  -50.44987  -50.48814  0.03188  -50.48175  -50.41798  0.99924  0.00175  0.00301  
1600     N/A    0.002321  -50.45262  -50.45007  0.03104  -50.48365  -50.42158  1.00005  0.00171  0.00293  
1620     N/A    0.001871  -50.47539  -50.47603  0.03122  -50.50661  -50.44417  0.99999  0.00125  0.00249  
1640     N/A    0.002135  -50.46205  -50.47645  0.03090  -50.49296  -50.43115  0.99971  0.00152  0.00275  
1660     N/A    0.001972  -50.47028  -50.49432  0.03008  -50.50036  -50.44020  0.99952  0.00138  0.00257  
1680     N/A    0.002225  -50.45749  -50.48861  0.03099  -50.48848  -50.42650  0.99938  0.00161  0.00284  
1700     N/A    0.002455  -50.44586  -50.45907  0.03039  -50.47625  -50.41546  0.99974  0.00185  0.00306  
1720     N/A    0.001868  -50.47555  -50.48128  0.03062  -50.50617  -50.44493  0.99989  0.00126  0.00247  
1740     N/A    0.002485  -50.44431  -50.45338  0.03135  -50.47566  -50.41296  0.99982  0.00187  0.00311  
1760     N/A    0.002132  -50.46220  -50.47181  0.02905  -50.49125  -50.43316  0.99981  0.00156  0.00271  
1780     N/A    0.002048  -50.46645  -50.47895  0.02932  -50.49577  -50.43712  0.99975  0.00147  0.00263  
1800     N/A    0.001933  -50.47224  -50.48291  0.03034  -50.50259  -50.44190  0.99979  0.00133  0.00253  
1820     N/A    0.002650  -50.43599  -50.44591  0.02985  -50.46584  -50.40614  0.99980  0.00206  0.00324  
1840     N/A    0.001925  -50.47264  -50.48419  0.02955  -50.50219  -50.44308  0.99977  0.00134  0.00251  
1860     N/A    0.002183  -50.45959  -50.48043  0.02947  -50.48905  -50.43012  0.99959  0.00160  0.00277  
1880     N/A    0.002190  -50.45927  -50.47545  0.02915  -50.48841  -50.43012  0.99968  0.00161  0.00277  
1900     N/A    0.002016  -50.46803  -50.46516  0.02993  -50.49797  -50.43810  1.00006  0.00142  0.00261  
1920     N/A    0.002248  -50.45632  -50.47155  0.02877  -50.48509  -50.42755  0.99970  0.00168  0.00282  
1940     N/A    0.001701  -50.48399  -50.47405  0.02883  -50.51282  -50.45516  1.00020  0.00113  0.00227  
1960     N/A    0.002160  -50.46076  -50.45107  0.02845  -50.48921  -50.43231  1.00019  0.00160  0.00272  
1980     N/A    0.002044  -50.46664  -50.46190  0.02795  -50.49459  -50.43869  1.00009  0.00149  0.00260  
2000     N/A    0.001737  -50.48217  -50.47548  0.02780  -50.50997  -50.45437  1.00013  0.00119  0.00229  
2020     N/A    0.001875  -50.47519  -50.48548  0.02804  -50.50323  -50.44715  0.99980  0.00132  0.00243  
2040     N/A    0.001797  -50.47911  -50.48265  0.02670  -50.50581  -50.45241  0.99993  0.00127  0.00233  
2060     N/A    0.001876  -50.47511  -50.46637  0.02613  -50.50124  -50.44898  1.00017  0.00136  0.00239  
2080     N/A    0.001603  -50.48894  -50.49648  0.02637  -50.51531  -50.46257  0.99985  0.00108  0.00212  
2100     N/A    0.001756  -50.48120  -50.48370  0.02603  -50.50724  -50.45517  0.99995  0.00124  0.00227  
2120     N/A    0.001794  -50.47928  -50.47493  0.02573  -50.50501  -50.45355  1.00009  0.00129  0.00230  
2140     N/A    0.001629  -50.48761  -50.48405  0.02607  -50.51367  -50.46154  1.00007  0.00111  0.00214  
2160     N/A    0.001365  -50.50098  -50.49283  0.02528  -50.52626  -50.47570  1.00016  0.00087  0.00186  
2180     N/A    0.001563  -50.49097  -50.48461  0.02517  -50.51614  -50.46580  1.00013  0.00107  0.00206  
2200     N/A    0.001224  -50.50810  -50.50084  0.02408  -50.53218  -50.48402  1.00014  0.00075  0.00170  
2220     N/A    0.001235  -50.50755  -50.49986  0.02419  -50.53174  -50.48336  1.00015  0.00076  0.00171  
2240     N/A    0.001692  -50.48444  -50.48278  0.02427  -50.50871  -50.46017  1.00003  0.00121  0.00217  
2260     N/A    0.001463  -50.49602  -50.49582  0.02463  -50.52065  -50.47139  1.00000  0.00098  0.00195  
2280     N/A    0.001580  -50.49008  -50.48009  0.02401  -50.51409  -50.46607  1.00020  0.00111  0.00206  
2300     N/A    0.001533  -50.49248  -50.49150  0.02367  -50.51615  -50.46880  1.00002  0.00106  0.00200  
2320     N/A    0.001757  -50.48113  -50.47114  0.02326  -50.50439  -50.45787  1.00020  0.00130  0.00222  
2340     N/A    0.001349  -50.50178  -50.49697  0.02408  -50.52586  -50.47769  1.00010  0.00087  0.00183  
2360     N/A    0.001694  -50.48434  -50.47909  0.02394  -50.50828  -50.46039  1.00010  0.00122  0.00217  
2380     N/A    0.001487  -50.49478  -50.50141  0.02361  -50.51839  -50.47118  0.99987  0.00102  0.00195  
2400     N/A    0.001587  -50.48976  -50.49493  0.02352  -50.51328  -50.46624  0.99990  0.00112  0.00205  
2420     N/A    0.001476  -50.49536  -50.50277  0.02345  -50.51881  -50.47191  0.99985  0.00101  0.00194  
2440     N/A    0.001156  -50.51156  -50.49121  0.02312  -50.53468  -50.48844  1.00040  0.00070  0.00161  
2460     N/A    0.001540  -50.49215  -50.49122  0.02326  -50.51541  -50.46888  1.00002  0.00108  0.00200  
2480     N/A    0.001636  -50.48729  -50.48000  0.02325  -50.51054  -50.46404  1.00014  0.00118  0.00210  
2500     N/A    0.001302  -50.50417  -50.48898  0.02309  -50.52725  -50.48108  1.00030  0.00085  0.00176  
2520     N/A    0.001583  -50.48994  -50.48483  0.02323  -50.51317  -50.46671  1.00010  0.00112  0.00204  
2540     N/A    0.001132  -50.51277  -50.50866  0.02354  -50.53631  -50.48924  1.00008  0.00067  0.00160  
2560     N/A    0.001439  -50.49721  -50.48870  0.02306  -50.52027  -50.47415  1.00017  0.00098  0.00190  
2580     N/A    0.001574  -50.49040  -50.47078  0.02297  -50.51337  -50.46743  1.00039  0.00112  0.00203  
2600     N/A    0.001277  -50.50543  -50.49472  0.02292  -50.52836  -50.48251  1.00021  0.00082  0.00173  
2620     N/A    0.001222  -50.50820  -50.48857  0.02225  -50.53046  -50.48595  1.00039  0.00078  0.00166  
2640     N/A    0.001504  -50.49392  -50.49704  0.02289  -50.51681  -50.47103  0.99994  0.00105  0.00196  
2660     N/A    0.001406  -50.49892  -50.49419  0.02292  -50.52184  -50.47601  1.00009  0.00095  0.00186  
2680     N/A    0.001298  -50.50436  -50.50239  0.02272  -50.52709  -50.48164  1.00004  0.00085  0.00175  
2700     N/A    0.001421  -50.49813  -50.49640  0.02270  -50.52083  -50.47543  1.00003  0.00097  0.00187  
2720     N/A    0.001321  -50.50320  -50.48834  0.02223  -50.52543  -50.48097  1.00029  0.00088  0.00176  
2740     N/A    0.001426  -50.49789  -50.49623  0.02316  -50.52104  -50.47473  1.00003  0.00097  0.00188  
2760     N/A    0.001170  -50.51084  -50.50216  0.02259  -50.53343  -50.48825  1.00017  0.00072  0.00162  
2780     N/A    0.001319  -50.50331  -50.50354  0.02236  -50.52567  -50.48095  1.00000  0.00088  0.00176  
2800     N/A    0.001509  -50.49370  -50.48851  0.02242  -50.51611  -50.47128  1.00010  0.00107  0.00195  
2820     N/A    0.001130  -50.51286  -50.50457  0.02257  -50.53543  -50.49030  1.00016  0.00068  0.00158  
2840     N/A    0.001397  -50.49935  -50.50163  0.02277  -50.52212  -50.47657  0.99995  0.00095  0.00185  
2860     N/A    0.001144  -50.51214  -50.50450  0.02269  -50.53483  -50.48946  1.00015  0.00070  0.00159  
2880     N/A    0.001371  -50.50067  -50.50152  0.02309  -50.52377  -50.47758  0.99998  0.00091  0.00183  
2900     N/A    0.001377  -50.50038  -50.49887  0.02193  -50.52231  -50.47846  1.00003  0.00094  0.00181  
2920     N/A    0.001394  -50.49948  -50.48986  0.02285  -50.52233  -50.47664  1.00019  0.00094  0.00185  
2940     N/A    0.001269  -50.50581  -50.50778  0.02267  -50.52848  -50.48315  0.99996  0.00082  0.00172  
2960     N/A    0.001350  -50.50173  -50.49924  0.02250  -50.52423  -50.47924  1.00005  0.00091  0.00179  
2980     N/A    0.001460  -50.49619  -50.47203  0.02243  -50.51862  -50.47376  1.00048  0.00102  0.00190  
3000     N/A    0.001271  -50.50574  -50.50515  0.02163  -50.52737  -50.48411  1.00001  0.00084  0.00170  
3020     N/A    0.001521  -50.49311  -50.48930  0.02247  -50.51557  -50.47064  1.00008  0.00108  0.00196  
3040     N/A    0.001293  -50.50459  -50.49280  0.02238  -50.52697  -50.48221  1.00023  0.00085  0.00174  
3060     N/A    0.001352  -50.50164  -50.50171  0.02263  -50.52427  -50.47902  1.00000  0.00090  0.00180  
3080     N/A    0.001342  -50.50215  -50.49882  0.02202  -50.52417  -50.48013  1.00007  0.00091  0.00178  
3100     N/A    0.001818  -50.47804  -50.46438  0.02196  -50.50000  -50.45608  1.00027  0.00138  0.00225  
3120     N/A    0.001132  -50.51275  -50.50951  0.02228  -50.53503  -50.49048  1.00006  0.00069  0.00157  
3140     N/A    0.001338  -50.50235  -50.49134  0.02241  -50.52477  -50.47994  1.00022  0.00089  0.00178  
3160     N/A    0.001351  -50.50169  -50.50474  0.02257  -50.52425  -50.47912  0.99994  0.00090  0.00180  
3180     N/A    0.001238  -50.50739  -50.50358  0.02272  -50.53011  -50.48467  1.00008  0.00079  0.00169  
3200     N/A    0.001415  -50.49846  -50.48619  0.02229  -50.52075  -50.47617  1.00024  0.00097  0.00186  
3220     N/A    0.001618  -50.48817  -50.48911  0.02221  -50.51037  -50.46596  0.99998  0.00118  0.00206  
3240     N/A    0.001298  -50.50437  -50.50360  0.02233  -50.52670  -50.48204  1.00002  0.00086  0.00174  
3260     N/A    0.001481  -50.49511  -50.51136  0.02269  -50.51780  -50.47242  0.99968  0.00103  0.00193  
3280     N/A    0.001518  -50.49324  -50.49014  0.02220  -50.51544  -50.47105  1.00006  0.00108  0.00196  
3300     N/A    0.001352  -50.50165  -50.50216  0.02233  -50.52398  -50.47932  0.99999  0.00091  0.00179  
3320     N/A    0.001211  -50.50877  -50.51098  0.02241  -50.53119  -50.48636  0.99996  0.00077  0.00165  
3340     N/A    0.001148  -50.51194  -50.49807  0.02281  -50.53475  -50.48913  1.00027  0.00070  0.00160  
3360     N/A    0.001408  -50.49881  -50.50069  0.02308  -50.52189  -50.47573  0.99996  0.00095  0.00186  
3380     N/A    0.001453  -50.49654  -50.49363  0.02232  -50.51886  -50.47422  1.00006  0.00101  0.00189  
