nh: 22
samples1: 22500
samples2: 5000
burn_in: 500
steps: 100
Exact H:-50.57
   Fidelity  ROE       Mean      Median    CI Width LL on CI  UL on CI  mmRatio  Min Err  Max Err
20     N/A    0.118489  -44.57800  -44.71046  0.18458  -44.76258  -44.39342  0.99704  0.11484  0.12214  
40     N/A    0.069690  -47.04577  -47.22353  0.15173  -47.19750  -46.89405  0.99624  0.06669  0.07269  
60     N/A    0.049395  -48.07211  -48.22412  0.13414  -48.20625  -47.93797  0.99685  0.04674  0.05205  
80     N/A    0.040723  -48.51063  -48.68905  0.12086  -48.63149  -48.38977  0.99634  0.03833  0.04311  
100     N/A    0.033102  -48.89601  -49.04923  0.11230  -49.00831  -48.78371  0.99688  0.03088  0.03532  
120     N/A    0.027813  -49.16349  -49.36007  0.10235  -49.26585  -49.06114  0.99602  0.02579  0.02984  
140     N/A    0.025349  -49.28809  -49.46378  0.09710  -49.38520  -49.19099  0.99645  0.02343  0.02727  
160     N/A    0.021878  -49.46361  -49.60622  0.08993  -49.55354  -49.37367  0.99713  0.02010  0.02366  
180     N/A    0.019849  -49.56622  -49.73219  0.08884  -49.65506  -49.47737  0.99666  0.01809  0.02161  
200     N/A    0.017662  -49.67685  -49.86643  0.08624  -49.76310  -49.59061  0.99620  0.01596  0.01937  
220     N/A    0.016433  -49.73899  -49.91492  0.08195  -49.82094  -49.65704  0.99648  0.01481  0.01805  
240     N/A    0.014922  -49.81540  -49.91288  0.08080  -49.89620  -49.73461  0.99805  0.01332  0.01652  
260     N/A    0.014905  -49.81625  -49.93958  0.07837  -49.89462  -49.73787  0.99753  0.01336  0.01645  
280     N/A    0.013440  -49.89033  -49.99083  0.07451  -49.96484  -49.81582  0.99799  0.01197  0.01491  
300     N/A    0.012080  -49.95912  -50.08732  0.07366  -50.03278  -49.88545  0.99744  0.01062  0.01354  
320     N/A    0.012172  -49.95444  -50.08693  0.07245  -50.02689  -49.88199  0.99735  0.01074  0.01361  
340     N/A    0.012044  -49.96092  -50.09439  0.07118  -50.03210  -49.88973  0.99734  0.01064  0.01345  
360     N/A    0.011228  -50.00218  -50.13055  0.07087  -50.07305  -49.93131  0.99744  0.00983  0.01263  
380     N/A    0.012467  -49.93953  -50.05155  0.06926  -50.00879  -49.87027  0.99776  0.01110  0.01384  
400     N/A    0.009954  -50.06663  -50.15576  0.06819  -50.13482  -49.99843  0.99822  0.00861  0.01130  
420     N/A    0.011291  -49.99904  -50.10158  0.06768  -50.06672  -49.93136  0.99795  0.00995  0.01263  
440     N/A    0.010581  -50.03491  -50.14938  0.06585  -50.10075  -49.96906  0.99772  0.00928  0.01188  
460     N/A    0.009305  -50.09946  -50.18191  0.06592  -50.16537  -50.03354  0.99836  0.00800  0.01061  
480     N/A    0.008494  -50.14048  -50.22658  0.06367  -50.20416  -50.07681  0.99829  0.00723  0.00975  
500     N/A    0.009362  -50.09657  -50.19990  0.06401  -50.16058  -50.03256  0.99794  0.00810  0.01063  
520     N/A    0.008956  -50.11707  -50.19324  0.06232  -50.17939  -50.05476  0.99848  0.00772  0.01019  
540     N/A    0.008915  -50.11917  -50.18064  0.06174  -50.18092  -50.05743  0.99878  0.00769  0.01014  
560     N/A    0.009337  -50.09784  -50.18971  0.06349  -50.16133  -50.03435  0.99817  0.00808  0.01059  
580     N/A    0.009024  -50.11365  -50.19115  0.06295  -50.17661  -50.05070  0.99846  0.00778  0.01027  
600     N/A    0.007952  -50.16785  -50.22589  0.06103  -50.22888  -50.10682  0.99884  0.00675  0.00916  
620     N/A    0.008829  -50.12350  -50.20235  0.06135  -50.18485  -50.06215  0.99843  0.00762  0.01004  
640     N/A    0.008084  -50.16117  -50.22339  0.05987  -50.22105  -50.10130  0.99876  0.00690  0.00927  
660     N/A    0.007499  -50.19079  -50.23339  0.06048  -50.25127  -50.13031  0.99915  0.00630  0.00869  
680     N/A    0.006856  -50.22328  -50.23656  0.05903  -50.28230  -50.16425  0.99974  0.00569  0.00802  
700     N/A    0.007753  -50.17793  -50.23901  0.05965  -50.23758  -50.11828  0.99878  0.00657  0.00893  
720     N/A    0.008195  -50.15559  -50.20918  0.05729  -50.21287  -50.09830  0.99893  0.00706  0.00933  
740     N/A    0.008088  -50.16100  -50.21934  0.05822  -50.21922  -50.10277  0.99884  0.00694  0.00924  
760     N/A    0.007111  -50.21041  -50.23496  0.05846  -50.26887  -50.15194  0.99951  0.00595  0.00827  
780     N/A    0.007264  -50.20265  -50.22964  0.05813  -50.26078  -50.14453  0.99946  0.00611  0.00841  
800     N/A    0.006614  -50.23553  -50.24908  0.05708  -50.29261  -50.17845  0.99973  0.00549  0.00774  
820     N/A    0.007280  -50.20183  -50.24498  0.05713  -50.25896  -50.14470  0.99914  0.00615  0.00841  
840     N/A    0.007652  -50.18304  -50.25202  0.05651  -50.23955  -50.12654  0.99863  0.00653  0.00877  
860     N/A    0.006616  -50.23545  -50.25855  0.05546  -50.29091  -50.17999  0.99954  0.00552  0.00771  
880     N/A    0.007532  -50.18909  -50.23760  0.05652  -50.24561  -50.13257  0.99903  0.00641  0.00865  
900     N/A    0.006025  -50.26531  -50.28556  0.05502  -50.32033  -50.21030  0.99960  0.00494  0.00711  
920     N/A    0.007518  -50.18979  -50.24345  0.05453  -50.24433  -50.13526  0.99893  0.00644  0.00860  
940     N/A    0.006559  -50.23830  -50.26545  0.05528  -50.29358  -50.18302  0.99946  0.00547  0.00765  
960     N/A    0.006547  -50.23893  -50.28450  0.05490  -50.29383  -50.18403  0.99909  0.00546  0.00763  
980     N/A    0.005374  -50.29823  -50.29290  0.05483  -50.35306  -50.24340  1.00011  0.00429  0.00646  
1000     N/A    0.006973  -50.21738  -50.24904  0.05420  -50.27158  -50.16317  0.99937  0.00590  0.00804  
1020     N/A    0.005881  -50.27259  -50.27845  0.05366  -50.32625  -50.21893  0.99988  0.00482  0.00694  
1040     N/A    0.006445  -50.24410  -50.25286  0.05216  -50.29626  -50.19194  0.99983  0.00541  0.00748  
1060     N/A    0.006745  -50.22888  -50.25628  0.05321  -50.28209  -50.17567  0.99945  0.00569  0.00780  
1080     N/A    0.005721  -50.28068  -50.30574  0.05361  -50.33429  -50.22708  0.99950  0.00466  0.00678  
1100     N/A    0.005739  -50.27977  -50.31106  0.05370  -50.33347  -50.22608  0.99938  0.00468  0.00680  
1120     N/A    0.006319  -50.25047  -50.27091  0.05192  -50.30239  -50.19855  0.99959  0.00529  0.00735  
1140     N/A    0.006066  -50.26326  -50.29302  0.05260  -50.31586  -50.21066  0.99941  0.00503  0.00711  
1160     N/A    0.006180  -50.25747  -50.29573  0.05195  -50.30941  -50.20552  0.99924  0.00515  0.00721  
1180     N/A    0.005936  -50.26979  -50.27914  0.05058  -50.32037  -50.21921  0.99981  0.00494  0.00694  
1200     N/A    0.005875  -50.27292  -50.28649  0.05245  -50.32537  -50.22047  0.99973  0.00484  0.00691  
1220     N/A    0.006150  -50.25898  -50.26996  0.05106  -50.31003  -50.20792  0.99978  0.00514  0.00716  
1240     N/A    0.005733  -50.28009  -50.28885  0.05109  -50.33118  -50.22900  0.99983  0.00472  0.00674  
1260     N/A    0.005313  -50.30132  -50.29866  0.05076  -50.35208  -50.25056  1.00005  0.00431  0.00632  
1280     N/A    0.005756  -50.27890  -50.27690  0.04988  -50.32878  -50.22901  1.00004  0.00477  0.00674  
1300     N/A    0.005667  -50.28340  -50.29069  0.05150  -50.33489  -50.23190  0.99986  0.00465  0.00669  
1320     N/A    0.006291  -50.25185  -50.29349  0.05101  -50.30285  -50.20084  0.99917  0.00528  0.00730  
1340     N/A    0.004306  -50.35226  -50.33357  0.05055  -50.40281  -50.30171  1.00037  0.00331  0.00531  
1360     N/A    0.005327  -50.30062  -50.32308  0.04981  -50.35043  -50.25081  0.99955  0.00434  0.00631  
1380     N/A    0.005571  -50.28828  -50.31470  0.04952  -50.33780  -50.23875  0.99947  0.00459  0.00655  
1400     N/A    0.005132  -50.31048  -50.32371  0.04943  -50.35991  -50.26105  0.99974  0.00415  0.00611  
1420     N/A    0.005547  -50.28951  -50.30067  0.05003  -50.33954  -50.23948  0.99978  0.00456  0.00654  
1440     N/A    0.005234  -50.30533  -50.32795  0.04959  -50.35492  -50.25574  0.99955  0.00425  0.00621  
1460     N/A    0.004892  -50.32261  -50.34917  0.04806  -50.37067  -50.27455  0.99947  0.00394  0.00584  
1480     N/A    0.005319  -50.30101  -50.30523  0.04844  -50.34945  -50.25257  0.99992  0.00436  0.00628  
1500     N/A    0.005191  -50.30751  -50.32782  0.04868  -50.35619  -50.25883  0.99960  0.00423  0.00615  
1520     N/A    0.005795  -50.27696  -50.30119  0.04806  -50.32501  -50.22890  0.99952  0.00484  0.00675  
1540     N/A    0.004850  -50.32474  -50.31162  0.04675  -50.37149  -50.27798  1.00026  0.00393  0.00577  
1560     N/A    0.004922  -50.32111  -50.30907  0.04626  -50.36737  -50.27485  1.00024  0.00401  0.00584  
1580     N/A    0.004774  -50.32858  -50.35140  0.04761  -50.37619  -50.28096  0.99955  0.00383  0.00572  
1600     N/A    0.004805  -50.32700  -50.35466  0.04754  -50.37454  -50.27946  0.99945  0.00387  0.00575  
1620     N/A    0.004726  -50.33099  -50.33603  0.04600  -50.37699  -50.28499  0.99990  0.00382  0.00564  
1640     N/A    0.004601  -50.33735  -50.34126  0.04561  -50.38295  -50.29174  0.99992  0.00370  0.00550  
1660     N/A    0.004774  -50.32856  -50.34287  0.04552  -50.37407  -50.28304  0.99972  0.00387  0.00567  
1680     N/A    0.004222  -50.35649  -50.35614  0.04451  -50.40100  -50.31199  1.00001  0.00334  0.00510  
1700     N/A    0.004391  -50.34794  -50.36876  0.04480  -50.39274  -50.30313  0.99959  0.00351  0.00528  
1720     N/A    0.004430  -50.34600  -50.33878  0.04373  -50.38973  -50.30226  1.00014  0.00356  0.00529  
1740     N/A    0.003820  -50.37680  -50.40102  0.04438  -50.42118  -50.33242  0.99952  0.00294  0.00470  
1760     N/A    0.003846  -50.37551  -50.38078  0.04341  -50.41891  -50.33210  0.99990  0.00299  0.00470  
1780     N/A    0.004063  -50.36455  -50.37806  0.04153  -50.40608  -50.32303  0.99973  0.00324  0.00488  
1800     N/A    0.004406  -50.34719  -50.34610  0.04249  -50.38968  -50.30470  1.00002  0.00357  0.00525  
1820     N/A    0.004127  -50.36129  -50.33482  0.04185  -50.40314  -50.31943  1.00053  0.00330  0.00495  
1840     N/A    0.004118  -50.36178  -50.36100  0.04175  -50.40353  -50.32002  1.00002  0.00329  0.00494  
1860     N/A    0.003789  -50.37840  -50.36412  0.04068  -50.41908  -50.33772  1.00028  0.00298  0.00459  
1880     N/A    0.003289  -50.40368  -50.39623  0.04087  -50.44456  -50.36281  1.00015  0.00248  0.00410  
1900     N/A    0.003680  -50.38393  -50.39911  0.04008  -50.42400  -50.34385  0.99970  0.00289  0.00447  
1920     N/A    0.003641  -50.38586  -50.39810  0.03847  -50.42433  -50.34739  0.99976  0.00288  0.00440  
1940     N/A    0.003699  -50.38296  -50.38850  0.03924  -50.42221  -50.34372  0.99989  0.00292  0.00447  
1960     N/A    0.003494  -50.39330  -50.41393  0.03866  -50.43195  -50.35464  0.99959  0.00273  0.00426  
1980     N/A    0.003133  -50.41156  -50.39324  0.03765  -50.44921  -50.37391  1.00036  0.00239  0.00388  
2000     N/A    0.003194  -50.40850  -50.40282  0.03713  -50.44563  -50.37138  1.00011  0.00246  0.00393  
2020     N/A    0.002511  -50.44302  -50.43261  0.03675  -50.47977  -50.40627  1.00021  0.00178  0.00324  
2040     N/A    0.002814  -50.42770  -50.43245  0.03621  -50.46391  -50.39149  0.99991  0.00210  0.00353  
2060     N/A    0.002713  -50.43281  -50.42439  0.03613  -50.46894  -50.39669  1.00017  0.00200  0.00343  
2080     N/A    0.002684  -50.43425  -50.43694  0.03537  -50.46962  -50.39889  0.99995  0.00199  0.00338  
2100     N/A    0.002720  -50.43245  -50.41015  0.03529  -50.46774  -50.39715  1.00044  0.00202  0.00342  
2120     N/A    0.002632  -50.43688  -50.42460  0.03490  -50.47177  -50.40198  1.00024  0.00194  0.00332  
2140     N/A    0.002913  -50.42268  -50.42301  0.03468  -50.45736  -50.38801  0.99999  0.00223  0.00360  
2160     N/A    0.002568  -50.44013  -50.45479  0.03374  -50.47387  -50.40638  0.99971  0.00190  0.00324  
2180     N/A    0.002382  -50.44955  -50.42449  0.03278  -50.48233  -50.41677  1.00050  0.00173  0.00303  
2200     N/A    0.002652  -50.43591  -50.43754  0.03271  -50.46862  -50.40319  0.99997  0.00200  0.00330  
2220     N/A    0.002467  -50.44523  -50.45079  0.03268  -50.47791  -50.41255  0.99989  0.00182  0.00311  
2240     N/A    0.002767  -50.43009  -50.41777  0.03284  -50.46293  -50.39725  1.00024  0.00212  0.00342  
2260     N/A    0.002494  -50.44390  -50.43114  0.03213  -50.47603  -50.41177  1.00025  0.00186  0.00313  
2280     N/A    0.002472  -50.44498  -50.44811  0.03196  -50.47694  -50.41302  0.99994  0.00184  0.00310  
2300     N/A    0.002574  -50.43984  -50.43052  0.03166  -50.47150  -50.40818  1.00018  0.00195  0.00320  
2320     N/A    0.002355  -50.45091  -50.44499  0.03124  -50.48215  -50.41967  1.00012  0.00174  0.00297  
2340     N/A    0.002345  -50.45143  -50.43781  0.03069  -50.48212  -50.42074  1.00027  0.00174  0.00295  
2360     N/A    0.002662  -50.43539  -50.42838  0.03077  -50.46615  -50.40462  1.00014  0.00205  0.00327  
2380     N/A    0.002004  -50.46868  -50.46179  0.03064  -50.49931  -50.43804  1.00014  0.00140  0.00261  
2400     N/A    0.002162  -50.46066  -50.46666  0.03061  -50.49127  -50.43006  0.99988  0.00156  0.00277  
2420     N/A    0.002023  -50.46768  -50.45946  0.03018  -50.49785  -50.43750  1.00016  0.00143  0.00262  
2440     N/A    0.001817  -50.47813  -50.46550  0.03013  -50.50826  -50.44799  1.00025  0.00122  0.00241  
2460     N/A    0.001836  -50.47714  -50.46153  0.03018  -50.50732  -50.44697  1.00031  0.00124  0.00243  
2480     N/A    0.002130  -50.46226  -50.44933  0.02920  -50.49146  -50.43307  1.00026  0.00155  0.00271  
2500     N/A    0.002328  -50.45229  -50.46041  0.03036  -50.48266  -50.42193  0.99984  0.00173  0.00293  
2520     N/A    0.002093  -50.46415  -50.45074  0.02944  -50.49359  -50.43471  1.00027  0.00151  0.00268  
2540     N/A    0.002011  -50.46830  -50.45806  0.02934  -50.49764  -50.43896  1.00020  0.00143  0.00259  
2560     N/A    0.001807  -50.47859  -50.47717  0.02852  -50.50712  -50.45007  1.00003  0.00124  0.00237  
2580     N/A    0.002121  -50.46276  -50.46660  0.02897  -50.49173  -50.43379  0.99992  0.00155  0.00269  
2600     N/A    0.001730  -50.48253  -50.45761  0.03020  -50.51272  -50.45233  1.00049  0.00113  0.00233  
2620     N/A    0.002039  -50.46690  -50.45317  0.02941  -50.49631  -50.43749  1.00027  0.00146  0.00262  
2640     N/A    0.001628  -50.48766  -50.47391  0.02884  -50.51649  -50.45882  1.00027  0.00106  0.00220  
2660     N/A    0.002462  -50.44552  -50.42964  0.02901  -50.47453  -50.41652  1.00031  0.00189  0.00304  
2680     N/A    0.002142  -50.46168  -50.46253  0.02861  -50.49029  -50.43307  0.99998  0.00158  0.00271  
2700     N/A    0.001937  -50.47205  -50.46437  0.02814  -50.50020  -50.44391  1.00015  0.00138  0.00249  
2720     N/A    0.001594  -50.48937  -50.49717  0.02838  -50.51775  -50.46099  0.99985  0.00103  0.00216  
2740     N/A    0.002068  -50.46541  -50.46063  0.02816  -50.49358  -50.43725  1.00009  0.00151  0.00263  
2760     N/A    0.001847  -50.47661  -50.45249  0.02829  -50.50490  -50.44832  1.00048  0.00129  0.00241  
2780     N/A    0.001621  -50.48801  -50.45530  0.02871  -50.51672  -50.45930  1.00065  0.00105  0.00219  
2800     N/A    0.002005  -50.46859  -50.45451  0.02868  -50.49727  -50.43991  1.00028  0.00144  0.00257  
2820     N/A    0.002014  -50.46814  -50.47368  0.02825  -50.49640  -50.43989  0.99989  0.00146  0.00257  
2840     N/A    0.001810  -50.47848  -50.47334  0.02783  -50.50631  -50.45066  1.00010  0.00126  0.00236  
2860     N/A    0.002263  -50.45558  -50.43006  0.02793  -50.48351  -50.42765  1.00051  0.00171  0.00281  
2880     N/A    0.001863  -50.47578  -50.47093  0.02792  -50.50370  -50.44787  1.00010  0.00131  0.00242  
2900     N/A    0.001832  -50.47733  -50.46325  0.02803  -50.50536  -50.44931  1.00028  0.00128  0.00239  
2920     N/A    0.001652  -50.48646  -50.48297  0.02782  -50.51429  -50.45864  1.00007  0.00110  0.00220  
2940     N/A    0.001663  -50.48593  -50.46579  0.02811  -50.51403  -50.45782  1.00040  0.00111  0.00222  
2960     N/A    0.001876  -50.47511  -50.46421  0.02763  -50.50274  -50.44747  1.00022  0.00133  0.00242  
2980     N/A    0.001985  -50.46960  -50.46658  0.02729  -50.49689  -50.44231  1.00006  0.00145  0.00253  
3000     N/A    0.001951  -50.47136  -50.47088  0.02713  -50.49848  -50.44423  1.00001  0.00141  0.00249  
3020     N/A    0.001518  -50.49323  -50.48255  0.02813  -50.52136  -50.46510  1.00021  0.00096  0.00207  
3040     N/A    0.001919  -50.47295  -50.45677  0.02753  -50.50048  -50.44541  1.00032  0.00137  0.00246  
3060     N/A    0.001882  -50.47485  -50.45389  0.02760  -50.50245  -50.44725  1.00042  0.00134  0.00243  
3080     N/A    0.001862  -50.47583  -50.46142  0.02738  -50.50320  -50.44845  1.00029  0.00132  0.00240  
3100     N/A    0.001608  -50.48869  -50.46811  0.02693  -50.51562  -50.46177  1.00041  0.00108  0.00214  
3120     N/A    0.001882  -50.47485  -50.44651  0.02696  -50.50181  -50.44789  1.00056  0.00135  0.00241  
3140     N/A    0.002104  -50.46360  -50.46092  0.02703  -50.49063  -50.43657  1.00005  0.00157  0.00264  
3160     N/A    0.001730  -50.48250  -50.46230  0.02637  -50.50887  -50.45613  1.00040  0.00121  0.00225  
3180     N/A    0.001853  -50.47630  -50.47579  0.02663  -50.50293  -50.44968  1.00001  0.00133  0.00238  
3200     N/A    0.001886  -50.47460  -50.47131  0.02718  -50.50179  -50.44742  1.00007  0.00135  0.00242  
3220     N/A    0.001519  -50.49318  -50.47665  0.02771  -50.52089  -50.46548  1.00033  0.00097  0.00207  
3240     N/A    0.001925  -50.47263  -50.44929  0.02724  -50.49987  -50.44539  1.00046  0.00139  0.00246  
3260     N/A    0.001873  -50.47530  -50.46282  0.02672  -50.50202  -50.44858  1.00025  0.00134  0.00240  
3280     N/A    0.001931  -50.47237  -50.45647  0.02731  -50.49968  -50.44506  1.00032  0.00139  0.00247  
3300     N/A    0.001781  -50.47994  -50.46772  0.02707  -50.50701  -50.45287  1.00024  0.00125  0.00232  
3320     N/A    0.002078  -50.46491  -50.46187  0.02775  -50.49267  -50.43716  1.00006  0.00153  0.00263  
3340     N/A    0.001749  -50.48154  -50.47785  0.02708  -50.50862  -50.45446  1.00007  0.00121  0.00228  
3360     N/A    0.001717  -50.48317  -50.46774  0.02688  -50.51004  -50.45629  1.00031  0.00119  0.00225  
3380     N/A    0.001853  -50.47629  -50.46589  0.02764  -50.50392  -50.44865  1.00021  0.00131  0.00240  
3400     N/A    0.001959  -50.47091  -50.46726  0.02700  -50.49791  -50.44391  1.00007  0.00143  0.00249  
3420     N/A    0.001917  -50.47306  -50.46468  0.02617  -50.49923  -50.44689  1.00017  0.00140  0.00243  
3440     N/A    0.001812  -50.47835  -50.47428  0.02740  -50.50575  -50.45095  1.00008  0.00127  0.00235  
3460     N/A    0.001684  -50.48486  -50.47828  0.02783  -50.51269  -50.45703  1.00013  0.00113  0.00223  
3480     N/A    0.001992  -50.46926  -50.46099  0.02668  -50.49594  -50.44258  1.00016  0.00146  0.00252  
3500     N/A    0.001861  -50.47590  -50.46803  0.02670  -50.50259  -50.44920  1.00016  0.00133  0.00239  
3520     N/A    0.001699  -50.48408  -50.46867  0.02712  -50.51121  -50.45696  1.00031  0.00116  0.00224  
3540     N/A    0.001861  -50.47588  -50.46059  0.02723  -50.50311  -50.44865  1.00030  0.00132  0.00240  
3560     N/A    0.001793  -50.47931  -50.47518  0.02695  -50.50626  -50.45236  1.00008  0.00126  0.00233  
3580     N/A    0.002004  -50.46866  -50.47160  0.02664  -50.49530  -50.44202  0.99994  0.00148  0.00253  
3600     N/A    0.002088  -50.46439  -50.45527  0.02704  -50.49142  -50.43735  1.00018  0.00155  0.00262  
3620     N/A    0.001879  -50.47500  -50.46325  0.02776  -50.50276  -50.44724  1.00023  0.00133  0.00243  
3640     N/A    0.001822  -50.47787  -50.48590  0.02693  -50.50480  -50.45094  0.99984  0.00129  0.00235  
3660     N/A    0.002023  -50.46768  -50.46058  0.02757  -50.49525  -50.44012  1.00014  0.00148  0.00257  
3680     N/A    0.001743  -50.48185  -50.46924  0.02669  -50.50854  -50.45516  1.00025  0.00122  0.00227  
3700     N/A    0.001479  -50.49518  -50.48119  0.02636  -50.52154  -50.46882  1.00028  0.00096  0.00200  
3720     N/A    0.001936  -50.47208  -50.46123  0.02690  -50.49898  -50.44518  1.00022  0.00140  0.00247  
3740     N/A    0.002071  -50.46526  -50.46556  0.02599  -50.49126  -50.43927  0.99999  0.00156  0.00259  
3760     N/A    0.001796  -50.47919  -50.47349  0.02679  -50.50598  -50.45240  1.00011  0.00127  0.00233  
3780     N/A    0.002182  -50.45965  -50.44139  0.02631  -50.48596  -50.43334  1.00036  0.00166  0.00270  
3800     N/A    0.001817  -50.47810  -50.48225  0.02689  -50.50499  -50.45122  0.99992  0.00129  0.00235  
3820     N/A    0.001834  -50.47727  -50.46808  0.02672  -50.50398  -50.45055  1.00018  0.00131  0.00236  
3840     N/A    0.001973  -50.47022  -50.45904  0.02704  -50.49726  -50.44318  1.00022  0.00144  0.00251  
3860     N/A    0.001929  -50.47244  -50.47776  0.02709  -50.49952  -50.44535  0.99989  0.00139  0.00246  
3880     N/A    0.001733  -50.48237  -50.47439  0.02698  -50.50935  -50.45539  1.00016  0.00120  0.00227  
3900     N/A    0.001466  -50.49585  -50.48616  0.02651  -50.52236  -50.46935  1.00019  0.00094  0.00199  
3920     N/A    0.001663  -50.48591  -50.47629  0.02700  -50.51291  -50.45892  1.00019  0.00113  0.00220  
