nh: 22
samples1: 40000
samples2: 5000
burn_in: 500
steps: 100
Exact H:-50.57
   Fidelity  ROE       Mean      Median    CI Width LL on CI  UL on CI  mmRatio  Min Err  Max Err
40     N/A    0.042329  -48.42942  -48.63050  0.12516  -48.55458  -48.30426  0.99587  0.03985  0.04480  
80     N/A    0.022613  -49.42647  -49.54286  0.09526  -49.52173  -49.33121  0.99765  0.02073  0.02450  
120     N/A    0.015987  -49.76152  -49.88112  0.07992  -49.84144  -49.68161  0.99760  0.01441  0.01757  
160     N/A    0.012279  -49.94904  -50.08706  0.07246  -50.02149  -49.87658  0.99724  0.01085  0.01371  
200     N/A    0.010114  -50.05854  -50.18961  0.06410  -50.12264  -49.99444  0.99739  0.00885  0.01138  
240     N/A    0.007129  -50.20951  -50.31313  0.05718  -50.26670  -50.15233  0.99794  0.00600  0.00826  
280     N/A    0.006619  -50.23526  -50.30735  0.05154  -50.28680  -50.18371  0.99857  0.00560  0.00764  
320     N/A    0.004489  -50.34301  -50.36252  0.04835  -50.39136  -50.29467  0.99961  0.00353  0.00544  
360     N/A    0.004921  -50.32113  -50.36089  0.04535  -50.36648  -50.27577  0.99921  0.00402  0.00582  
400     N/A    0.004171  -50.35907  -50.40028  0.04304  -50.40211  -50.31603  0.99918  0.00332  0.00502  
440     N/A    0.003929  -50.37133  -50.40968  0.04219  -50.41352  -50.32913  0.99924  0.00309  0.00476  
480     N/A    0.003386  -50.39878  -50.43430  0.04141  -50.44019  -50.35738  0.99930  0.00257  0.00420  
520     N/A    0.003420  -50.39703  -50.41541  0.03935  -50.43638  -50.35768  0.99964  0.00264  0.00420  
560     N/A    0.003568  -50.38959  -50.42003  0.03917  -50.42876  -50.35042  0.99940  0.00279  0.00434  
600     N/A    0.003826  -50.37652  -50.41726  0.03823  -50.41474  -50.33829  0.99919  0.00307  0.00458  
640     N/A    0.002763  -50.43026  -50.44514  0.03648  -50.46674  -50.39378  0.99971  0.00204  0.00348  
680     N/A    0.002488  -50.44417  -50.44221  0.03607  -50.48023  -50.40810  1.00004  0.00178  0.00320  
720     N/A    0.002378  -50.44973  -50.47345  0.03440  -50.48413  -50.41533  0.99953  0.00170  0.00306  
760     N/A    0.002880  -50.42436  -50.43772  0.03262  -50.45699  -50.39174  0.99974  0.00223  0.00353  
800     N/A    0.002742  -50.43136  -50.46262  0.03335  -50.46471  -50.39801  0.99938  0.00208  0.00340  
840     N/A    0.002754  -50.43071  -50.45675  0.03109  -50.46180  -50.39961  0.99948  0.00214  0.00337  
880     N/A    0.002651  -50.43595  -50.45918  0.03113  -50.46708  -50.40481  0.99954  0.00204  0.00327  
920     N/A    0.001974  -50.47017  -50.46654  0.03040  -50.50057  -50.43976  1.00007  0.00137  0.00258  
960     N/A    0.002075  -50.46505  -50.48223  0.02928  -50.49433  -50.43577  0.99966  0.00150  0.00265  
1000     N/A    0.002190  -50.45923  -50.47839  0.02821  -50.48744  -50.43102  0.99962  0.00163  0.00275  
1040     N/A    0.001355  -50.50147  -50.50306  0.02776  -50.52923  -50.47371  0.99997  0.00081  0.00190  
1080     N/A    0.001877  -50.47508  -50.49329  0.02634  -50.50142  -50.44873  0.99964  0.00136  0.00240  
1120     N/A    0.001426  -50.49791  -50.50268  0.02568  -50.52359  -50.47222  0.99991  0.00092  0.00193  
1160     N/A    0.001562  -50.49103  -50.49708  0.02411  -50.51513  -50.46692  0.99988  0.00108  0.00204  
1200     N/A    0.001536  -50.49233  -50.50754  0.02418  -50.51651  -50.46815  0.99970  0.00106  0.00201  
1240     N/A    0.001202  -50.50922  -50.50339  0.02333  -50.53255  -50.48589  1.00012  0.00074  0.00166  
