nh: 22
samples1: 25000
samples2: 5000
burn_in: 500
steps: 100
Exact H:-50.57
   Fidelity  ROE       Mean      Median    CI Width LL on CI  UL on CI  mmRatio  Min Err  Max Err
20     N/A    0.105684  -45.22557  -45.23378  0.18129  -45.40686  -45.04428  0.99982  0.10210  0.10927  
40     N/A    0.065093  -47.27827  -47.40621  0.15148  -47.42975  -47.12679  0.99730  0.06210  0.06809  
60     N/A    0.046887  -48.19893  -48.30213  0.12802  -48.32695  -48.07090  0.99786  0.04436  0.04942  
80     N/A    0.037619  -48.66763  -48.83565  0.11669  -48.78431  -48.55094  0.99656  0.03531  0.03993  
100     N/A    0.030673  -49.01889  -49.18114  0.10745  -49.12634  -48.91144  0.99670  0.02855  0.03280  
120     N/A    0.027472  -49.18076  -49.37557  0.10206  -49.28282  -49.07869  0.99605  0.02545  0.02949  
140     N/A    0.024979  -49.30683  -49.40533  0.09917  -49.40600  -49.20766  0.99801  0.02302  0.02694  
160     N/A    0.024012  -49.35572  -49.53061  0.09594  -49.45166  -49.25977  0.99647  0.02211  0.02591  
180     N/A    0.021037  -49.50616  -49.61425  0.09181  -49.59797  -49.41436  0.99782  0.01922  0.02285  
200     N/A    0.018736  -49.62251  -49.79509  0.08588  -49.70840  -49.53663  0.99653  0.01704  0.02043  
220     N/A    0.016059  -49.75789  -49.84998  0.08324  -49.84113  -49.67465  0.99815  0.01441  0.01771  
240     N/A    0.016105  -49.75556  -49.89187  0.08052  -49.83607  -49.67504  0.99727  0.01451  0.01770  
260     N/A    0.014550  -49.83422  -49.94420  0.07513  -49.90935  -49.75909  0.99780  0.01306  0.01604  
280     N/A    0.012762  -49.92460  -50.06504  0.07280  -49.99741  -49.85180  0.99719  0.01132  0.01420  
300     N/A    0.010810  -50.02336  -50.09008  0.06913  -50.09249  -49.95423  0.99867  0.00944  0.01218  
320     N/A    0.010414  -50.04335  -50.15403  0.06616  -50.10951  -49.97719  0.99779  0.00911  0.01172  
340     N/A    0.010022  -50.06319  -50.14438  0.06559  -50.12878  -49.99761  0.99838  0.00872  0.01132  
360     N/A    0.009659  -50.08156  -50.20707  0.06213  -50.14368  -50.01943  0.99750  0.00843  0.01089  
380     N/A    0.007109  -50.21052  -50.28416  0.06101  -50.27153  -50.14950  0.99854  0.00590  0.00832  
400     N/A    0.008398  -50.14533  -50.24018  0.05976  -50.20509  -50.08558  0.99811  0.00722  0.00958  
420     N/A    0.007851  -50.17300  -50.26320  0.05842  -50.23142  -50.11458  0.99821  0.00670  0.00901  
440     N/A    0.007507  -50.19037  -50.23387  0.05728  -50.24765  -50.13310  0.99913  0.00637  0.00864  
460     N/A    0.007086  -50.21167  -50.27769  0.05574  -50.26741  -50.15593  0.99869  0.00598  0.00819  
480     N/A    0.006630  -50.23472  -50.28320  0.05465  -50.28937  -50.18007  0.99904  0.00555  0.00771  
500     N/A    0.006345  -50.24911  -50.29810  0.05346  -50.30257  -50.19566  0.99903  0.00529  0.00740  
520     N/A    0.006056  -50.26377  -50.31175  0.05275  -50.31651  -50.21102  0.99905  0.00501  0.00710  
540     N/A    0.005205  -50.30681  -50.34210  0.05078  -50.35758  -50.25603  0.99930  0.00420  0.00621  
560     N/A    0.005420  -50.29590  -50.32933  0.05044  -50.34633  -50.24546  0.99934  0.00442  0.00642  
580     N/A    0.005695  -50.28199  -50.31690  0.04839  -50.33038  -50.23360  0.99931  0.00474  0.00665  
600     N/A    0.005666  -50.28349  -50.32717  0.04899  -50.33249  -50.23450  0.99913  0.00470  0.00663  
620     N/A    0.006001  -50.26651  -50.32357  0.04766  -50.31417  -50.21884  0.99887  0.00506  0.00694  
640     N/A    0.004650  -50.33486  -50.37497  0.04619  -50.38105  -50.28867  0.99920  0.00374  0.00556  
660     N/A    0.004348  -50.35012  -50.37747  0.04811  -50.39824  -50.30201  0.99946  0.00340  0.00530  
680     N/A    0.003779  -50.37891  -50.39291  0.04542  -50.42434  -50.33349  0.99972  0.00288  0.00468  
700     N/A    0.004511  -50.34187  -50.36329  0.04544  -50.38731  -50.29644  0.99957  0.00361  0.00541  
720     N/A    0.004499  -50.34247  -50.36117  0.04383  -50.38630  -50.29863  0.99963  0.00363  0.00537  
740     N/A    0.003711  -50.38232  -50.39096  0.04335  -50.42567  -50.33897  0.99983  0.00285  0.00457  
760     N/A    0.004089  -50.36323  -50.39728  0.04295  -50.40618  -50.32028  0.99932  0.00324  0.00494  
780     N/A    0.004333  -50.35087  -50.37226  0.04262  -50.39349  -50.30825  0.99958  0.00349  0.00518  
800     N/A    0.004232  -50.35600  -50.39315  0.04230  -50.39830  -50.31369  0.99926  0.00340  0.00507  
820     N/A    0.003961  -50.36970  -50.38872  0.04112  -50.41082  -50.32857  0.99962  0.00315  0.00477  
840     N/A    0.003447  -50.39569  -50.41948  0.04087  -50.43656  -50.35482  0.99953  0.00264  0.00426  
860     N/A    0.003556  -50.39017  -50.40841  0.04152  -50.43169  -50.34865  0.99964  0.00274  0.00438  
880     N/A    0.003958  -50.36985  -50.38786  0.03997  -50.40982  -50.32988  0.99964  0.00317  0.00475  
900     N/A    0.003367  -50.39974  -50.41661  0.03997  -50.43971  -50.35978  0.99967  0.00258  0.00416  
920     N/A    0.003667  -50.38458  -50.39261  0.03961  -50.42419  -50.34496  0.99984  0.00288  0.00445  
940     N/A    0.002997  -50.41844  -50.41831  0.03925  -50.45769  -50.37918  1.00000  0.00222  0.00377  
960     N/A    0.003284  -50.40395  -50.42149  0.03797  -50.44193  -50.36598  0.99965  0.00253  0.00403  
980     N/A    0.003262  -50.40505  -50.42717  0.03809  -50.44314  -50.36696  0.99956  0.00251  0.00402  
1000     N/A    0.002843  -50.42622  -50.43120  0.03711  -50.46333  -50.38910  0.99990  0.00211  0.00358  
1020     N/A    0.003634  -50.38625  -50.41679  0.03856  -50.42481  -50.34769  0.99939  0.00287  0.00440  
1040     N/A    0.003304  -50.40291  -50.41918  0.03729  -50.44020  -50.36562  0.99968  0.00257  0.00404  
1060     N/A    0.003237  -50.40632  -50.41805  0.03689  -50.44321  -50.36943  0.99977  0.00251  0.00397  
1080     N/A    0.003352  -50.40048  -50.42166  0.03639  -50.43687  -50.36409  0.99958  0.00263  0.00407  
1100     N/A    0.003170  -50.40969  -50.42274  0.03703  -50.44672  -50.37266  0.99974  0.00244  0.00390  
1120     N/A    0.003448  -50.39563  -50.43461  0.03679  -50.43242  -50.35884  0.99923  0.00272  0.00418  
1140     N/A    0.002913  -50.42267  -50.46026  0.03711  -50.45978  -50.38557  0.99926  0.00218  0.00365  
1160     N/A    0.003244  -50.40595  -50.43865  0.03668  -50.44264  -50.36927  0.99935  0.00252  0.00397  
1180     N/A    0.003475  -50.39426  -50.42997  0.03566  -50.42991  -50.35860  0.99929  0.00277  0.00418  
1200     N/A    0.003032  -50.41668  -50.41931  0.03462  -50.45130  -50.38206  0.99995  0.00235  0.00372  
1220     N/A    0.003121  -50.41218  -50.43640  0.03584  -50.44802  -50.37634  0.99952  0.00241  0.00383  
1240     N/A    0.002966  -50.41998  -50.42790  0.03554  -50.45552  -50.38445  0.99984  0.00226  0.00367  
1260     N/A    0.003077  -50.41441  -50.43150  0.03440  -50.44881  -50.38001  0.99966  0.00240  0.00376  
1280     N/A    0.002677  -50.43463  -50.44919  0.03594  -50.47057  -50.39870  0.99971  0.00197  0.00339  
1300     N/A    0.003074  -50.41454  -50.44078  0.03565  -50.45018  -50.37889  0.99948  0.00237  0.00378  
1320     N/A    0.003068  -50.41485  -50.42183  0.03440  -50.44925  -50.38045  0.99986  0.00239  0.00375  
1340     N/A    0.002894  -50.42367  -50.44591  0.03441  -50.45808  -50.38926  0.99956  0.00221  0.00357  
1360     N/A    0.002550  -50.44103  -50.45291  0.03423  -50.47526  -50.40679  0.99976  0.00187  0.00323  
1380     N/A    0.002757  -50.43056  -50.46343  0.03497  -50.46553  -50.39559  0.99935  0.00207  0.00345  
1400     N/A    0.002458  -50.44568  -50.45947  0.03511  -50.48078  -50.41057  0.99973  0.00176  0.00315  
1420     N/A    0.002647  -50.43613  -50.43940  0.03479  -50.47093  -50.40134  0.99994  0.00196  0.00334  
1440     N/A    0.002564  -50.44033  -50.45855  0.03374  -50.47407  -50.40660  0.99964  0.00190  0.00323  
1460     N/A    0.002592  -50.43895  -50.44164  0.03418  -50.47312  -50.40477  0.99995  0.00192  0.00327  
1480     N/A    0.002585  -50.43926  -50.45978  0.03383  -50.47310  -50.40543  0.99959  0.00192  0.00325  
1500     N/A    0.003019  -50.41733  -50.44352  0.03370  -50.45102  -50.38363  0.99948  0.00235  0.00369  
1520     N/A    0.003117  -50.41236  -50.44214  0.03520  -50.44755  -50.37716  0.99941  0.00242  0.00381  
1540     N/A    0.003155  -50.41043  -50.44499  0.03466  -50.44509  -50.37577  0.99931  0.00247  0.00384  
1560     N/A    0.002912  -50.42274  -50.44408  0.03426  -50.45700  -50.38848  0.99958  0.00223  0.00359  
1580     N/A    0.002796  -50.42860  -50.45270  0.03392  -50.46252  -50.39468  0.99952  0.00213  0.00347  
1600     N/A    0.002531  -50.44200  -50.45540  0.03351  -50.47551  -50.40849  0.99973  0.00187  0.00319  
1620     N/A    0.002960  -50.42031  -50.44663  0.03351  -50.45383  -50.38680  0.99948  0.00230  0.00362  
1640     N/A    0.002481  -50.44454  -50.44235  0.03352  -50.47805  -50.41102  1.00004  0.00182  0.00314  
1660     N/A    0.002554  -50.44086  -50.46019  0.03349  -50.47435  -50.40738  0.99962  0.00189  0.00322  
1680     N/A    0.002230  -50.45725  -50.47819  0.03286  -50.49011  -50.42439  0.99959  0.00158  0.00288  
1700     N/A    0.002553  -50.44090  -50.47651  0.03392  -50.47482  -50.40698  0.99929  0.00188  0.00322  
1720     N/A    0.001825  -50.47772  -50.47777  0.03368  -50.51140  -50.44403  1.00000  0.00116  0.00249  
1740     N/A    0.002874  -50.42467  -50.42933  0.03291  -50.45757  -50.39176  0.99991  0.00222  0.00352  
1760     N/A    0.002730  -50.43192  -50.44722  0.03294  -50.46486  -50.39898  0.99970  0.00208  0.00338  
1780     N/A    0.002594  -50.43884  -50.45181  0.03349  -50.47233  -50.40534  0.99974  0.00193  0.00326  
1800     N/A    0.002774  -50.42974  -50.45355  0.03359  -50.46334  -50.39615  0.99953  0.00211  0.00344  
1820     N/A    0.002825  -50.42715  -50.45321  0.03315  -50.46030  -50.39400  0.99948  0.00217  0.00348  
1840     N/A    0.002888  -50.42396  -50.43703  0.03378  -50.45774  -50.39019  0.99974  0.00222  0.00356  
1860     N/A    0.002439  -50.44668  -50.46146  0.03437  -50.48105  -50.41230  0.99971  0.00176  0.00312  
1880     N/A    0.002873  -50.42469  -50.43573  0.03277  -50.45746  -50.39192  0.99978  0.00223  0.00352  
1900     N/A    0.002491  -50.44402  -50.46317  0.03209  -50.47611  -50.41192  0.99962  0.00186  0.00313  
1920     N/A    0.002595  -50.43875  -50.45451  0.03308  -50.47182  -50.40567  0.99969  0.00194  0.00325  
1940     N/A    0.002455  -50.44584  -50.44539  0.03339  -50.47923  -50.41245  1.00001  0.00180  0.00312  
1960     N/A    0.002484  -50.44436  -50.47271  0.03308  -50.47744  -50.41128  0.99944  0.00183  0.00314  
1980     N/A    0.002589  -50.43906  -50.46027  0.03298  -50.47204  -50.40607  0.99958  0.00194  0.00324  
2000     N/A    0.002987  -50.41894  -50.44292  0.03275  -50.45168  -50.38619  0.99952  0.00234  0.00363  
2020     N/A    0.002922  -50.42224  -50.44524  0.03222  -50.45445  -50.39002  0.99954  0.00228  0.00356  
2040     N/A    0.002585  -50.43928  -50.45280  0.03301  -50.47228  -50.40627  0.99973  0.00193  0.00324  
2060     N/A    0.002148  -50.46136  -50.46925  0.03343  -50.49479  -50.42794  0.99984  0.00149  0.00281  
2080     N/A    0.002563  -50.44039  -50.48002  0.03251  -50.47290  -50.40789  0.99921  0.00192  0.00321  
2100     N/A    0.002681  -50.43443  -50.45785  0.03242  -50.46686  -50.40201  0.99954  0.00204  0.00332  
2120     N/A    0.002098  -50.46391  -50.46466  0.03171  -50.49562  -50.43219  0.99999  0.00147  0.00273  
2140     N/A    0.002906  -50.42302  -50.44140  0.03315  -50.45617  -50.38987  0.99964  0.00225  0.00356  
2160     N/A    0.002793  -50.42875  -50.42013  0.03267  -50.46143  -50.39608  1.00017  0.00215  0.00344  
2180     N/A    0.003278  -50.40423  -50.43120  0.03286  -50.43710  -50.37137  0.99947  0.00263  0.00393  
2200     N/A    0.002322  -50.45258  -50.46361  0.03245  -50.48503  -50.42014  0.99978  0.00168  0.00296  
2220     N/A    0.002757  -50.43058  -50.45669  0.03203  -50.46262  -50.39855  0.99948  0.00212  0.00339  
2240     N/A    0.002264  -50.45550  -50.46882  0.03243  -50.48793  -50.42306  0.99974  0.00162  0.00291  
2260     N/A    0.002701  -50.43343  -50.46051  0.03291  -50.46634  -50.40053  0.99946  0.00205  0.00335  
2280     N/A    0.002819  -50.42742  -50.45415  0.03201  -50.45943  -50.39542  0.99947  0.00219  0.00345  
2300     N/A    0.002288  -50.45431  -50.48292  0.03329  -50.48761  -50.42102  0.99943  0.00163  0.00295  
2320     N/A    0.002444  -50.44642  -50.46250  0.03275  -50.47917  -50.41367  0.99968  0.00180  0.00309  
2340     N/A    0.002599  -50.43858  -50.47103  0.03222  -50.47081  -50.40636  0.99936  0.00196  0.00324  
2360     N/A    0.002270  -50.45519  -50.46002  0.03101  -50.48619  -50.42418  0.99990  0.00166  0.00288  
2380     N/A    0.002136  -50.46200  -50.46962  0.03196  -50.49396  -50.43004  0.99985  0.00150  0.00277  
2400     N/A    0.002417  -50.44777  -50.45166  0.03283  -50.48060  -50.41494  0.99992  0.00177  0.00307  
2420     N/A    0.002686  -50.43417  -50.45963  0.03178  -50.46594  -50.40239  0.99950  0.00206  0.00331  
2440     N/A    0.002569  -50.44010  -50.44598  0.03126  -50.47135  -50.40884  0.99988  0.00195  0.00319  
2460     N/A    0.002099  -50.46387  -50.47726  0.03241  -50.49628  -50.43146  0.99973  0.00146  0.00274  
2480     N/A    0.002721  -50.43240  -50.44918  0.03205  -50.46445  -50.40034  0.99967  0.00209  0.00335  
2500     N/A    0.002269  -50.45528  -50.47456  0.03186  -50.48714  -50.42342  0.99962  0.00164  0.00290  
2520     N/A    0.002071  -50.46526  -50.47280  0.03212  -50.49738  -50.43313  0.99985  0.00144  0.00271  
2540     N/A    0.002680  -50.43447  -50.45375  0.03200  -50.46647  -50.40247  0.99962  0.00205  0.00331  
2560     N/A    0.002467  -50.44524  -50.46309  0.03169  -50.47693  -50.41355  0.99965  0.00184  0.00309  
2580     N/A    0.002470  -50.44507  -50.46635  0.03194  -50.47701  -50.41313  0.99958  0.00184  0.00310  
2600     N/A    0.001772  -50.48039  -50.46988  0.03178  -50.51218  -50.44861  1.00021  0.00114  0.00240  
2620     N/A    0.002299  -50.45372  -50.47133  0.03197  -50.48570  -50.42175  0.99965  0.00167  0.00293  
2640     N/A    0.002284  -50.45450  -50.46665  0.03095  -50.48546  -50.42355  0.99976  0.00167  0.00290  
2660     N/A    0.002351  -50.45112  -50.46716  0.03173  -50.48285  -50.41939  0.99968  0.00172  0.00298  
2680     N/A    0.002085  -50.46455  -50.47659  0.03222  -50.49676  -50.43233  0.99976  0.00145  0.00272  
2700     N/A    0.001632  -50.48748  -50.49008  0.03211  -50.51959  -50.45537  0.99995  0.00100  0.00227  
2720     N/A    0.002300  -50.45369  -50.46214  0.03166  -50.48535  -50.42203  0.99983  0.00167  0.00293  
2740     N/A    0.002469  -50.44513  -50.47174  0.03132  -50.47644  -50.41381  0.99947  0.00185  0.00309  
2760     N/A    0.002720  -50.43245  -50.46025  0.03143  -50.46388  -50.40102  0.99945  0.00210  0.00334  
2780     N/A    0.002849  -50.42592  -50.45518  0.03248  -50.45840  -50.39344  0.99942  0.00221  0.00349  
2800     N/A    0.002694  -50.43375  -50.46042  0.03141  -50.46516  -50.40234  0.99947  0.00207  0.00332  
2820     N/A    0.002279  -50.45473  -50.47408  0.03146  -50.48619  -50.42326  0.99962  0.00166  0.00290  
2840     N/A    0.002735  -50.43170  -50.45461  0.03176  -50.46346  -50.39994  0.99955  0.00211  0.00336  
2860     N/A    0.002028  -50.46746  -50.47139  0.03159  -50.49905  -50.43588  0.99992  0.00140  0.00265  
2880     N/A    0.002245  -50.45648  -50.46459  0.03187  -50.48835  -50.42462  0.99984  0.00161  0.00287  
2900     N/A    0.002199  -50.45879  -50.46395  0.03113  -50.48992  -50.42766  0.99990  0.00158  0.00281  
2920     N/A    0.003008  -50.41787  -50.44086  0.03133  -50.44920  -50.38655  0.99954  0.00239  0.00363  
2940     N/A    0.002455  -50.44585  -50.45723  0.03162  -50.47747  -50.41422  0.99977  0.00183  0.00308  
2960     N/A    0.002403  -50.44846  -50.47939  0.03241  -50.48087  -50.41605  0.99939  0.00176  0.00304  
2980     N/A    0.002091  -50.46428  -50.46151  0.03121  -50.49549  -50.43307  1.00005  0.00147  0.00271  
3000     N/A    0.002293  -50.45405  -50.45639  0.03178  -50.48584  -50.42227  0.99995  0.00166  0.00292  
3020     N/A    0.001639  -50.48713  -50.48775  0.03087  -50.51800  -50.45626  0.99999  0.00103  0.00225  
3040     N/A    0.002252  -50.45610  -50.47896  0.03166  -50.48776  -50.42444  0.99955  0.00163  0.00288  
3060     N/A    0.001960  -50.47086  -50.48118  0.03176  -50.50262  -50.43910  0.99980  0.00133  0.00259  
3080     N/A    0.001932  -50.47230  -50.48037  0.03107  -50.50337  -50.44123  0.99984  0.00132  0.00255  
3100     N/A    0.002200  -50.45873  -50.46548  0.03140  -50.49013  -50.42732  0.99987  0.00158  0.00282  
3120     N/A    0.002086  -50.46452  -50.45653  0.03144  -50.49596  -50.43308  1.00016  0.00146  0.00271  
3140     N/A    0.002450  -50.44612  -50.44781  0.03148  -50.47760  -50.41465  0.99997  0.00183  0.00307  
3160     N/A    0.002333  -50.45204  -50.47315  0.03174  -50.48378  -50.42030  0.99958  0.00170  0.00296  
3180     N/A    0.002494  -50.44388  -50.46330  0.03171  -50.47559  -50.41216  0.99962  0.00187  0.00312  
3200     N/A    0.002019  -50.46791  -50.47282  0.03143  -50.49934  -50.43648  0.99990  0.00140  0.00264  
3220     N/A    0.002076  -50.46500  -50.47896  0.03151  -50.49652  -50.43349  0.99972  0.00145  0.00270  
3240     N/A    0.002518  -50.44264  -50.45434  0.03200  -50.47464  -50.41064  0.99977  0.00189  0.00315  
3260     N/A    0.001807  -50.47861  -50.49013  0.03156  -50.51016  -50.44705  0.99977  0.00118  0.00243  
3280     N/A    0.002542  -50.44144  -50.46577  0.03112  -50.47256  -50.41032  0.99952  0.00193  0.00316  
3300     N/A    0.001970  -50.47037  -50.47004  0.03134  -50.50171  -50.43903  1.00001  0.00135  0.00259  
3320     N/A    0.002424  -50.44744  -50.45235  0.03111  -50.47855  -50.41634  0.99990  0.00181  0.00304  
3340     N/A    0.001909  -50.47348  -50.48754  0.03179  -50.50527  -50.44169  0.99972  0.00128  0.00254  
3360     N/A    0.002315  -50.45294  -50.46705  0.03125  -50.48419  -50.42169  0.99972  0.00170  0.00293  
3380     N/A    0.002209  -50.45828  -50.45296  0.03211  -50.49039  -50.42618  1.00011  0.00157  0.00284  
3400     N/A    0.002506  -50.44325  -50.46982  0.03229  -50.47554  -50.41095  0.99947  0.00187  0.00315  
3420     N/A    0.002335  -50.45191  -50.45788  0.03155  -50.48347  -50.42036  0.99988  0.00171  0.00296  
3440     N/A    0.002258  -50.45582  -50.47296  0.03194  -50.48776  -50.42388  0.99966  0.00163  0.00289  
3460     N/A    0.002601  -50.43845  -50.45768  0.03088  -50.46933  -50.40757  0.99962  0.00199  0.00321  
3480     N/A    0.002591  -50.43895  -50.43329  0.03091  -50.46986  -50.40803  1.00011  0.00198  0.00320  
3500     N/A    0.001960  -50.47090  -50.46792  0.03155  -50.50245  -50.43935  1.00006  0.00134  0.00258  
3520     N/A    0.002098  -50.46390  -50.46467  0.03148  -50.49539  -50.43242  0.99998  0.00148  0.00272  
3540     N/A    0.002111  -50.46324  -50.46454  0.03194  -50.49518  -50.43130  0.99997  0.00148  0.00274  
3560     N/A    0.002026  -50.46755  -50.46886  0.03066  -50.49820  -50.43689  0.99997  0.00142  0.00263  
3580     N/A    0.002095  -50.46407  -50.46272  0.03132  -50.49539  -50.43275  1.00003  0.00148  0.00271  
3600     N/A    0.002223  -50.45760  -50.45766  0.03214  -50.48974  -50.42545  1.00000  0.00159  0.00286  
3620     N/A    0.001978  -50.46997  -50.46919  0.03158  -50.50155  -50.43839  1.00002  0.00135  0.00260  
3640     N/A    0.002083  -50.46468  -50.47084  0.03226  -50.49694  -50.43241  0.99988  0.00144  0.00272  
3660     N/A    0.002275  -50.45494  -50.47294  0.03111  -50.48605  -50.42383  0.99964  0.00166  0.00289  
3680     N/A    0.002143  -50.46165  -50.45293  0.03080  -50.49245  -50.43085  1.00017  0.00153  0.00275  
3700     N/A    0.002018  -50.46794  -50.48053  0.03126  -50.49920  -50.43669  0.99975  0.00140  0.00264  
3720     N/A    0.002721  -50.43239  -50.44501  0.03059  -50.46298  -50.40180  0.99975  0.00212  0.00333  
3740     N/A    0.002380  -50.44963  -50.43834  0.03133  -50.48096  -50.41830  1.00022  0.00176  0.00300  
3760     N/A    0.002171  -50.46021  -50.46991  0.03095  -50.49116  -50.42926  0.99981  0.00156  0.00278  
3780     N/A    0.002025  -50.46761  -50.45624  0.03103  -50.49865  -50.43658  1.00023  0.00141  0.00264  
3800     N/A    0.001992  -50.46927  -50.45856  0.03102  -50.50029  -50.43826  1.00021  0.00138  0.00261  
3820     N/A    0.002569  -50.44011  -50.45562  0.03028  -50.47038  -50.40983  0.99969  0.00197  0.00317  
3840     N/A    0.001829  -50.47752  -50.47923  0.03177  -50.50929  -50.44575  0.99997  0.00120  0.00246  
3860     N/A    0.002098  -50.46392  -50.46732  0.03035  -50.49427  -50.43357  0.99993  0.00150  0.00270  
