nh: 57
samples1: 100000
samples2: 5000
burn_in: 500
steps: 100
Exact H:-126.96
   Fidelity  ROE       Mean      Median    CI Width LL on CI  UL on CI  mmRatio  Min Err  Max Err
20     N/A    0.040986  -121.75642  -121.95070  0.19081  -121.94723  -121.56561  0.99841  0.03948  0.04249  
40     N/A    0.025386  -123.73695  -123.91561  0.16041  -123.89736  -123.57654  0.99856  0.02412  0.02665  
60     N/A    0.020035  -124.41640  -124.51117  0.14231  -124.55871  -124.27410  0.99924  0.01891  0.02116  
80     N/A    0.015862  -124.94615  -125.06385  0.13037  -125.07652  -124.81578  0.99906  0.01484  0.01689  
100     N/A    0.012951  -125.31571  -125.45180  0.11729  -125.43300  -125.19842  0.99892  0.01203  0.01388  
120     N/A    0.010980  -125.56604  -125.65766  0.10949  -125.67553  -125.45655  0.99927  0.01012  0.01184  
140     N/A    0.009640  -125.73605  -125.82009  0.10501  -125.84105  -125.63104  0.99933  0.00881  0.01047  
160     N/A    0.008950  -125.82367  -125.93161  0.10094  -125.92461  -125.72273  0.99914  0.00816  0.00975  
180     N/A    0.008112  -125.93009  -125.99615  0.09720  -126.02729  -125.83289  0.99948  0.00735  0.00888  
200     N/A    0.007180  -126.04844  -126.14586  0.09198  -126.14043  -125.95646  0.99923  0.00646  0.00790  
220     N/A    0.007017  -126.06908  -126.16672  0.08711  -126.15619  -125.98197  0.99923  0.00633  0.00770  
240     N/A    0.006496  -126.13522  -126.20593  0.08636  -126.22158  -126.04886  0.99944  0.00582  0.00718  
260     N/A    0.006348  -126.15407  -126.18717  0.08327  -126.23734  -126.07079  0.99974  0.00569  0.00700  
280     N/A    0.005726  -126.23302  -126.29139  0.08058  -126.31360  -126.15244  0.99954  0.00509  0.00636  
300     N/A    0.004869  -126.34186  -126.39338  0.07556  -126.41742  -126.26630  0.99959  0.00427  0.00546  
320     N/A    0.004617  -126.37378  -126.42725  0.07342  -126.44720  -126.30036  0.99958  0.00404  0.00520  
340     N/A    0.003882  -126.46709  -126.47312  0.07130  -126.53838  -126.39579  0.99995  0.00332  0.00444  
360     N/A    0.003806  -126.47678  -126.51543  0.06441  -126.54119  -126.41237  0.99969  0.00330  0.00431  
380     N/A    0.003796  -126.47812  -126.51764  0.06360  -126.54172  -126.41452  0.99969  0.00329  0.00430  
400     N/A    0.003079  -126.56914  -126.61074  0.06114  -126.63029  -126.50800  0.99967  0.00260  0.00356  
420     N/A    0.003165  -126.55815  -126.60557  0.05723  -126.61538  -126.50092  0.99963  0.00271  0.00362  
440     N/A    0.002611  -126.62848  -126.64699  0.05573  -126.68421  -126.57275  0.99985  0.00217  0.00305  
460     N/A    0.002634  -126.62553  -126.66287  0.05355  -126.67908  -126.57197  0.99971  0.00221  0.00306  
480     N/A    0.002713  -126.61552  -126.63307  0.05125  -126.66677  -126.56427  0.99986  0.00231  0.00312  
500     N/A    0.002422  -126.65247  -126.69778  0.05049  -126.70296  -126.60198  0.99964  0.00202  0.00282  
520     N/A    0.002055  -126.69905  -126.70385  0.05018  -126.74923  -126.64887  0.99996  0.00166  0.00245  
540     N/A    0.002127  -126.68992  -126.71020  0.04774  -126.73766  -126.64218  0.99984  0.00175  0.00250  
560     N/A    0.002141  -126.68818  -126.69821  0.04701  -126.73519  -126.64116  0.99992  0.00177  0.00251  
580     N/A    0.002043  -126.70067  -126.72025  0.04670  -126.74737  -126.65398  0.99985  0.00167  0.00241  
600     N/A    0.002158  -126.68604  -126.69627  0.04531  -126.73135  -126.64073  0.99992  0.00180  0.00251  
620     N/A    0.001976  -126.70908  -126.72266  0.04534  -126.75442  -126.66375  0.99989  0.00162  0.00233  
640     N/A    0.001828  -126.72794  -126.73661  0.04446  -126.77240  -126.68348  0.99993  0.00148  0.00218  
660     N/A    0.001864  -126.72339  -126.76681  0.04343  -126.76682  -126.67995  0.99966  0.00152  0.00221  
680     N/A    0.001944  -126.71323  -126.73508  0.04221  -126.75544  -126.67103  0.99983  0.00161  0.00228  
700     N/A    0.001649  -126.75060  -126.76759  0.04134  -126.79193  -126.70926  0.99987  0.00132  0.00197  
720     N/A    0.001619  -126.75446  -126.74619  0.04133  -126.79579  -126.71313  1.00007  0.00129  0.00194  
740     N/A    0.001656  -126.74974  -126.75341  0.04023  -126.78998  -126.70951  0.99997  0.00134  0.00197  
760     N/A    0.001639  -126.75190  -126.76732  0.04055  -126.79245  -126.71134  0.99988  0.00132  0.00196  
