nh: 57
samples1: 70000
samples2: 5000
burn_in: 500
steps: 100
Exact H:-126.96
   Fidelity  ROE       Mean      Median    CI Width LL on CI  UL on CI  mmRatio  Min Err  Max Err
50     N/A    0.031060  -123.01666  -123.23295  0.17309  -123.18975  -122.84356  0.99824  0.02970  0.03242  
100     N/A    0.020337  -124.37804  -124.54666  0.14184  -124.51988  -124.23619  0.99865  0.01922  0.02145  
150     N/A    0.012988  -125.31109  -125.44033  0.11972  -125.43081  -125.19136  0.99897  0.01204  0.01393  
200     N/A    0.010557  -125.61968  -125.70906  0.10625  -125.72594  -125.51343  0.99929  0.00972  0.01139  
250     N/A    0.008521  -125.87814  -125.96422  0.09555  -125.97369  -125.78259  0.99932  0.00777  0.00927  
300     N/A    0.006581  -126.12444  -126.18950  0.08676  -126.21119  -126.03768  0.99948  0.00590  0.00726  
350     N/A    0.005449  -126.26824  -126.33350  0.07867  -126.34691  -126.18957  0.99948  0.00483  0.00607  
400     N/A    0.004990  -126.32645  -126.33557  0.07183  -126.39828  -126.25462  0.99993  0.00442  0.00556  
450     N/A    0.004122  -126.43667  -126.45494  0.06724  -126.50390  -126.36943  0.99986  0.00359  0.00465  
500     N/A    0.003136  -126.56180  -126.57447  0.06202  -126.62382  -126.49978  0.99990  0.00265  0.00362  
550     N/A    0.003739  -126.48534  -126.49260  0.06091  -126.54625  -126.42443  0.99994  0.00326  0.00422  
600     N/A    0.003363  -126.53301  -126.57456  0.05766  -126.59066  -126.47535  0.99967  0.00291  0.00382  
650     N/A    0.002910  -126.59054  -126.60475  0.05613  -126.64667  -126.53442  0.99989  0.00247  0.00335  
700     N/A    0.002723  -126.61427  -126.63570  0.05336  -126.66762  -126.56091  0.99983  0.00230  0.00314  
750     N/A    0.002372  -126.65884  -126.66575  0.05198  -126.71082  -126.60686  0.99995  0.00196  0.00278  
800     N/A    0.002186  -126.68250  -126.68419  0.04938  -126.73188  -126.63313  0.99999  0.00180  0.00257  
850     N/A    0.002195  -126.68128  -126.69781  0.04908  -126.73037  -126.63220  0.99987  0.00181  0.00258  
900     N/A    0.002218  -126.67841  -126.69289  0.04867  -126.72707  -126.62974  0.99989  0.00183  0.00260  
950     N/A    0.002085  -126.69527  -126.69923  0.04720  -126.74247  -126.64808  0.99997  0.00171  0.00246  
1000     N/A    0.002044  -126.70048  -126.70227  0.04619  -126.74667  -126.65429  0.99999  0.00168  0.00241  
1050     N/A    0.002151  -126.68693  -126.71222  0.04584  -126.73276  -126.64109  0.99980  0.00179  0.00251  
1100     N/A    0.002040  -126.70098  -126.71224  0.04603  -126.74701  -126.65495  0.99991  0.00168  0.00240  
1150     N/A    0.002055  -126.69910  -126.70836  0.04454  -126.74364  -126.65456  0.99993  0.00170  0.00241  
1200     N/A    0.002305  -126.66737  -126.66058  0.04500  -126.71237  -126.62237  1.00005  0.00195  0.00266  
1250     N/A    0.001924  -126.71571  -126.72743  0.04590  -126.76161  -126.66981  0.99991  0.00156  0.00229  
1300     N/A    0.002224  -126.67759  -126.72820  0.04427  -126.72186  -126.63332  0.99960  0.00188  0.00257  
1350     N/A    0.002060  -126.69841  -126.69008  0.04411  -126.74252  -126.65430  1.00007  0.00171  0.00241  
1400     N/A    0.002076  -126.69649  -126.70183  0.04458  -126.74107  -126.65191  0.99996  0.00172  0.00243  
1450     N/A    0.001928  -126.71519  -126.72094  0.04360  -126.75878  -126.67159  0.99995  0.00158  0.00227  
1500     N/A    0.001897  -126.71911  -126.71833  0.04359  -126.76269  -126.67552  1.00001  0.00155  0.00224  
1550     N/A    0.001999  -126.70622  -126.71797  0.04335  -126.74956  -126.66287  0.99991  0.00166  0.00234  
1600     N/A    0.001821  -126.72881  -126.74098  0.04354  -126.77235  -126.68527  0.99990  0.00148  0.00216  
1650     N/A    0.001957  -126.71154  -126.74068  0.04289  -126.75443  -126.66866  0.99977  0.00162  0.00229  
1700     N/A    0.001857  -126.72430  -126.71870  0.04341  -126.76771  -126.68088  1.00004  0.00151  0.00220  
1750     N/A    0.001803  -126.73106  -126.75131  0.04269  -126.77374  -126.68837  0.99984  0.00147  0.00214  
1800     N/A    0.002187  -126.68228  -126.69782  0.04252  -126.72480  -126.63977  0.99988  0.00185  0.00252  
1850     N/A    0.001842  -126.72609  -126.71997  0.04252  -126.76861  -126.68357  1.00005  0.00151  0.00218  
1900     N/A    0.001857  -126.72420  -126.75013  0.04311  -126.76731  -126.68108  0.99980  0.00152  0.00220  
1950     N/A    0.001746  -126.73837  -126.73348  0.04251  -126.78087  -126.69586  1.00004  0.00141  0.00208  
2000     N/A    0.001838  -126.72659  -126.72793  0.04191  -126.76849  -126.68468  0.99999  0.00151  0.00217  
2050     N/A    0.001918  -126.71648  -126.73426  0.04269  -126.75917  -126.67379  0.99986  0.00158  0.00225  
2100     N/A    0.001603  -126.75652  -126.76117  0.04177  -126.79829  -126.71475  0.99996  0.00127  0.00193  
2150     N/A    0.001844  -126.72586  -126.73207  0.04094  -126.76680  -126.68491  0.99995  0.00152  0.00217  
2200     N/A    0.001873  -126.72216  -126.72244  0.04142  -126.76358  -126.68073  1.00000  0.00155  0.00220  
2250     N/A    0.001748  -126.73809  -126.71939  0.04137  -126.77946  -126.69672  1.00015  0.00142  0.00207  
2300     N/A    0.001734  -126.73987  -126.75039  0.04170  -126.78157  -126.69817  0.99992  0.00141  0.00206  
2350     N/A    0.001668  -126.74825  -126.78374  0.04136  -126.78961  -126.70689  0.99972  0.00134  0.00199  
2400     N/A    0.001691  -126.74537  -126.72930  0.04106  -126.78644  -126.70431  1.00013  0.00137  0.00201  
