nh: 57
samples1: 95000
samples2: 5000
burn_in: 500
steps: 100
Exact H:-126.96
   Fidelity  ROE       Mean      Median    CI Width LL on CI  UL on CI  mmRatio  Min Err  Max Err
40     N/A    0.028702  -123.31596  -123.38771  0.16833  -123.48429  -123.14763  0.99942  0.02738  0.03003  
80     N/A    0.017710  -124.71150  -124.85534  0.13473  -124.84623  -124.57678  0.99885  0.01665  0.01877  
120     N/A    0.012124  -125.42079  -125.51274  0.11408  -125.53487  -125.30672  0.99927  0.01123  0.01302  
160     N/A    0.009678  -125.73134  -125.81102  0.10188  -125.83322  -125.62945  0.99937  0.00888  0.01048  
200     N/A    0.007408  -126.01946  -126.10651  0.09269  -126.11215  -125.92678  0.99931  0.00668  0.00814  
240     N/A    0.006591  -126.12323  -126.18267  0.08749  -126.21072  -126.03574  0.99953  0.00590  0.00728  
280     N/A    0.005711  -126.23497  -126.28483  0.08353  -126.31850  -126.15144  0.99961  0.00505  0.00637  
320     N/A    0.005700  -126.23634  -126.24593  0.08124  -126.31758  -126.15509  0.99992  0.00506  0.00634  
360     N/A    0.005395  -126.27501  -126.34574  0.07926  -126.35428  -126.19575  0.99944  0.00477  0.00602  
400     N/A    0.005005  -126.32455  -126.35302  0.07432  -126.39887  -126.25024  0.99977  0.00442  0.00559  
440     N/A    0.003986  -126.45398  -126.46118  0.07131  -126.52528  -126.38267  0.99994  0.00342  0.00455  
480     N/A    0.004441  -126.39618  -126.40691  0.07031  -126.46648  -126.32587  0.99992  0.00389  0.00499  
520     N/A    0.004058  -126.44477  -126.47359  0.06778  -126.51256  -126.37699  0.99977  0.00352  0.00459  
560     N/A    0.003403  -126.52793  -126.54011  0.06541  -126.59334  -126.46253  0.99990  0.00289  0.00392  
600     N/A    0.003452  -126.52176  -126.55847  0.06334  -126.58510  -126.45842  0.99971  0.00295  0.00395  
640     N/A    0.003441  -126.52316  -126.53402  0.06163  -126.58478  -126.46153  0.99991  0.00296  0.00393  
680     N/A    0.002911  -126.59036  -126.61469  0.06118  -126.65154  -126.52918  0.99981  0.00243  0.00339  
720     N/A    0.003086  -126.56824  -126.58924  0.05885  -126.62709  -126.50939  0.99983  0.00262  0.00355  
760     N/A    0.002915  -126.58995  -126.60879  0.05690  -126.64684  -126.53305  0.99985  0.00247  0.00336  
800     N/A    0.002820  -126.60198  -126.63969  0.05800  -126.65997  -126.54398  0.99970  0.00236  0.00328  
