nh: 57
samples1: 72500
samples2: 5000
burn_in: 500
steps: 100
Exact H:-126.96
   Fidelity  ROE       Mean      Median    CI Width LL on CI  UL on CI  mmRatio  Min Err  Max Err
50     N/A    0.029189  -123.25420  -123.43544  0.16426  -123.41845  -123.08994  0.99853  0.02789  0.03048  
100     N/A    0.017397  -124.75122  -125.03238  0.13549  -124.88671  -124.61572  0.99775  0.01633  0.01846  
150     N/A    0.010782  -125.59105  -125.65934  0.11059  -125.70165  -125.48046  0.99946  0.00991  0.01165  
200     N/A    0.008422  -125.89075  -125.93191  0.09462  -125.98536  -125.79613  0.99967  0.00768  0.00917  
250     N/A    0.007410  -126.01920  -126.06379  0.08788  -126.10708  -125.93132  0.99965  0.00672  0.00810  
300     N/A    0.005754  -126.22950  -126.31150  0.07956  -126.30906  -126.14994  0.99935  0.00513  0.00638  
350     N/A    0.004981  -126.32765  -126.38202  0.07624  -126.40389  -126.25141  0.99957  0.00438  0.00558  
400     N/A    0.004664  -126.36788  -126.44586  0.07061  -126.43849  -126.29727  0.99938  0.00411  0.00522  
450     N/A    0.004087  -126.44112  -126.49054  0.06697  -126.50809  -126.37415  0.99961  0.00356  0.00461  
500     N/A    0.003851  -126.47109  -126.51453  0.06498  -126.53608  -126.40611  0.99966  0.00334  0.00436  
550     N/A    0.003071  -126.57009  -126.58349  0.06158  -126.63168  -126.50851  0.99989  0.00259  0.00356  
600     N/A    0.003013  -126.57751  -126.59972  0.05826  -126.63576  -126.51925  0.99982  0.00255  0.00347  
650     N/A    0.002692  -126.61827  -126.66317  0.05649  -126.67475  -126.56178  0.99965  0.00225  0.00314  
700     N/A    0.002707  -126.61633  -126.64140  0.05376  -126.67009  -126.56257  0.99980  0.00228  0.00313  
750     N/A    0.002431  -126.65134  -126.64419  0.05208  -126.70341  -126.59926  1.00006  0.00202  0.00284  
800     N/A    0.002653  -126.62322  -126.62430  0.04986  -126.67308  -126.57337  0.99999  0.00226  0.00305  
850     N/A    0.002383  -126.65745  -126.68319  0.04982  -126.70728  -126.60763  0.99980  0.00199  0.00278  
900     N/A    0.002056  -126.69896  -126.70319  0.04860  -126.74756  -126.65036  0.99997  0.00167  0.00244  
950     N/A    0.002354  -126.66117  -126.65292  0.04763  -126.70880  -126.61354  1.00007  0.00198  0.00273  
1000     N/A    0.002371  -126.65899  -126.67382  0.04637  -126.70535  -126.61262  0.99988  0.00201  0.00274  
1050     N/A    0.002341  -126.66285  -126.71231  0.04686  -126.70971  -126.61599  0.99961  0.00197  0.00271  
1100     N/A    0.002173  -126.68412  -126.70589  0.04656  -126.73068  -126.63756  0.99983  0.00181  0.00254  
1150     N/A    0.002144  -126.68785  -126.69040  0.04648  -126.73433  -126.64136  0.99998  0.00178  0.00251  
1200     N/A    0.002144  -126.68777  -126.69025  0.04514  -126.73291  -126.64263  0.99998  0.00179  0.00250  
1250     N/A    0.002123  -126.69051  -126.70183  0.04460  -126.73511  -126.64590  0.99991  0.00177  0.00247  
1300     N/A    0.001919  -126.71641  -126.74809  0.04438  -126.76079  -126.67202  0.99975  0.00157  0.00227  
1350     N/A    0.001827  -126.72809  -126.74225  0.04331  -126.77139  -126.68478  0.99989  0.00149  0.00217  
1400     N/A    0.001843  -126.72604  -126.73757  0.04252  -126.76856  -126.68352  0.99991  0.00151  0.00218  
1450     N/A    0.001556  -126.76248  -126.76644  0.04266  -126.80514  -126.71981  0.99997  0.00122  0.00189  
1500     N/A    0.001650  -126.75046  -126.75889  0.04204  -126.79250  -126.70842  0.99993  0.00132  0.00198  
1550     N/A    0.001721  -126.74145  -126.73263  0.04115  -126.78261  -126.70030  1.00007  0.00140  0.00205  
1600     N/A    0.001625  -126.75371  -126.74749  0.04105  -126.79476  -126.71266  1.00005  0.00130  0.00195  
1650     N/A    0.001663  -126.74880  -126.75815  0.04116  -126.78997  -126.70764  0.99993  0.00134  0.00199  
1700     N/A    0.001704  -126.74361  -126.76667  0.04154  -126.78514  -126.70207  0.99982  0.00138  0.00203  
1750     N/A    0.001706  -126.74344  -126.75991  0.04033  -126.78377  -126.70312  0.99987  0.00139  0.00202  
1800     N/A    0.001601  -126.75675  -126.76075  0.04089  -126.79764  -126.71586  0.99997  0.00128  0.00192  
1850     N/A    0.001755  -126.73715  -126.76258  0.04040  -126.77755  -126.69675  0.99980  0.00144  0.00207  
1900     N/A    0.001750  -126.73782  -126.75497  0.04033  -126.77815  -126.69749  0.99986  0.00143  0.00207  
1950     N/A    0.001856  -126.72436  -126.74702  0.04047  -126.76483  -126.68390  0.99982  0.00154  0.00217  
2000     N/A    0.001916  -126.71675  -126.73771  0.04069  -126.75744  -126.67606  0.99983  0.00160  0.00224  
2050     N/A    0.001716  -126.74220  -126.76273  0.04065  -126.78285  -126.70154  0.99984  0.00140  0.00204  
2100     N/A    0.001534  -126.76520  -126.75172  0.04059  -126.80579  -126.72461  1.00011  0.00121  0.00185  
2150     N/A    0.001633  -126.75266  -126.76000  0.04066  -126.79332  -126.71200  0.99994  0.00131  0.00195  
2200     N/A    0.001701  -126.74408  -126.75391  0.03967  -126.78375  -126.70441  0.99992  0.00139  0.00201  
2250     N/A    0.001565  -126.76126  -126.75806  0.04088  -126.80214  -126.72038  1.00003  0.00124  0.00189  
2300     N/A    0.001767  -126.73567  -126.74339  0.03979  -126.77546  -126.69588  0.99994  0.00145  0.00208  
2350     N/A    0.001803  -126.73111  -126.73977  0.04083  -126.77194  -126.69028  0.99993  0.00148  0.00212  
2400     N/A    0.001806  -126.73073  -126.74203  0.03987  -126.77060  -126.69086  0.99991  0.00149  0.00212  
2450     N/A    0.001547  -126.76364  -126.77944  0.04030  -126.80394  -126.72335  0.99988  0.00123  0.00186  
2500     N/A    0.001774  -126.73474  -126.74719  0.04005  -126.77479  -126.69470  0.99990  0.00146  0.00209  
