nh: 57
samples1: 97500
samples2: 5000
burn_in: 500
steps: 100
Exact H:-126.96
   Fidelity  ROE       Mean      Median    CI Width LL on CI  UL on CI  mmRatio  Min Err  Max Err
40     N/A    0.028527  -123.33827  -123.50697  0.16407  -123.50235  -123.17420  0.99863  0.02723  0.02982  
80     N/A    0.017154  -124.78217  -124.96768  0.13235  -124.91452  -124.64982  0.99852  0.01611  0.01820  
120     N/A    0.012180  -125.41366  -125.54030  0.11317  -125.52683  -125.30048  0.99899  0.01129  0.01307  
160     N/A    0.008648  -125.86205  -125.93221  0.09751  -125.95956  -125.76453  0.99944  0.00788  0.00942  
200     N/A    0.006978  -126.07411  -126.09862  0.08871  -126.16282  -125.98540  0.99981  0.00628  0.00768  
240     N/A    0.005745  -126.23065  -126.25861  0.08018  -126.31083  -126.15047  0.99978  0.00511  0.00638  
280     N/A    0.004875  -126.34105  -126.39849  0.07454  -126.41559  -126.26652  0.99955  0.00429  0.00546  
320     N/A    0.004006  -126.45142  -126.47390  0.06830  -126.51972  -126.38313  0.99982  0.00347  0.00454  
360     N/A    0.003220  -126.55123  -126.56346  0.06346  -126.61468  -126.48777  0.99990  0.00272  0.00372  
400     N/A    0.003473  -126.51903  -126.58039  0.05950  -126.57853  -126.45953  0.99952  0.00300  0.00394  
440     N/A    0.003081  -126.56884  -126.61364  0.05708  -126.62593  -126.51176  0.99965  0.00263  0.00353  
480     N/A    0.002680  -126.61979  -126.65195  0.05365  -126.67344  -126.56614  0.99975  0.00226  0.00310  
520     N/A    0.002475  -126.64580  -126.67402  0.05305  -126.69885  -126.59275  0.99978  0.00206  0.00289  
560     N/A    0.002486  -126.64439  -126.65846  0.05085  -126.69524  -126.59353  0.99989  0.00209  0.00289  
600     N/A    0.002288  -126.66950  -126.67980  0.04891  -126.71841  -126.62059  0.99992  0.00190  0.00267  
640     N/A    0.002355  -126.66105  -126.67622  0.04775  -126.70880  -126.61330  0.99988  0.00198  0.00273  
680     N/A    0.001888  -126.72027  -126.71669  0.04614  -126.76641  -126.67413  1.00003  0.00152  0.00225  
720     N/A    0.002102  -126.69310  -126.70581  0.04501  -126.73810  -126.64809  0.99990  0.00175  0.00246  
760     N/A    0.001864  -126.72329  -126.71607  0.04347  -126.76676  -126.67981  1.00006  0.00152  0.00221  
800     N/A    0.001723  -126.74126  -126.75108  0.04189  -126.78316  -126.69937  0.99992  0.00139  0.00205  
840     N/A    0.001809  -126.73037  -126.73126  0.04147  -126.77185  -126.68890  0.99999  0.00148  0.00214  
