nh: 56
samples1: 100000
samples2: 5000
burn_in: 500
steps: 100
Exact H:-126.96
   Fidelity  ROE       Mean      Median    CI Width LL on CI  UL on CI  mmRatio  Min Err  Max Err
20     N/A    0.042146  -121.60913  -121.78740  0.19667  -121.80579  -121.41246  0.99854  0.04060  0.04370  
40     N/A    0.026415  -123.60635  -123.82547  0.16419  -123.77055  -123.44216  0.99823  0.02512  0.02771  
60     N/A    0.020773  -124.32262  -124.41609  0.14513  -124.46775  -124.17749  0.99925  0.01963  0.02192  
80     N/A    0.015951  -124.93484  -125.12787  0.13025  -125.06509  -124.80460  0.99846  0.01493  0.01698  
100     N/A    0.014071  -125.17349  -125.29921  0.11939  -125.29288  -125.05410  0.99900  0.01313  0.01501  
120     N/A    0.010954  -125.56924  -125.69076  0.11029  -125.67953  -125.45894  0.99903  0.01009  0.01182  
140     N/A    0.009440  -125.76151  -125.84183  0.10264  -125.86415  -125.65887  0.99936  0.00863  0.01025  
160     N/A    0.008013  -125.94270  -125.98996  0.09490  -126.03761  -125.84780  0.99962  0.00727  0.00876  
180     N/A    0.007276  -126.03623  -126.12598  0.09148  -126.12771  -125.94475  0.99929  0.00656  0.00800  
200     N/A    0.006723  -126.10643  -126.15405  0.08916  -126.19559  -126.01727  0.99962  0.00602  0.00743  
220     N/A    0.006251  -126.16635  -126.29071  0.08480  -126.25115  -126.08154  0.99902  0.00558  0.00692  
240     N/A    0.006169  -126.17683  -126.21942  0.08228  -126.25911  -126.09454  0.99966  0.00552  0.00682  
260     N/A    0.004998  -126.32550  -126.39497  0.07636  -126.40186  -126.24915  0.99945  0.00440  0.00560  
280     N/A    0.004774  -126.35390  -126.40779  0.07523  -126.42913  -126.27868  0.99957  0.00418  0.00537  
300     N/A    0.004688  -126.36476  -126.42580  0.07125  -126.43601  -126.29350  0.99952  0.00413  0.00525  
320     N/A    0.004015  -126.45026  -126.48361  0.06965  -126.51991  -126.38060  0.99974  0.00347  0.00456  
340     N/A    0.004187  -126.42846  -126.44904  0.06631  -126.49477  -126.36216  0.99984  0.00366  0.00471  
360     N/A    0.003659  -126.49544  -126.53417  0.06542  -126.56085  -126.43002  0.99969  0.00314  0.00417  
380     N/A    0.003454  -126.52144  -126.55657  0.06392  -126.58536  -126.45753  0.99972  0.00295  0.00396  
400     N/A    0.003475  -126.51884  -126.55173  0.06097  -126.57981  -126.45787  0.99974  0.00299  0.00396  
420     N/A    0.003091  -126.56757  -126.59205  0.05939  -126.62696  -126.50819  0.99981  0.00262  0.00356  
440     N/A    0.002974  -126.58241  -126.62669  0.05907  -126.64148  -126.52334  0.99965  0.00251  0.00344  
460     N/A    0.003125  -126.56323  -126.58147  0.05954  -126.62277  -126.50370  0.99986  0.00266  0.00359  
480     N/A    0.002737  -126.61253  -126.65097  0.05583  -126.66835  -126.55670  0.99970  0.00230  0.00318  
500     N/A    0.002639  -126.62493  -126.67486  0.05599  -126.68092  -126.56894  0.99961  0.00220  0.00308  
520     N/A    0.002741  -126.61199  -126.62331  0.05529  -126.66728  -126.55670  0.99991  0.00231  0.00318  
540     N/A    0.002697  -126.61755  -126.64321  0.05344  -126.67098  -126.56411  0.99980  0.00228  0.00312  
560     N/A    0.002457  -126.64807  -126.67594  0.05220  -126.70027  -126.59587  0.99978  0.00205  0.00287  
580     N/A    0.002203  -126.68025  -126.69955  0.05068  -126.73093  -126.62957  0.99985  0.00180  0.00260  
600     N/A    0.002172  -126.68430  -126.68635  0.05122  -126.73552  -126.63308  0.99998  0.00177  0.00257  
620     N/A    0.002220  -126.67811  -126.71365  0.04966  -126.72777  -126.62845  0.99972  0.00183  0.00261  
640     N/A    0.002203  -126.68033  -126.68078  0.04822  -126.72855  -126.63211  1.00000  0.00182  0.00258  
660     N/A    0.002132  -126.68934  -126.71906  0.04867  -126.73800  -126.64067  0.99977  0.00175  0.00252  
680     N/A    0.001936  -126.71426  -126.73426  0.04826  -126.76252  -126.66600  0.99984  0.00156  0.00232  
700     N/A    0.001934  -126.71446  -126.72088  0.04788  -126.76234  -126.66658  0.99995  0.00156  0.00231  
720     N/A    0.002054  -126.69916  -126.72479  0.04690  -126.74606  -126.65227  0.99980  0.00169  0.00242  
740     N/A    0.002003  -126.70565  -126.74338  0.04639  -126.75204  -126.65926  0.99970  0.00164  0.00237  
760     N/A    0.002055  -126.69913  -126.69138  0.04570  -126.74483  -126.65342  1.00006  0.00169  0.00241  
780     N/A    0.001985  -126.70794  -126.71571  0.04428  -126.75222  -126.66366  0.99994  0.00164  0.00233  
