nh: 16
samples1: 27500
samples2: 5000
burn_in: 500
steps: 100
Exact H:-37.84
   Fidelity  ROE       Mean      Median    CI Width LL on CI  UL on CI  mmRatio  Min Err  Max Err
20     N/A    0.106295  -33.81779  -33.92306  0.15616  -33.97395  -33.66164  0.99690  0.10217  0.11042  
40     N/A    0.060562  -35.54833  -35.70020  0.12366  -35.67199  -35.42467  0.99575  0.05729  0.06383  
60     N/A    0.043543  -36.19234  -36.44684  0.10625  -36.29859  -36.08609  0.99302  0.04073  0.04635  
80     N/A    0.035731  -36.48794  -36.66709  0.09803  -36.58597  -36.38990  0.99511  0.03314  0.03832  
100     N/A    0.028412  -36.76487  -36.90422  0.09159  -36.85646  -36.67329  0.99622  0.02599  0.03083  
120     N/A    0.025251  -36.88451  -37.10244  0.08754  -36.97205  -36.79698  0.99413  0.02294  0.02756  
140     N/A    0.022336  -36.99479  -37.15493  0.08316  -37.07795  -36.91163  0.99569  0.02014  0.02453  
160     N/A    0.023333  -36.95709  -37.17490  0.08066  -37.03775  -36.87643  0.99414  0.02120  0.02546  
180     N/A    0.019920  -37.08621  -37.25626  0.07606  -37.16227  -37.01015  0.99544  0.01791  0.02193  
200     N/A    0.017231  -37.18796  -37.35010  0.07416  -37.26212  -37.11380  0.99566  0.01527  0.01919  
220     N/A    0.016947  -37.19873  -37.40127  0.07191  -37.27064  -37.12682  0.99458  0.01505  0.01885  
240     N/A    0.013729  -37.32051  -37.44945  0.06702  -37.38752  -37.25349  0.99656  0.01196  0.01550  
260     N/A    0.012933  -37.35063  -37.51674  0.06683  -37.41745  -37.28380  0.99557  0.01117  0.01470  
280     N/A    0.013268  -37.33794  -37.49505  0.06622  -37.40416  -37.27172  0.99581  0.01152  0.01502  
300     N/A    0.012720  -37.35867  -37.52219  0.06364  -37.42231  -37.29503  0.99564  0.01104  0.01440  
320     N/A    0.012575  -37.36414  -37.53611  0.06369  -37.42783  -37.30046  0.99542  0.01089  0.01426  
340     N/A    0.012353  -37.37255  -37.54216  0.06238  -37.43493  -37.31016  0.99548  0.01070  0.01400  
360     N/A    0.012355  -37.37248  -37.56287  0.06331  -37.43579  -37.30918  0.99493  0.01068  0.01403  
380     N/A    0.011703  -37.39716  -37.57393  0.06104  -37.45821  -37.33612  0.99530  0.01009  0.01332  
400     N/A    0.011191  -37.41655  -37.58374  0.06133  -37.47788  -37.35522  0.99555  0.00957  0.01281  
420     N/A    0.010664  -37.43647  -37.57928  0.06019  -37.49666  -37.37628  0.99620  0.00907  0.01225  
440     N/A    0.009315  -37.48753  -37.61104  0.05864  -37.54618  -37.42889  0.99672  0.00776  0.01086  
460     N/A    0.010722  -37.43429  -37.58672  0.05847  -37.49276  -37.37581  0.99594  0.00918  0.01227  
480     N/A    0.010202  -37.45397  -37.61280  0.05915  -37.51312  -37.39481  0.99578  0.00864  0.01176  
500     N/A    0.010472  -37.44374  -37.59916  0.05806  -37.50180  -37.38568  0.99587  0.00894  0.01201  
520     N/A    0.008759  -37.50855  -37.60470  0.05707  -37.56562  -37.45148  0.99744  0.00725  0.01027  
540     N/A    0.009951  -37.46344  -37.62722  0.05568  -37.51913  -37.40776  0.99565  0.00848  0.01142  
560     N/A    0.009947  -37.46361  -37.63044  0.05544  -37.51905  -37.40816  0.99557  0.00848  0.01141  
580     N/A    0.009089  -37.49606  -37.62504  0.05364  -37.54970  -37.44242  0.99657  0.00767  0.01051  
600     N/A    0.006922  -37.57806  -37.68944  0.05263  -37.63069  -37.52543  0.99704  0.00553  0.00831  
620     N/A    0.008251  -37.52778  -37.66920  0.05310  -37.58089  -37.47468  0.99625  0.00685  0.00965  
640     N/A    0.008462  -37.51979  -37.63753  0.05234  -37.57213  -37.46745  0.99687  0.00708  0.00985  
660     N/A    0.006842  -37.58110  -37.67347  0.05123  -37.63233  -37.52987  0.99755  0.00549  0.00820  
680     N/A    0.007325  -37.56281  -37.66277  0.05003  -37.61284  -37.51278  0.99735  0.00600  0.00865  
700     N/A    0.007383  -37.56064  -37.67568  0.04897  -37.60961  -37.51168  0.99695  0.00609  0.00868  
720     N/A    0.007074  -37.57233  -37.67679  0.04803  -37.62037  -37.52430  0.99723  0.00580  0.00834  
740     N/A    0.005682  -37.62501  -37.69891  0.04709  -37.67210  -37.57792  0.99804  0.00444  0.00693  
760     N/A    0.007079  -37.57212  -37.66425  0.04748  -37.61960  -37.52463  0.99755  0.00582  0.00833  
780     N/A    0.005971  -37.61406  -37.69095  0.04650  -37.66056  -37.56756  0.99796  0.00474  0.00720  
800     N/A    0.006241  -37.60384  -37.69759  0.04622  -37.65006  -37.55763  0.99751  0.00502  0.00746  
820     N/A    0.005256  -37.64110  -37.70056  0.04528  -37.68638  -37.59582  0.99842  0.00406  0.00645  
840     N/A    0.005251  -37.64131  -37.72357  0.04519  -37.68650  -37.59612  0.99782  0.00406  0.00645  
860     N/A    0.006154  -37.60713  -37.72319  0.04423  -37.65137  -37.56290  0.99692  0.00499  0.00732  
880     N/A    0.005971  -37.61405  -37.69643  0.04391  -37.65796  -37.57014  0.99781  0.00481  0.00713  
900     N/A    0.006081  -37.60988  -37.69313  0.04319  -37.65307  -37.56670  0.99779  0.00494  0.00722  
920     N/A    0.005843  -37.61892  -37.70322  0.04276  -37.66168  -37.57616  0.99776  0.00471  0.00697  
940     N/A    0.005697  -37.62444  -37.70624  0.04102  -37.66547  -37.58342  0.99783  0.00461  0.00678  
960     N/A    0.004959  -37.65234  -37.73028  0.04228  -37.69462  -37.61006  0.99793  0.00384  0.00608  
980     N/A    0.005042  -37.64921  -37.72451  0.04211  -37.69133  -37.60710  0.99800  0.00393  0.00615  
1000     N/A    0.004973  -37.65183  -37.71298  0.04159  -37.69342  -37.61025  0.99838  0.00387  0.00607  
1020     N/A    0.005299  -37.63948  -37.74073  0.04184  -37.68132  -37.59764  0.99732  0.00419  0.00640  
1040     N/A    0.004808  -37.65808  -37.72886  0.03994  -37.69802  -37.61814  0.99812  0.00375  0.00586  
1060     N/A    0.005122  -37.64617  -37.72130  0.04047  -37.68664  -37.60570  0.99801  0.00405  0.00619  
1080     N/A    0.004032  -37.68744  -37.74892  0.03941  -37.72685  -37.64803  0.99837  0.00299  0.00507  
1100     N/A    0.005251  -37.64129  -37.72513  0.04026  -37.68155  -37.60103  0.99778  0.00419  0.00632  
1120     N/A    0.004542  -37.66811  -37.74325  0.03891  -37.70702  -37.62921  0.99801  0.00351  0.00557  
1140     N/A    0.004536  -37.66837  -37.73273  0.03954  -37.70791  -37.62883  0.99829  0.00349  0.00558  
1160     N/A    0.004204  -37.68092  -37.75143  0.04015  -37.72107  -37.64076  0.99813  0.00314  0.00527  
1180     N/A    0.003775  -37.69717  -37.76503  0.03872  -37.73589  -37.65846  0.99820  0.00275  0.00480  
1200     N/A    0.004789  -37.65878  -37.74000  0.03925  -37.69803  -37.61953  0.99785  0.00375  0.00583  
1220     N/A    0.004260  -37.67880  -37.76172  0.03896  -37.71776  -37.63985  0.99780  0.00323  0.00529  
1240     N/A    0.004064  -37.68621  -37.73941  0.03861  -37.72482  -37.64759  0.99859  0.00304  0.00508  
1260     N/A    0.004499  -37.66977  -37.73476  0.03863  -37.70840  -37.63114  0.99828  0.00348  0.00552  
1280     N/A    0.004206  -37.68085  -37.74346  0.03741  -37.71826  -37.64344  0.99834  0.00322  0.00519  
1300     N/A    0.003894  -37.69266  -37.75836  0.03741  -37.73008  -37.65525  0.99826  0.00290  0.00488  
1320     N/A    0.004471  -37.67081  -37.74403  0.03709  -37.70791  -37.63372  0.99806  0.00349  0.00545  
1340     N/A    0.003362  -37.71279  -37.76577  0.03596  -37.74875  -37.67684  0.99860  0.00241  0.00431  
1360     N/A    0.004451  -37.67159  -37.74535  0.03709  -37.70868  -37.63449  0.99805  0.00347  0.00543  
1380     N/A    0.004086  -37.68540  -37.76201  0.03781  -37.72321  -37.64758  0.99797  0.00309  0.00508  
1400     N/A    0.003575  -37.70472  -37.76883  0.03558  -37.74030  -37.66914  0.99830  0.00263  0.00452  
1420     N/A    0.003693  -37.70027  -37.76842  0.03635  -37.73662  -37.66392  0.99820  0.00273  0.00465  
1440     N/A    0.003440  -37.70982  -37.76861  0.03585  -37.74567  -37.67397  0.99844  0.00249  0.00439  
1460     N/A    0.003816  -37.69561  -37.76799  0.03617  -37.73179  -37.65944  0.99808  0.00286  0.00477  
1480     N/A    0.003187  -37.71939  -37.77389  0.03448  -37.75386  -37.68491  0.99856  0.00228  0.00410  
1500     N/A    0.003756  -37.69788  -37.77079  0.03562  -37.73349  -37.66226  0.99807  0.00281  0.00470  
1520     N/A    0.002973  -37.72748  -37.77113  0.03498  -37.76246  -37.69251  0.99884  0.00205  0.00390  
1540     N/A    0.003468  -37.70877  -37.77565  0.03455  -37.74332  -37.67422  0.99823  0.00256  0.00438  
1560     N/A    0.003788  -37.69664  -37.75231  0.03489  -37.73153  -37.66176  0.99853  0.00287  0.00471  
