nh: 16
samples1: 27500
samples2: 5000
burn_in: 500
steps: 100
Exact H:-37.84
   Fidelity  ROE       Mean      Median    CI Width LL on CI  UL on CI  mmRatio  Min Err  Max Err
40     N/A    0.061236  -35.52283  -35.68711  0.12251  -35.64534  -35.40033  0.99540  0.05800  0.06447  
80     N/A    0.034441  -36.53677  -36.76019  0.09671  -36.63347  -36.44006  0.99392  0.03189  0.03700  
120     N/A    0.022388  -36.99285  -37.14213  0.08480  -37.07765  -36.90806  0.99598  0.02015  0.02463  
160     N/A    0.019313  -37.10921  -37.28019  0.07839  -37.18760  -37.03082  0.99541  0.01724  0.02138  
200     N/A    0.018327  -37.14650  -37.33095  0.07309  -37.21959  -37.07340  0.99506  0.01640  0.02026  
240     N/A    0.014736  -37.28240  -37.49007  0.06728  -37.34968  -37.21512  0.99446  0.01296  0.01651  
280     N/A    0.011180  -37.41694  -37.57219  0.06077  -37.47771  -37.35618  0.99587  0.00957  0.01279  
320     N/A    0.008920  -37.50245  -37.65779  0.05602  -37.55847  -37.44643  0.99587  0.00744  0.01040  
360     N/A    0.008249  -37.52784  -37.65109  0.05067  -37.57851  -37.47717  0.99673  0.00691  0.00959  
400     N/A    0.007203  -37.56744  -37.68718  0.04881  -37.61625  -37.51863  0.99682  0.00591  0.00849  
440     N/A    0.005970  -37.61411  -37.70314  0.04542  -37.65952  -37.56869  0.99764  0.00477  0.00717  
480     N/A    0.005604  -37.62795  -37.68539  0.04265  -37.67061  -37.58530  0.99848  0.00448  0.00673  
520     N/A    0.004691  -37.66248  -37.70857  0.03997  -37.70246  -37.62251  0.99878  0.00363  0.00575  
560     N/A    0.004502  -37.66963  -37.72123  0.03849  -37.70812  -37.63114  0.99863  0.00349  0.00552  
600     N/A    0.003831  -37.69503  -37.72878  0.03755  -37.73259  -37.65748  0.99911  0.00284  0.00482  
640     N/A    0.003829  -37.69510  -37.73356  0.03682  -37.73192  -37.65827  0.99898  0.00286  0.00480  
680     N/A    0.003957  -37.69028  -37.69633  0.03501  -37.72529  -37.65526  0.99984  0.00303  0.00488  
720     N/A    0.004004  -37.68850  -37.71833  0.03407  -37.72257  -37.65443  0.99921  0.00310  0.00490  
760     N/A    0.003017  -37.72582  -37.76446  0.03389  -37.75971  -37.69193  0.99898  0.00212  0.00391  
800     N/A    0.003317  -37.71447  -37.75785  0.03187  -37.74633  -37.68260  0.99885  0.00248  0.00416  
840     N/A    0.003236  -37.71754  -37.73753  0.03083  -37.74837  -37.68671  0.99947  0.00242  0.00405  
880     N/A    0.003523  -37.70670  -37.73363  0.02967  -37.73637  -37.67703  0.99929  0.00274  0.00431  
920     N/A    0.002489  -37.74581  -37.77227  0.02829  -37.77410  -37.71752  0.99930  0.00174  0.00324  
960     N/A    0.002563  -37.74303  -37.76046  0.02807  -37.77110  -37.71497  0.99954  0.00182  0.00330  
1000     N/A    0.002755  -37.73574  -37.75357  0.02770  -37.76343  -37.70804  0.99953  0.00202  0.00349  
1040     N/A    0.002694  -37.73804  -37.76273  0.02630  -37.76435  -37.71174  0.99935  0.00200  0.00339  
1080     N/A    0.002082  -37.76120  -37.77359  0.02511  -37.78631  -37.73608  0.99967  0.00142  0.00275  
1120     N/A    0.001974  -37.76531  -37.77074  0.02473  -37.79004  -37.74058  0.99986  0.00132  0.00263  
1160     N/A    0.001397  -37.78713  -37.77816  0.02380  -37.81093  -37.76333  1.00024  0.00077  0.00203  
1200     N/A    0.001787  -37.77237  -37.79010  0.02351  -37.79588  -37.74885  0.99953  0.00117  0.00241  
1240     N/A    0.001701  -37.77565  -37.78637  0.02228  -37.79793  -37.75336  0.99972  0.00111  0.00229  
1280     N/A    0.001674  -37.77665  -37.78970  0.02184  -37.79849  -37.75481  0.99965  0.00110  0.00225  
1320     N/A    0.001390  -37.78738  -37.78841  0.02098  -37.80836  -37.76641  0.99997  0.00084  0.00194  
1360     N/A    0.001402  -37.78694  -37.80467  0.02107  -37.80801  -37.76587  0.99953  0.00085  0.00196  
1400     N/A    0.001101  -37.79835  -37.79961  0.02042  -37.81877  -37.77794  0.99997  0.00056  0.00164  
1440     N/A    0.001517  -37.78261  -37.79574  0.01999  -37.80259  -37.76262  0.99965  0.00099  0.00204  
1480     N/A    0.001070  -37.79952  -37.80240  0.01969  -37.81921  -37.77983  0.99992  0.00055  0.00159  
1520     N/A    0.001477  -37.78412  -37.79803  0.01928  -37.80340  -37.76485  0.99963  0.00097  0.00199  
1560     N/A    0.001288  -37.79127  -37.80245  0.01926  -37.81053  -37.77201  0.99970  0.00078  0.00180  
1600     N/A    0.001438  -37.78560  -37.79850  0.01920  -37.80480  -37.76641  0.99966  0.00093  0.00194  
1640     N/A    0.001386  -37.78754  -37.79956  0.01880  -37.80635  -37.76874  0.99968  0.00089  0.00188  
1680     N/A    0.001124  -37.79748  -37.81148  0.01852  -37.81600  -37.77896  0.99963  0.00063  0.00161  
1720     N/A    0.001268  -37.79202  -37.80491  0.01839  -37.81041  -37.77362  0.99966  0.00078  0.00175  
1760     N/A    0.001138  -37.79692  -37.80969  0.01834  -37.81526  -37.77858  0.99966  0.00065  0.00162  
1800     N/A    0.001318  -37.79013  -37.80098  0.01797  -37.80810  -37.77216  0.99971  0.00084  0.00179  
1840     N/A    0.001296  -37.79094  -37.80398  0.01837  -37.80931  -37.77258  0.99966  0.00081  0.00178  
1880     N/A    0.001196  -37.79473  -37.80653  0.01844  -37.81317  -37.77629  0.99969  0.00071  0.00168  
1920     N/A    0.001235  -37.79325  -37.79993  0.01801  -37.81127  -37.77524  0.99982  0.00076  0.00171  
1960     N/A    0.001226  -37.79362  -37.80025  0.01824  -37.81186  -37.77537  0.99982  0.00074  0.00171  
2000     N/A    0.000774  -37.81070  -37.81013  0.01745  -37.82814  -37.79325  1.00002  0.00031  0.00124  
2040     N/A    0.001231  -37.79342  -37.80559  0.01806  -37.81148  -37.77536  0.99968  0.00075  0.00171  
2080     N/A    0.001396  -37.78716  -37.78919  0.01751  -37.80467  -37.76965  0.99995  0.00093  0.00186  
2120     N/A    0.001072  -37.79944  -37.80885  0.01769  -37.81714  -37.78175  0.99975  0.00060  0.00154  
2160     N/A    0.001557  -37.78107  -37.79511  0.01785  -37.79892  -37.76322  0.99963  0.00109  0.00203  
2200     N/A    0.001316  -37.79020  -37.80016  0.01746  -37.80766  -37.77275  0.99974  0.00085  0.00178  
2240     N/A    0.001136  -37.79700  -37.80154  0.01743  -37.81443  -37.77957  0.99988  0.00068  0.00160  
2280     N/A    0.001212  -37.79415  -37.80238  0.01747  -37.81162  -37.77668  0.99978  0.00075  0.00167  
2320     N/A    0.000918  -37.80525  -37.81638  0.01739  -37.82264  -37.78787  0.99971  0.00046  0.00138  
2360     N/A    0.000890  -37.80631  -37.81312  0.01718  -37.82349  -37.78913  0.99982  0.00044  0.00134  
2400     N/A    0.001423  -37.78614  -37.79881  0.01749  -37.80363  -37.76866  0.99966  0.00096  0.00189  
2440     N/A    0.001002  -37.80208  -37.80398  0.01707  -37.81915  -37.78501  0.99995  0.00055  0.00145  
2480     N/A    0.000904  -37.80580  -37.80777  0.01758  -37.82337  -37.78822  0.99995  0.00044  0.00137  
2520     N/A    0.001152  -37.79642  -37.80711  0.01704  -37.81346  -37.77938  0.99972  0.00070  0.00160  
2560     N/A    0.001198  -37.79466  -37.79668  0.01721  -37.81188  -37.77745  0.99995  0.00074  0.00165  
2600     N/A    0.001301  -37.79076  -37.80034  0.01722  -37.80797  -37.77354  0.99975  0.00085  0.00176  
2640     N/A    0.001217  -37.79396  -37.80442  0.01760  -37.81155  -37.77636  0.99972  0.00075  0.00168  
2680     N/A    0.001105  -37.79820  -37.79742  0.01741  -37.81561  -37.78079  1.00002  0.00064  0.00156  
2720     N/A    0.001043  -37.80053  -37.80588  0.01712  -37.81765  -37.78341  0.99986  0.00059  0.00150  
2760     N/A    0.001029  -37.80108  -37.79760  0.01711  -37.81819  -37.78397  1.00009  0.00058  0.00148  
2800     N/A    0.001115  -37.79782  -37.79772  0.01686  -37.81468  -37.78095  1.00000  0.00067  0.00156  
2840     N/A    0.001258  -37.79242  -37.80019  0.01713  -37.80954  -37.77529  0.99979  0.00080  0.00171  
2880     N/A    0.000774  -37.81073  -37.80579  0.01710  -37.82782  -37.79363  1.00013  0.00032  0.00123  
2920     N/A    0.001068  -37.79957  -37.79435  0.01714  -37.81671  -37.78244  1.00014  0.00062  0.00152  
2960     N/A    0.001051  -37.80022  -37.80672  0.01719  -37.81741  -37.78304  0.99983  0.00060  0.00151  
3000     N/A    0.001345  -37.78910  -37.80401  0.01729  -37.80639  -37.77181  0.99961  0.00089  0.00180  
3040     N/A    0.000895  -37.80613  -37.80823  0.01780  -37.82393  -37.78834  0.99994  0.00042  0.00137  
3080     N/A    0.001120  -37.79763  -37.79964  0.01692  -37.81455  -37.78070  0.99995  0.00067  0.00157  
3120     N/A    0.001183  -37.79523  -37.80080  0.01722  -37.81246  -37.77801  0.99985  0.00073  0.00164  
3160     N/A    0.001014  -37.80164  -37.80916  0.01724  -37.81888  -37.78440  0.99980  0.00056  0.00147  
3200     N/A    0.001222  -37.79376  -37.79943  0.01715  -37.81091  -37.77661  0.99985  0.00077  0.00168  
3240     N/A    0.001093  -37.79863  -37.80936  0.01746  -37.81610  -37.78117  0.99972  0.00063  0.00155  
3280     N/A    0.000951  -37.80402  -37.81102  0.01733  -37.82136  -37.78669  0.99981  0.00049  0.00141  
3320     N/A    0.000931  -37.80478  -37.81184  0.01721  -37.82200  -37.78757  0.99981  0.00048  0.00139  
3360     N/A    0.001117  -37.79774  -37.79826  0.01722  -37.81496  -37.78052  0.99999  0.00066  0.00157  
3400     N/A    0.001042  -37.80056  -37.81217  0.01774  -37.81830  -37.78283  0.99969  0.00057  0.00151  
3440     N/A    0.001022  -37.80133  -37.80344  0.01720  -37.81853  -37.78414  0.99994  0.00057  0.00148  
3480     N/A    0.001655  -37.77738  -37.78532  0.01723  -37.79461  -37.76015  0.99979  0.00120  0.00211  
3520     N/A    0.000988  -37.80260  -37.80486  0.01723  -37.81983  -37.78537  0.99994  0.00053  0.00144  
3560     N/A    0.000937  -37.80454  -37.80210  0.01719  -37.82173  -37.78736  1.00006  0.00048  0.00139  
3600     N/A    0.000967  -37.80341  -37.80610  0.01739  -37.82081  -37.78602  0.99993  0.00051  0.00143  
3640     N/A    0.001223  -37.79371  -37.80693  0.01709  -37.81081  -37.77662  0.99965  0.00077  0.00167  
3680     N/A    0.001046  -37.80042  -37.81549  0.01649  -37.81691  -37.78394  0.99960  0.00061  0.00148  
3720     N/A    0.001044  -37.80051  -37.81001  0.01745  -37.81795  -37.78306  0.99975  0.00058  0.00150  
3760     N/A    0.000911  -37.80552  -37.80854  0.01708  -37.82260  -37.78845  0.99992  0.00046  0.00136  
3800     N/A    0.001106  -37.79814  -37.79954  0.01696  -37.81510  -37.78118  0.99996  0.00066  0.00155  
3840     N/A    0.001170  -37.79571  -37.79692  0.01742  -37.81313  -37.77829  0.99997  0.00071  0.00163  
3880     N/A    0.001192  -37.79490  -37.80101  0.01724  -37.81214  -37.77766  0.99984  0.00074  0.00165  
3920     N/A    0.001209  -37.79427  -37.80965  0.01700  -37.81127  -37.77727  0.99959  0.00076  0.00166  
3960     N/A    0.001476  -37.78413  -37.80114  0.01719  -37.80132  -37.76695  0.99955  0.00102  0.00193  
4000     N/A    0.000918  -37.80525  -37.81324  0.01695  -37.82220  -37.78830  0.99979  0.00047  0.00137  
4040     N/A    0.001176  -37.79551  -37.80048  0.01695  -37.81246  -37.77856  0.99987  0.00073  0.00162  
4080     N/A    0.001148  -37.79658  -37.79155  0.01701  -37.81359  -37.77957  1.00013  0.00070  0.00160  
4120     N/A    0.001161  -37.79606  -37.80985  0.01658  -37.81264  -37.77948  0.99964  0.00072  0.00160  
4160     N/A    0.001152  -37.79640  -37.80001  0.01727  -37.81367  -37.77913  0.99990  0.00070  0.00161  
4200     N/A    0.000972  -37.80323  -37.80599  0.01742  -37.82065  -37.78581  0.99993  0.00051  0.00143  
4240     N/A    0.001006  -37.80194  -37.81072  0.01706  -37.81901  -37.78488  0.99977  0.00055  0.00146  
4280     N/A    0.001178  -37.79542  -37.79529  0.01729  -37.81271  -37.77813  1.00000  0.00072  0.00164  
4320     N/A    0.001151  -37.79646  -37.80734  0.01732  -37.81379  -37.77914  0.99971  0.00069  0.00161  
4360     N/A    0.001036  -37.80079  -37.80601  0.01684  -37.81762  -37.78395  0.99986  0.00059  0.00148  
4400     N/A    0.001234  -37.79329  -37.80386  0.01674  -37.81004  -37.77655  0.99972  0.00079  0.00168  
4440     N/A    0.001183  -37.79525  -37.80015  0.01696  -37.81221  -37.77829  0.99987  0.00073  0.00163  
4480     N/A    0.001188  -37.79506  -37.79758  0.01752  -37.81258  -37.77754  0.99993  0.00072  0.00165  
4520     N/A    0.001386  -37.78755  -37.78820  0.01750  -37.80506  -37.77005  0.99998  0.00092  0.00185  
4560     N/A    0.001304  -37.79065  -37.79730  0.01713  -37.80777  -37.77352  0.99982  0.00085  0.00176  
4600     N/A    0.001109  -37.79803  -37.80650  0.01727  -37.81530  -37.78076  0.99978  0.00065  0.00157  
4640     N/A    0.001408  -37.78671  -37.79167  0.01707  -37.80377  -37.76964  0.99987  0.00096  0.00186  
4680     N/A    0.001418  -37.78635  -37.80066  0.01788  -37.80423  -37.76847  0.99962  0.00095  0.00189  
4720     N/A    0.000901  -37.80589  -37.81323  0.01738  -37.82327  -37.78850  0.99981  0.00044  0.00136  
4760     N/A    0.000866  -37.80723  -37.81939  0.01742  -37.82465  -37.78981  0.99968  0.00041  0.00133  
4800     N/A    0.001003  -37.80206  -37.79697  0.01701  -37.81906  -37.78505  1.00013  0.00055  0.00145  
4840     N/A    0.000966  -37.80346  -37.81149  0.01716  -37.82062  -37.78630  0.99979  0.00051  0.00142  
4880     N/A    0.000877  -37.80680  -37.82340  0.01705  -37.82385  -37.78975  0.99956  0.00043  0.00133  
4920     N/A    0.001107  -37.79810  -37.80493  0.01752  -37.81562  -37.78058  0.99982  0.00064  0.00157  
4960     N/A    0.000920  -37.80518  -37.80977  0.01720  -37.82239  -37.78798  0.99988  0.00047  0.00137  
5000     N/A    0.000806  -37.80950  -37.81096  0.01726  -37.82676  -37.79223  0.99996  0.00035  0.00126  
5040     N/A    0.000991  -37.80249  -37.81548  0.01732  -37.81982  -37.78517  0.99966  0.00053  0.00145  
5080     N/A    0.001201  -37.79457  -37.79822  0.01736  -37.81193  -37.77721  0.99990  0.00074  0.00166  
5120     N/A    0.001126  -37.79739  -37.80113  0.01741  -37.81480  -37.77998  0.99990  0.00067  0.00159  
5160     N/A    0.001255  -37.79253  -37.79833  0.01703  -37.80956  -37.77549  0.99985  0.00080  0.00170  
5200     N/A    0.001319  -37.79008  -37.79560  0.01786  -37.80794  -37.77222  0.99985  0.00085  0.00179  
5240     N/A    0.000995  -37.80236  -37.80461  0.01760  -37.81996  -37.78477  0.99994  0.00053  0.00146  
5280     N/A    0.001262  -37.79226  -37.79335  0.01706  -37.80932  -37.77520  0.99997  0.00081  0.00171  
5320     N/A    0.000922  -37.80513  -37.80659  0.01727  -37.82240  -37.78786  0.99996  0.00047  0.00138  
5360     N/A    0.000958  -37.80375  -37.79266  0.01669  -37.82044  -37.78706  1.00029  0.00052  0.00140  
5400     N/A    0.001249  -37.79274  -37.79570  0.01687  -37.80961  -37.77587  0.99992  0.00080  0.00169  
5440     N/A    0.001426  -37.78604  -37.79364  0.01726  -37.80329  -37.76878  0.99980  0.00097  0.00188  
5480     N/A    0.001067  -37.79961  -37.79705  0.01721  -37.81682  -37.78239  1.00007  0.00061  0.00152  
5520     N/A    0.001230  -37.79347  -37.79714  0.01738  -37.81085  -37.77609  0.99990  0.00077  0.00169  
5560     N/A    0.001294  -37.79103  -37.79935  0.01729  -37.80832  -37.77374  0.99978  0.00084  0.00175  
5600     N/A    0.001290  -37.79117  -37.79568  0.01703  -37.80820  -37.77415  0.99988  0.00084  0.00174  
5640     N/A    0.001105  -37.79817  -37.80538  0.01734  -37.81551  -37.78083  0.99981  0.00065  0.00156  
5680     N/A    0.000935  -37.80462  -37.81077  0.01725  -37.82187  -37.78736  0.99984  0.00048  0.00139  
5720     N/A    0.001167  -37.79585  -37.80012  0.01741  -37.81326  -37.77843  0.99989  0.00071  0.00163  
5760     N/A    0.001192  -37.79489  -37.80321  0.01704  -37.81193  -37.77784  0.99978  0.00074  0.00164  
5800     N/A    0.000778  -37.81058  -37.81487  0.01697  -37.82755  -37.79361  0.99989  0.00033  0.00123  
5840     N/A    0.000911  -37.80554  -37.81068  0.01726  -37.82280  -37.78829  0.99986  0.00045  0.00137  
5880     N/A    0.000985  -37.80274  -37.82103  0.01723  -37.81997  -37.78550  0.99952  0.00053  0.00144  
5920     N/A    0.000740  -37.81200  -37.81146  0.01680  -37.82880  -37.79521  1.00001  0.00030  0.00118  
5960     N/A    0.001333  -37.78957  -37.79840  0.01719  -37.80676  -37.77239  0.99977  0.00088  0.00179  
6000     N/A    0.001357  -37.78866  -37.79107  0.01705  -37.80571  -37.77162  0.99994  0.00091  0.00181  
6040     N/A    0.001081  -37.79909  -37.80001  0.01709  -37.81618  -37.78200  0.99998  0.00063  0.00153  
6080     N/A    0.001320  -37.79004  -37.79537  0.01699  -37.80703  -37.77305  0.99986  0.00087  0.00177  
6120     N/A    0.001180  -37.79536  -37.79741  0.01721  -37.81257  -37.77814  0.99995  0.00072  0.00163  
6160     N/A    0.001064  -37.79973  -37.80877  0.01742  -37.81715  -37.78231  0.99976  0.00060  0.00152  
6200     N/A    0.001326  -37.78984  -37.80071  0.01737  -37.80721  -37.77246  0.99971  0.00087  0.00178  
6240     N/A    0.001392  -37.78734  -37.79156  0.01691  -37.80425  -37.77043  0.99989  0.00094  0.00184  
6280     N/A    0.001339  -37.78933  -37.79921  0.01716  -37.80650  -37.77217  0.99974  0.00089  0.00179  
6320     N/A    0.000944  -37.80427  -37.81128  0.01720  -37.82147  -37.78707  0.99981  0.00049  0.00140  
6360     N/A    0.001233  -37.79334  -37.79825  0.01728  -37.81062  -37.77606  0.99987  0.00078  0.00169  
