nh: 16
samples1: 100000
samples2: 5000
burn_in: 500
steps: 100
Exact H:-37.84
   Fidelity  ROE       Mean      Median    CI Width LL on CI  UL on CI  mmRatio  Min Err  Max Err
20     N/A    0.034369  -36.53949  -36.72332  0.09814  -36.63763  -36.44135  0.99499  0.03178  0.03696  
40     N/A    0.019339  -37.10822  -37.26500  0.07663  -37.18485  -37.03158  0.99579  0.01731  0.02136  
60     N/A    0.013073  -37.34533  -37.46924  0.06404  -37.40937  -37.28129  0.99669  0.01138  0.01477  
80     N/A    0.009248  -37.49005  -37.61001  0.05661  -37.54667  -37.43344  0.99681  0.00775  0.01074  
100     N/A    0.007959  -37.53882  -37.66670  0.05140  -37.59022  -37.48742  0.99660  0.00660  0.00932  
120     N/A    0.006437  -37.59641  -37.67606  0.04700  -37.64341  -37.54941  0.99789  0.00520  0.00768  
140     N/A    0.004260  -37.67882  -37.68334  0.04163  -37.72045  -37.63718  0.99988  0.00316  0.00536  
160     N/A    0.004177  -37.68193  -37.72092  0.03885  -37.72078  -37.64307  0.99897  0.00315  0.00520  
180     N/A    0.002929  -37.72916  -37.74685  0.03498  -37.76414  -37.69418  0.99953  0.00200  0.00385  
200     N/A    0.003498  -37.70765  -37.74530  0.03280  -37.74045  -37.67485  0.99900  0.00263  0.00436  
220     N/A    0.002361  -37.75068  -37.78665  0.02915  -37.77982  -37.72153  0.99905  0.00159  0.00313  
240     N/A    0.001952  -37.76614  -37.79208  0.02534  -37.79148  -37.74081  0.99931  0.00128  0.00262  
260     N/A    0.001666  -37.77697  -37.80447  0.02290  -37.79987  -37.75408  0.99927  0.00106  0.00227  
280     N/A    0.001563  -37.78087  -37.80217  0.02098  -37.80185  -37.75989  0.99944  0.00101  0.00212  
300     N/A    0.001318  -37.79013  -37.80087  0.01942  -37.80955  -37.77072  0.99972  0.00080  0.00183  
320     N/A    0.001069  -37.79956  -37.81092  0.01847  -37.81803  -37.78110  0.99970  0.00058  0.00156  
340     N/A    0.000886  -37.80649  -37.81832  0.01780  -37.82429  -37.78869  0.99969  0.00042  0.00136  
360     N/A    0.000654  -37.81525  -37.82217  0.01737  -37.83262  -37.79787  0.99982  0.00020  0.00111  
380     N/A    0.001120  -37.79763  -37.80765  0.01645  -37.81408  -37.78119  0.99973  0.00069  0.00155  
400     N/A    0.000555  -37.81899  -37.82869  0.01585  -37.83484  -37.80313  0.99974  0.00014  0.00097  
420     N/A    0.000979  -37.80296  -37.81812  0.01549  -37.81845  -37.78747  0.99960  0.00057  0.00139  
440     N/A    0.000780  -37.81048  -37.81845  0.01469  -37.82517  -37.79579  0.99979  0.00039  0.00117  
460     N/A    0.000810  -37.80936  -37.81614  0.01460  -37.82396  -37.79476  0.99982  0.00042  0.00120  
480     N/A    0.000856  -37.80759  -37.81718  0.01503  -37.82262  -37.79256  0.99975  0.00046  0.00125  
500     N/A    0.000899  -37.80597  -37.81314  0.01434  -37.82031  -37.79163  0.99981  0.00052  0.00128  
520     N/A    0.000976  -37.80307  -37.80694  0.01401  -37.81708  -37.78905  0.99990  0.00061  0.00135  
540     N/A    0.000496  -37.82122  -37.82284  0.01379  -37.83501  -37.80743  0.99996  0.00013  0.00086  
560     N/A    0.000542  -37.81949  -37.83014  0.01372  -37.83321  -37.80577  0.99972  0.00018  0.00090  
580     N/A    0.000715  -37.81296  -37.81870  0.01381  -37.82677  -37.79914  0.99985  0.00035  0.00108  
600     N/A    0.000527  -37.82004  -37.83201  0.01358  -37.83362  -37.80646  0.99968  0.00017  0.00089  
620     N/A    0.000711  -37.81311  -37.81387  0.01379  -37.82690  -37.79933  0.99998  0.00035  0.00107  
640     N/A    0.000738  -37.81207  -37.82140  0.01365  -37.82572  -37.79842  0.99975  0.00038  0.00110  
