nh: 16
samples1: 15000
samples2: 5000
burn_in: 500
steps: 100
Exact H:-37.84
   Fidelity  ROE       Mean      Median    CI Width LL on CI  UL on CI  mmRatio  Min Err  Max Err
40     N/A    0.095527  -34.22524  -34.32058  0.14949  -34.37474  -34.07575  0.99722  0.09158  0.09948  
80     N/A    0.048495  -36.00494  -36.19317  0.11485  -36.11979  -35.89009  0.99480  0.04546  0.05153  
120     N/A    0.034896  -36.51952  -36.72332  0.10047  -36.61999  -36.41905  0.99445  0.03224  0.03755  
160     N/A    0.028360  -36.76684  -36.90080  0.09062  -36.85746  -36.67622  0.99637  0.02597  0.03076  
200     N/A    0.023232  -36.96092  -37.11109  0.08377  -37.04469  -36.87715  0.99595  0.02102  0.02545  
240     N/A    0.020362  -37.06950  -37.17563  0.07649  -37.14598  -36.99301  0.99715  0.01834  0.02238  
280     N/A    0.017731  -37.16905  -37.27894  0.07241  -37.24146  -37.09665  0.99705  0.01582  0.01964  
320     N/A    0.016525  -37.21468  -37.36527  0.06922  -37.28390  -37.14546  0.99597  0.01470  0.01835  
360     N/A    0.013008  -37.34779  -37.48795  0.06672  -37.41451  -37.28108  0.99626  0.01124  0.01477  
400     N/A    0.012618  -37.36252  -37.50221  0.06441  -37.42693  -37.29811  0.99628  0.01092  0.01432  
440     N/A    0.012654  -37.36117  -37.52923  0.06360  -37.42477  -37.29757  0.99552  0.01097  0.01433  
480     N/A    0.010222  -37.45320  -37.58935  0.06126  -37.51446  -37.39194  0.99638  0.00860  0.01184  
520     N/A    0.010248  -37.45223  -37.59603  0.05754  -37.50977  -37.39469  0.99618  0.00873  0.01177  
560     N/A    0.010711  -37.43470  -37.57571  0.05824  -37.49295  -37.37646  0.99625  0.00917  0.01225  
600     N/A    0.010096  -37.45796  -37.59120  0.05654  -37.51450  -37.40142  0.99646  0.00860  0.01159  
640     N/A    0.008592  -37.51488  -37.64414  0.05563  -37.57051  -37.45926  0.99657  0.00712  0.01006  
680     N/A    0.008502  -37.51827  -37.65955  0.05557  -37.57384  -37.46270  0.99625  0.00703  0.00997  
720     N/A    0.008465  -37.51967  -37.65620  0.05429  -37.57396  -37.46538  0.99637  0.00703  0.00990  
760     N/A    0.007862  -37.54249  -37.65321  0.05348  -37.59598  -37.48901  0.99706  0.00645  0.00928  
800     N/A    0.007241  -37.56599  -37.68009  0.05251  -37.61849  -37.51348  0.99697  0.00585  0.00863  
840     N/A    0.008221  -37.52891  -37.63306  0.05168  -37.58059  -37.47723  0.99723  0.00686  0.00959  
880     N/A    0.006604  -37.59009  -37.65735  0.05012  -37.64021  -37.53997  0.99821  0.00528  0.00793  
920     N/A    0.007140  -37.56983  -37.65209  0.04950  -37.61933  -37.52033  0.99782  0.00583  0.00845  
960     N/A    0.006508  -37.59373  -37.64836  0.04740  -37.64112  -37.54633  0.99855  0.00526  0.00776  
1000     N/A    0.006950  -37.57700  -37.65669  0.04780  -37.62480  -37.52919  0.99788  0.00569  0.00821  
1040     N/A    0.006098  -37.60924  -37.66678  0.04567  -37.65491  -37.56357  0.99847  0.00489  0.00731  
1080     N/A    0.005680  -37.62509  -37.70200  0.04727  -37.67235  -37.57782  0.99796  0.00443  0.00693  
1120     N/A    0.006467  -37.59529  -37.66408  0.04638  -37.64168  -37.54891  0.99817  0.00524  0.00769  
1160     N/A    0.005404  -37.63550  -37.70186  0.04499  -37.68049  -37.59051  0.99824  0.00422  0.00659  
1200     N/A    0.005391  -37.63602  -37.67562  0.04416  -37.68018  -37.59186  0.99895  0.00422  0.00656  
1240     N/A    0.005095  -37.64719  -37.67889  0.04194  -37.68913  -37.60526  0.99916  0.00399  0.00620  
1280     N/A    0.005730  -37.62318  -37.65641  0.04261  -37.66579  -37.58056  0.99912  0.00460  0.00686  
1320     N/A    0.004275  -37.67825  -37.68990  0.04148  -37.71973  -37.63676  0.99969  0.00318  0.00537  
1360     N/A    0.004834  -37.65707  -37.67940  0.04027  -37.69735  -37.61680  0.99941  0.00377  0.00590  
1400     N/A    0.004312  -37.67683  -37.70144  0.03998  -37.71681  -37.63684  0.99935  0.00326  0.00537  
1440     N/A    0.004970  -37.65192  -37.69392  0.03957  -37.69149  -37.61235  0.99889  0.00392  0.00602  
1480     N/A    0.004685  -37.66273  -37.69700  0.04071  -37.70344  -37.62202  0.99909  0.00361  0.00576  
1520     N/A    0.004357  -37.67515  -37.70143  0.03950  -37.71465  -37.63565  0.99930  0.00331  0.00540  
1560     N/A    0.004265  -37.67861  -37.69652  0.03847  -37.71708  -37.64015  0.99953  0.00325  0.00528  
1600     N/A    0.003885  -37.69299  -37.70619  0.03901  -37.73201  -37.65398  0.99965  0.00285  0.00492  
1640     N/A    0.003612  -37.70333  -37.71315  0.03717  -37.74050  -37.66616  0.99974  0.00263  0.00459  
1680     N/A    0.004007  -37.68837  -37.70652  0.03730  -37.72567  -37.65107  0.99952  0.00302  0.00499  
1720     N/A    0.004201  -37.68103  -37.68023  0.03636  -37.71739  -37.64468  1.00002  0.00324  0.00516  
1760     N/A    0.003518  -37.70687  -37.71407  0.03733  -37.74420  -37.66954  0.99981  0.00253  0.00450  
1800     N/A    0.004171  -37.68218  -37.71170  0.03613  -37.71831  -37.64604  0.99922  0.00322  0.00513  
1840     N/A    0.003302  -37.71505  -37.74186  0.03641  -37.75146  -37.67864  0.99929  0.00234  0.00426  
1880     N/A    0.003656  -37.70167  -37.73235  0.03479  -37.73647  -37.66688  0.99919  0.00274  0.00458  
1920     N/A    0.004373  -37.67454  -37.69689  0.03541  -37.70995  -37.63914  0.99941  0.00344  0.00531  
1960     N/A    0.003273  -37.71616  -37.71773  0.03484  -37.75100  -37.68132  0.99996  0.00235  0.00419  
2000     N/A    0.002607  -37.74135  -37.74086  0.03608  -37.77743  -37.70528  1.00001  0.00165  0.00356  
2040     N/A    0.003717  -37.69935  -37.70984  0.03393  -37.73328  -37.66541  0.99972  0.00282  0.00461  
2080     N/A    0.003741  -37.69842  -37.71001  0.03327  -37.73169  -37.66516  0.99969  0.00286  0.00462  
2120     N/A    0.003407  -37.71107  -37.72341  0.03340  -37.74447  -37.67767  0.99967  0.00252  0.00429  
2160     N/A    0.003925  -37.69148  -37.71723  0.03422  -37.72570  -37.65727  0.99932  0.00302  0.00483  
2200     N/A    0.003730  -37.69884  -37.73731  0.03502  -37.73386  -37.66382  0.99898  0.00280  0.00466  
2240     N/A    0.003378  -37.71216  -37.73860  0.03365  -37.74582  -37.67851  0.99930  0.00249  0.00427  
2280     N/A    0.003349  -37.71327  -37.73812  0.03341  -37.74668  -37.67987  0.99934  0.00247  0.00423  
2320     N/A    0.003549  -37.70569  -37.73093  0.03344  -37.73913  -37.67225  0.99933  0.00267  0.00443  
2360     N/A    0.003137  -37.72128  -37.73002  0.03185  -37.75313  -37.68943  0.99977  0.00230  0.00398  
2400     N/A    0.003151  -37.72077  -37.73411  0.03295  -37.75371  -37.68782  0.99965  0.00228  0.00402  
2440     N/A    0.003810  -37.69584  -37.70383  0.03254  -37.72838  -37.66331  0.99979  0.00295  0.00467  
2480     N/A    0.003370  -37.71249  -37.72837  0.03230  -37.74479  -37.68020  0.99958  0.00252  0.00422  
2520     N/A    0.003298  -37.71522  -37.74609  0.03389  -37.74912  -37.68133  0.99918  0.00240  0.00419  
2560     N/A    0.003425  -37.71040  -37.74132  0.03379  -37.74419  -37.67661  0.99918  0.00253  0.00432  
2600     N/A    0.003123  -37.72183  -37.73908  0.03333  -37.75516  -37.68850  0.99954  0.00224  0.00400  
2640     N/A    0.003357  -37.71297  -37.73080  0.03256  -37.74553  -37.68041  0.99953  0.00250  0.00422  
2680     N/A    0.003402  -37.71127  -37.74280  0.03234  -37.74362  -37.67893  0.99916  0.00255  0.00426  
2720     N/A    0.003713  -37.69950  -37.72773  0.03225  -37.73176  -37.66725  0.99925  0.00286  0.00457  
2760     N/A    0.003131  -37.72151  -37.74035  0.03187  -37.75338  -37.68964  0.99950  0.00229  0.00397  
2800     N/A    0.002828  -37.73299  -37.76421  0.03202  -37.76501  -37.70098  0.99917  0.00198  0.00367  
2840     N/A    0.003084  -37.72330  -37.73188  0.03254  -37.75584  -37.69076  0.99977  0.00222  0.00394  
2880     N/A    0.002745  -37.73615  -37.74413  0.03155  -37.76770  -37.70460  0.99979  0.00191  0.00358  
2920     N/A    0.002579  -37.74239  -37.73535  0.03141  -37.77380  -37.71099  1.00019  0.00175  0.00341  
2960     N/A    0.002731  -37.73666  -37.74358  0.03141  -37.76807  -37.70525  0.99982  0.00190  0.00356  
3000     N/A    0.002949  -37.72841  -37.73899  0.03089  -37.75930  -37.69751  0.99972  0.00213  0.00377  
3040     N/A    0.003143  -37.72107  -37.73109  0.03169  -37.75276  -37.68938  0.99973  0.00231  0.00398  
3080     N/A    0.002735  -37.73652  -37.75099  0.03186  -37.76838  -37.70466  0.99962  0.00189  0.00358  
3120     N/A    0.002723  -37.73695  -37.74453  0.03140  -37.76835  -37.70555  0.99980  0.00189  0.00355  
3160     N/A    0.002530  -37.74427  -37.76572  0.03188  -37.77615  -37.71240  0.99943  0.00169  0.00337  
3200     N/A    0.003138  -37.72126  -37.74035  0.03148  -37.75275  -37.68978  0.99949  0.00231  0.00397  
3240     N/A    0.003264  -37.71649  -37.74392  0.03220  -37.74869  -37.68429  0.99927  0.00241  0.00411  
3280     N/A    0.002861  -37.73176  -37.74835  0.03076  -37.76251  -37.70100  0.99956  0.00205  0.00367  
3320     N/A    0.002871  -37.73137  -37.76961  0.03089  -37.76226  -37.70047  0.99899  0.00205  0.00369  
3360     N/A    0.002876  -37.73118  -37.77322  0.03150  -37.76267  -37.69968  0.99889  0.00204  0.00371  
3400     N/A    0.003085  -37.72327  -37.74242  0.03182  -37.75509  -37.69145  0.99949  0.00224  0.00393  
3440     N/A    0.002467  -37.74664  -37.76242  0.03114  -37.77778  -37.71550  0.99958  0.00164  0.00329  
3480     N/A    0.002820  -37.73328  -37.75601  0.03107  -37.76434  -37.70221  0.99940  0.00200  0.00364  
3520     N/A    0.002926  -37.72930  -37.74866  0.03158  -37.76088  -37.69772  0.99949  0.00209  0.00376  
3560     N/A    0.002766  -37.73535  -37.74055  0.03012  -37.76547  -37.70523  0.99986  0.00197  0.00356  
3600     N/A    0.003009  -37.72613  -37.74758  0.03111  -37.75724  -37.69501  0.99943  0.00219  0.00383  
3640     N/A    0.002783  -37.73468  -37.75557  0.02992  -37.76459  -37.70476  0.99945  0.00199  0.00357  
3680     N/A    0.002949  -37.72839  -37.76003  0.03110  -37.75949  -37.69729  0.99916  0.00213  0.00377  
3720     N/A    0.002995  -37.72668  -37.75141  0.03128  -37.75796  -37.69540  0.99934  0.00217  0.00382  
3760     N/A    0.002483  -37.74606  -37.76880  0.03103  -37.77710  -37.71503  0.99940  0.00166  0.00330  
3800     N/A    0.002502  -37.74531  -37.75833  0.03122  -37.77653  -37.71410  0.99966  0.00168  0.00333  
3840     N/A    0.002856  -37.73194  -37.75911  0.03058  -37.76252  -37.70136  0.99928  0.00205  0.00366  
3880     N/A    0.003081  -37.72342  -37.73240  0.03092  -37.75434  -37.69249  0.99976  0.00226  0.00390  
3920     N/A    0.002756  -37.73572  -37.76455  0.03083  -37.76655  -37.70490  0.99924  0.00194  0.00357  
3960     N/A    0.002848  -37.73223  -37.75352  0.03022  -37.76245  -37.70200  0.99944  0.00205  0.00365  
4000     N/A    0.002894  -37.73049  -37.75107  0.02996  -37.76045  -37.70053  0.99945  0.00210  0.00369  
4040     N/A    0.003075  -37.72365  -37.74943  0.03050  -37.75414  -37.69315  0.99932  0.00227  0.00388  
4080     N/A    0.002462  -37.74685  -37.74597  0.03104  -37.77789  -37.71581  1.00002  0.00164  0.00328  
4120     N/A    0.003001  -37.72646  -37.74263  0.03050  -37.75696  -37.69595  0.99957  0.00219  0.00381  
4160     N/A    0.003051  -37.72455  -37.74043  0.03054  -37.75509  -37.69402  0.99958  0.00224  0.00386  
4200     N/A    0.003159  -37.72044  -37.74371  0.03168  -37.75212  -37.68876  0.99938  0.00232  0.00400  
4240     N/A    0.002776  -37.73495  -37.74961  0.03125  -37.76620  -37.70370  0.99961  0.00195  0.00360  
4280     N/A    0.002984  -37.72709  -37.74374  0.03048  -37.75757  -37.69662  0.99956  0.00218  0.00379  
4320     N/A    0.002453  -37.74718  -37.76357  0.03027  -37.77746  -37.71691  0.99957  0.00165  0.00325  
4360     N/A    0.002542  -37.74383  -37.77281  0.03050  -37.77433  -37.71333  0.99923  0.00174  0.00335  
4400     N/A    0.002439  -37.74770  -37.75251  0.03085  -37.77855  -37.71685  0.99987  0.00162  0.00325  
4440     N/A    0.002763  -37.73544  -37.75045  0.03018  -37.76563  -37.70526  0.99960  0.00197  0.00356  
4480     N/A    0.002425  -37.74825  -37.75241  0.02997  -37.77822  -37.71828  0.99989  0.00163  0.00322  
4520     N/A    0.002567  -37.74286  -37.76333  0.02995  -37.77281  -37.71291  0.99946  0.00178  0.00336  
4560     N/A    0.003292  -37.71542  -37.73258  0.03046  -37.74588  -37.68496  0.99955  0.00249  0.00410  
4600     N/A    0.003239  -37.71744  -37.74270  0.02971  -37.74716  -37.68773  0.99933  0.00245  0.00402  
4640     N/A    0.002426  -37.74821  -37.76234  0.02912  -37.77733  -37.71908  0.99963  0.00166  0.00320  
4680     N/A    0.002523  -37.74454  -37.75135  0.02994  -37.77447  -37.71460  0.99982  0.00173  0.00331  
4720     N/A    0.002644  -37.73997  -37.75873  0.02975  -37.76971  -37.71022  0.99950  0.00186  0.00343  
4760     N/A    0.003028  -37.72542  -37.74788  0.02992  -37.75534  -37.69551  0.99941  0.00224  0.00382  
4800     N/A    0.002282  -37.75364  -37.75647  0.02935  -37.78299  -37.72429  0.99992  0.00151  0.00306  
4840     N/A    0.002272  -37.75403  -37.76637  0.02943  -37.78346  -37.72461  0.99967  0.00149  0.00305  
4880     N/A    0.002482  -37.74608  -37.77295  0.03008  -37.77615  -37.71600  0.99929  0.00169  0.00328  
4920     N/A    0.002213  -37.75626  -37.77145  0.02852  -37.78478  -37.72774  0.99960  0.00146  0.00297  
4960     N/A    0.002689  -37.73826  -37.76003  0.03035  -37.76861  -37.70791  0.99942  0.00189  0.00349  
5000     N/A    0.002593  -37.74188  -37.76768  0.02886  -37.77074  -37.71302  0.99932  0.00183  0.00336  
5040     N/A    0.002206  -37.75652  -37.77122  0.02880  -37.78532  -37.72772  0.99961  0.00144  0.00297  
5080     N/A    0.003002  -37.72641  -37.73962  0.02954  -37.75595  -37.69687  0.99965  0.00222  0.00378  
5120     N/A    0.001614  -37.77893  -37.76082  0.02888  -37.80781  -37.75005  1.00048  0.00085  0.00238  
5160     N/A    0.002369  -37.75037  -37.75899  0.02983  -37.78020  -37.72054  0.99977  0.00158  0.00316  
5200     N/A    0.002545  -37.74368  -37.76175  0.02934  -37.77302  -37.71434  0.99952  0.00177  0.00332  
5240     N/A    0.002022  -37.76347  -37.76313  0.02921  -37.79269  -37.73426  1.00001  0.00125  0.00279  
5280     N/A    0.002149  -37.75866  -37.76660  0.02841  -37.78707  -37.73026  0.99979  0.00140  0.00290  
5320     N/A    0.002416  -37.74859  -37.78221  0.02867  -37.77725  -37.71992  0.99911  0.00166  0.00317  
5360     N/A    0.002289  -37.75339  -37.75547  0.02864  -37.78203  -37.72475  0.99994  0.00153  0.00305  
5400     N/A    0.002471  -37.74649  -37.76293  0.02927  -37.77576  -37.71722  0.99956  0.00170  0.00324  
5440     N/A    0.002593  -37.74187  -37.74840  0.02886  -37.77073  -37.71301  0.99983  0.00183  0.00336  
5480     N/A    0.002574  -37.74259  -37.76220  0.02835  -37.77094  -37.71425  0.99948  0.00183  0.00332  
5520     N/A    0.002260  -37.75447  -37.75992  0.02811  -37.78258  -37.72636  0.99986  0.00152  0.00300  
5560     N/A    0.002480  -37.74614  -37.76958  0.02818  -37.77432  -37.71796  0.99938  0.00174  0.00323  
5600     N/A    0.002739  -37.73634  -37.76826  0.02859  -37.76493  -37.70776  0.99915  0.00198  0.00349  
5640     N/A    0.002100  -37.76052  -37.77137  0.02788  -37.78840  -37.73264  0.99971  0.00136  0.00284  
5680     N/A    0.002570  -37.74276  -37.75955  0.02802  -37.77077  -37.71474  0.99956  0.00183  0.00331  
5720     N/A    0.002139  -37.75906  -37.77809  0.02724  -37.78629  -37.73182  0.99950  0.00142  0.00286  
5760     N/A    0.002229  -37.75564  -37.77783  0.02795  -37.78359  -37.72768  0.99941  0.00149  0.00297  
5800     N/A    0.002303  -37.75287  -37.77551  0.02720  -37.78007  -37.72567  0.99940  0.00158  0.00302  
5840     N/A    0.002227  -37.75572  -37.77165  0.02752  -37.78324  -37.72819  0.99958  0.00150  0.00295  
5880     N/A    0.002119  -37.75981  -37.78247  0.02606  -37.78587  -37.73374  0.99940  0.00143  0.00281  
5920     N/A    0.002119  -37.75982  -37.77201  0.02736  -37.78717  -37.73246  0.99968  0.00140  0.00284  
5960     N/A    0.002344  -37.75130  -37.75863  0.02711  -37.77841  -37.72419  0.99981  0.00163  0.00306  
6000     N/A    0.002160  -37.75826  -37.76481  0.02698  -37.78525  -37.73128  0.99983  0.00145  0.00287  
6040     N/A    0.002075  -37.76147  -37.77593  0.02698  -37.78844  -37.73449  0.99962  0.00136  0.00279  
6080     N/A    0.001967  -37.76559  -37.78262  0.02663  -37.79222  -37.73896  0.99955  0.00126  0.00267  
6120     N/A    0.001740  -37.77418  -37.77540  0.02581  -37.79999  -37.74837  0.99997  0.00106  0.00242  
6160     N/A    0.001791  -37.77223  -37.77874  0.02557  -37.79779  -37.74666  0.99983  0.00112  0.00247  
6200     N/A    0.001939  -37.76663  -37.76460  0.02547  -37.79211  -37.74116  1.00005  0.00127  0.00261  
6240     N/A    0.002105  -37.76036  -37.76663  0.02511  -37.78547  -37.73524  0.99983  0.00144  0.00277  
6280     N/A    0.001827  -37.77087  -37.77033  0.02530  -37.79617  -37.74557  1.00001  0.00116  0.00250  
6320     N/A    0.002219  -37.75602  -37.76492  0.02533  -37.78136  -37.73069  0.99976  0.00155  0.00289  
6360     N/A    0.002188  -37.75721  -37.75354  0.02498  -37.78219  -37.73223  1.00010  0.00153  0.00285  
6400     N/A    0.002327  -37.75195  -37.75772  0.02548  -37.77743  -37.72648  0.99985  0.00165  0.00300  
6440     N/A    0.002108  -37.76025  -37.76206  0.02504  -37.78529  -37.73521  0.99995  0.00145  0.00277  
6480     N/A    0.002094  -37.76078  -37.75808  0.02476  -37.78554  -37.73602  1.00007  0.00144  0.00275  
6520     N/A    0.002211  -37.75635  -37.77372  0.02517  -37.78152  -37.73118  0.99954  0.00155  0.00288  
6560     N/A    0.002184  -37.75735  -37.76510  0.02443  -37.78177  -37.73292  0.99979  0.00154  0.00283  
6600     N/A    0.001829  -37.77078  -37.75895  0.02427  -37.79505  -37.74650  1.00031  0.00119  0.00247  
6640     N/A    0.001610  -37.77908  -37.77501  0.02454  -37.80362  -37.75455  1.00011  0.00096  0.00226  
6680     N/A    0.002004  -37.76418  -37.76581  0.02376  -37.78793  -37.74042  0.99996  0.00138  0.00263  
6720     N/A    0.002168  -37.75798  -37.75502  0.02368  -37.78166  -37.73429  1.00008  0.00154  0.00279  
6760     N/A    0.001847  -37.77010  -37.77185  0.02411  -37.79421  -37.74599  0.99995  0.00121  0.00248  
6800     N/A    0.001947  -37.76632  -37.77900  0.02408  -37.79040  -37.74223  0.99966  0.00131  0.00258  
6840     N/A    0.001769  -37.77304  -37.77091  0.02393  -37.79697  -37.74911  1.00006  0.00114  0.00240  
6880     N/A    0.002036  -37.76296  -37.76801  0.02391  -37.78687  -37.73904  0.99987  0.00140  0.00267  
6920     N/A    0.001761  -37.77336  -37.77093  0.02344  -37.79681  -37.74992  1.00006  0.00114  0.00238  
6960     N/A    0.001547  -37.78145  -37.77440  0.02321  -37.80466  -37.75824  1.00019  0.00093  0.00216  
7000     N/A    0.001972  -37.76539  -37.76510  0.02399  -37.78938  -37.74140  1.00001  0.00134  0.00261  
7040     N/A    0.002167  -37.75801  -37.74855  0.02386  -37.78187  -37.73415  1.00025  0.00154  0.00280  
7080     N/A    0.001689  -37.77607  -37.77628  0.02374  -37.79981  -37.75233  0.99999  0.00106  0.00232  
7120     N/A    0.001830  -37.77073  -37.76360  0.02364  -37.79438  -37.74709  1.00019  0.00121  0.00246  
7160     N/A    0.001453  -37.78501  -37.78942  0.02319  -37.80820  -37.76183  0.99988  0.00084  0.00207  
7200     N/A    0.001577  -37.78032  -37.77032  0.02275  -37.80308  -37.75757  1.00026  0.00098  0.00218  
7240     N/A    0.001722  -37.77484  -37.76593  0.02335  -37.79819  -37.75149  1.00024  0.00110  0.00234  
7280     N/A    0.001977  -37.76520  -37.77129  0.02381  -37.78901  -37.74140  0.99984  0.00135  0.00261  
7320     N/A    0.001744  -37.77402  -37.76873  0.02318  -37.79720  -37.75085  1.00014  0.00113  0.00236  
7360     N/A    0.001646  -37.77770  -37.78125  0.02340  -37.80110  -37.75430  0.99991  0.00103  0.00226  
7400     N/A    0.001828  -37.77082  -37.77715  0.02281  -37.79363  -37.74801  0.99983  0.00123  0.00243  
7440     N/A    0.001426  -37.78602  -37.76869  0.02306  -37.80909  -37.76296  1.00046  0.00082  0.00204  
7480     N/A    0.001967  -37.76557  -37.76771  0.02295  -37.78852  -37.74261  0.99994  0.00136  0.00257  
7520     N/A    0.001753  -37.77366  -37.75896  0.02310  -37.79676  -37.75057  1.00039  0.00114  0.00236  
7560     N/A    0.002221  -37.75597  -37.75050  0.02321  -37.77918  -37.73276  1.00014  0.00161  0.00283  
7600     N/A    0.001719  -37.77496  -37.76977  0.02304  -37.79799  -37.75192  1.00014  0.00111  0.00233  
7640     N/A    0.001639  -37.77799  -37.76712  0.02317  -37.80116  -37.75482  1.00029  0.00103  0.00225  
7680     N/A    0.001586  -37.77998  -37.76283  0.02287  -37.80285  -37.75711  1.00045  0.00098  0.00219  
7720     N/A    0.001939  -37.76663  -37.75322  0.02357  -37.79020  -37.74306  1.00036  0.00132  0.00256  
7760     N/A    0.001792  -37.77221  -37.77366  0.02338  -37.79558  -37.74883  0.99996  0.00117  0.00241  
7800     N/A    0.001934  -37.76681  -37.77429  0.02325  -37.79007  -37.74356  0.99980  0.00132  0.00255  
7840     N/A    0.001974  -37.76532  -37.76293  0.02261  -37.78793  -37.74271  1.00006  0.00138  0.00257  
7880     N/A    0.001562  -37.78088  -37.78563  0.02262  -37.80350  -37.75826  0.99987  0.00096  0.00216  
7920     N/A    0.002247  -37.75498  -37.75530  0.02276  -37.77774  -37.73221  0.99999  0.00165  0.00285  
7960     N/A    0.001754  -37.77364  -37.77241  0.02241  -37.79605  -37.75123  1.00003  0.00116  0.00235  
8000     N/A    0.002305  -37.75279  -37.75011  0.02319  -37.77598  -37.72959  1.00007  0.00169  0.00292  
8040     N/A    0.001896  -37.76826  -37.76393  0.02232  -37.79057  -37.74594  1.00011  0.00131  0.00249  
8080     N/A    0.001521  -37.78245  -37.77825  0.02325  -37.80570  -37.75920  1.00011  0.00091  0.00214  
8120     N/A    0.001684  -37.77629  -37.77407  0.02303  -37.79932  -37.75326  1.00006  0.00108  0.00229  
