nh: 16
samples1: 22500
samples2: 5000
burn_in: 500
steps: 100
Exact H:-37.84
   Fidelity  ROE       Mean      Median    CI Width LL on CI  UL on CI  mmRatio  Min Err  Max Err
40     N/A    0.065967  -35.34382  -35.46173  0.12987  -35.47370  -35.21395  0.99668  0.06253  0.06940  
80     N/A    0.036409  -36.46227  -36.60331  0.10004  -36.56231  -36.36222  0.99615  0.03377  0.03905  
120     N/A    0.024359  -36.91826  -37.06112  0.08667  -37.00493  -36.83159  0.99615  0.02207  0.02665  
160     N/A    0.018589  -37.13660  -37.25087  0.07646  -37.21306  -37.06014  0.99693  0.01657  0.02061  
200     N/A    0.014006  -37.31003  -37.41026  0.06674  -37.37677  -37.24329  0.99732  0.01224  0.01577  
240     N/A    0.011066  -37.42125  -37.55409  0.06231  -37.48356  -37.35895  0.99646  0.00942  0.01271  
280     N/A    0.009392  -37.48460  -37.57076  0.05630  -37.54090  -37.42829  0.99771  0.00790  0.01088  
320     N/A    0.007564  -37.55376  -37.62895  0.05352  -37.60728  -37.50024  0.99800  0.00615  0.00898  
360     N/A    0.007910  -37.54068  -37.64213  0.05081  -37.59149  -37.48987  0.99730  0.00657  0.00925  
400     N/A    0.007490  -37.55656  -37.64794  0.04896  -37.60552  -37.50760  0.99757  0.00620  0.00878  
440     N/A    0.006348  -37.59981  -37.66306  0.04740  -37.64721  -37.55241  0.99832  0.00509  0.00760  
480     N/A    0.005052  -37.64884  -37.69660  0.04425  -37.69310  -37.60459  0.99873  0.00388  0.00622  
520     N/A    0.005078  -37.64786  -37.69647  0.04393  -37.69179  -37.60393  0.99871  0.00392  0.00624  
560     N/A    0.006144  -37.60752  -37.67021  0.04291  -37.65044  -37.56461  0.99834  0.00501  0.00728  
600     N/A    0.005413  -37.63517  -37.69527  0.04086  -37.67603  -37.59431  0.99841  0.00433  0.00649  
640     N/A    0.004305  -37.67711  -37.70025  0.04084  -37.71795  -37.63626  0.99939  0.00323  0.00538  
680     N/A    0.004504  -37.66959  -37.71360  0.03935  -37.70893  -37.63024  0.99883  0.00346  0.00554  
720     N/A    0.003944  -37.69077  -37.72872  0.03792  -37.72869  -37.65284  0.99899  0.00294  0.00495  
760     N/A    0.003942  -37.69082  -37.72846  0.03582  -37.72664  -37.65500  0.99900  0.00300  0.00489  
800     N/A    0.003705  -37.69980  -37.70115  0.03497  -37.73476  -37.66483  0.99996  0.00278  0.00463  
840     N/A    0.003790  -37.69657  -37.72061  0.03479  -37.73136  -37.66179  0.99936  0.00287  0.00471  
880     N/A    0.002851  -37.73212  -37.74662  0.03463  -37.76675  -37.69749  0.99962  0.00194  0.00377  
920     N/A    0.003818  -37.69551  -37.73461  0.03456  -37.73007  -37.66095  0.99896  0.00291  0.00473  
960     N/A    0.003458  -37.70915  -37.74823  0.03253  -37.74168  -37.67661  0.99896  0.00260  0.00432  
1000     N/A    0.003599  -37.70381  -37.74250  0.03312  -37.73692  -37.67069  0.99897  0.00272  0.00447  
1040     N/A    0.003505  -37.70736  -37.71697  0.03206  -37.73943  -37.67530  0.99975  0.00266  0.00435  
1080     N/A    0.003639  -37.70232  -37.73568  0.03139  -37.73370  -37.67093  0.99912  0.00281  0.00447  
1120     N/A    0.002795  -37.73424  -37.76441  0.03220  -37.76644  -37.70204  0.99920  0.00194  0.00365  
1160     N/A    0.002974  -37.72746  -37.74737  0.03127  -37.75873  -37.69619  0.99947  0.00215  0.00380  
1200     N/A    0.002554  -37.74334  -37.74691  0.03044  -37.77378  -37.71290  0.99991  0.00175  0.00336  
1240     N/A    0.002554  -37.74336  -37.76776  0.03063  -37.77399  -37.71273  0.99935  0.00174  0.00336  
1280     N/A    0.002915  -37.72971  -37.75501  0.03132  -37.76103  -37.69839  0.99933  0.00209  0.00374  
1320     N/A    0.002916  -37.72965  -37.75521  0.03007  -37.75972  -37.69958  0.99932  0.00212  0.00371  
1360     N/A    0.003362  -37.71277  -37.74639  0.03079  -37.74355  -37.68198  0.99911  0.00255  0.00418  
1400     N/A    0.003274  -37.71612  -37.73692  0.03042  -37.74653  -37.68570  0.99945  0.00247  0.00408  
1440     N/A    0.002708  -37.73753  -37.75811  0.03063  -37.76816  -37.70690  0.99945  0.00190  0.00352  
1480     N/A    0.002614  -37.74110  -37.76102  0.02992  -37.77102  -37.71117  0.99947  0.00182  0.00340  
1520     N/A    0.002993  -37.72675  -37.76067  0.02949  -37.75624  -37.69726  0.99910  0.00221  0.00377  
1560     N/A    0.002982  -37.72718  -37.75574  0.03007  -37.75724  -37.69711  0.99924  0.00219  0.00378  
1600     N/A    0.003038  -37.72503  -37.75932  0.02988  -37.75492  -37.69515  0.99909  0.00225  0.00383  
1640     N/A    0.002888  -37.73073  -37.76076  0.02931  -37.76003  -37.70142  0.99920  0.00211  0.00366  
1680     N/A    0.002345  -37.75127  -37.75585  0.03025  -37.78151  -37.72102  0.99988  0.00155  0.00314  
1720     N/A    0.002057  -37.76215  -37.77907  0.02986  -37.79201  -37.73229  0.99955  0.00127  0.00285  
1760     N/A    0.002499  -37.74544  -37.76926  0.03035  -37.77579  -37.71508  0.99937  0.00170  0.00330  
1800     N/A    0.003050  -37.72459  -37.76097  0.02934  -37.75393  -37.69525  0.99904  0.00227  0.00383  
1840     N/A    0.002759  -37.73561  -37.76303  0.02964  -37.76525  -37.70597  0.99927  0.00198  0.00354  
1880     N/A    0.002533  -37.74414  -37.76944  0.02928  -37.77342  -37.71486  0.99933  0.00176  0.00331  
1920     N/A    0.002245  -37.75505  -37.76652  0.02929  -37.78434  -37.72576  0.99970  0.00147  0.00302  
1960     N/A    0.002360  -37.75068  -37.77972  0.02943  -37.78011  -37.72125  0.99923  0.00158  0.00314  
2000     N/A    0.002454  -37.74713  -37.77159  0.02958  -37.77671  -37.71755  0.99935  0.00167  0.00324  
2040     N/A    0.003201  -37.71889  -37.76115  0.02889  -37.74778  -37.69000  0.99888  0.00244  0.00396  
2080     N/A    0.002528  -37.74435  -37.77068  0.02809  -37.77245  -37.71626  0.99930  0.00179  0.00327  
2120     N/A    0.002711  -37.73740  -37.74684  0.02931  -37.76671  -37.70809  0.99975  0.00194  0.00349  
2160     N/A    0.002668  -37.73903  -37.76761  0.02927  -37.76830  -37.70976  0.99924  0.00189  0.00344  
2200     N/A    0.002612  -37.74117  -37.76090  0.02786  -37.76904  -37.71331  0.99948  0.00188  0.00335  
2240     N/A    0.002349  -37.75113  -37.77704  0.02821  -37.77934  -37.72292  0.99931  0.00160  0.00309  
2280     N/A    0.002746  -37.73608  -37.76088  0.02792  -37.76400  -37.70816  0.99934  0.00201  0.00348  
2320     N/A    0.003329  -37.71402  -37.74486  0.02786  -37.74188  -37.68616  0.99918  0.00259  0.00407  
2360     N/A    0.002690  -37.73821  -37.75675  0.02825  -37.76646  -37.70996  0.99951  0.00194  0.00344  
2400     N/A    0.002394  -37.74942  -37.77325  0.02840  -37.77782  -37.72102  0.99937  0.00164  0.00314  
2440     N/A    0.002551  -37.74346  -37.76829  0.02862  -37.77208  -37.71484  0.99934  0.00180  0.00331  
2480     N/A    0.002447  -37.74740  -37.77303  0.02813  -37.77552  -37.71927  0.99932  0.00170  0.00319  
2520     N/A    0.001960  -37.76582  -37.77107  0.02756  -37.79338  -37.73826  0.99986  0.00123  0.00269  
2560     N/A    0.002142  -37.75894  -37.78243  0.02758  -37.78652  -37.73135  0.99938  0.00141  0.00287  
2600     N/A    0.002858  -37.73186  -37.76916  0.02820  -37.76006  -37.70366  0.99901  0.00211  0.00360  
2640     N/A    0.002296  -37.75311  -37.77567  0.02804  -37.78116  -37.72507  0.99940  0.00156  0.00304  
2680     N/A    0.002779  -37.73483  -37.75575  0.02735  -37.76218  -37.70748  0.99945  0.00206  0.00350  
2720     N/A    0.002028  -37.76327  -37.76423  0.02745  -37.79072  -37.73582  0.99997  0.00130  0.00275  
2760     N/A    0.002722  -37.73699  -37.75299  0.02697  -37.76396  -37.71002  0.99958  0.00201  0.00344  
2800     N/A    0.001652  -37.77749  -37.79222  0.02698  -37.80448  -37.75051  0.99961  0.00094  0.00236  
2840     N/A    0.002453  -37.74718  -37.77113  0.02745  -37.77463  -37.71974  0.99937  0.00173  0.00318  
2880     N/A    0.002530  -37.74428  -37.76854  0.02706  -37.77134  -37.71722  0.99936  0.00181  0.00324  
2920     N/A    0.002675  -37.73876  -37.75730  0.02792  -37.76668  -37.71084  0.99951  0.00194  0.00341  
2960     N/A    0.002107  -37.76028  -37.77012  0.02638  -37.78667  -37.73390  0.99974  0.00141  0.00280  
3000     N/A    0.002220  -37.75599  -37.76776  0.02632  -37.78231  -37.72968  0.99969  0.00152  0.00292  
3040     N/A    0.002075  -37.76147  -37.77881  0.02588  -37.78735  -37.73559  0.99954  0.00139  0.00276  
3080     N/A    0.002005  -37.76412  -37.78102  0.02597  -37.79009  -37.73816  0.99955  0.00132  0.00269  
3120     N/A    0.001814  -37.77136  -37.78336  0.02569  -37.79704  -37.74567  0.99968  0.00114  0.00249  
3160     N/A    0.002297  -37.75310  -37.78292  0.02549  -37.77859  -37.72760  0.99921  0.00162  0.00297  
3200     N/A    0.001891  -37.76846  -37.79093  0.02539  -37.79385  -37.74308  0.99941  0.00122  0.00256  
3240     N/A    0.002083  -37.76116  -37.77671  0.02481  -37.78597  -37.73635  0.99959  0.00143  0.00274  
3280     N/A    0.001964  -37.76570  -37.77856  0.02481  -37.79051  -37.74088  0.99966  0.00131  0.00262  
3320     N/A    0.001991  -37.76466  -37.77013  0.02395  -37.78861  -37.74071  0.99986  0.00136  0.00262  
3360     N/A    0.001715  -37.77511  -37.78850  0.02342  -37.79853  -37.75169  0.99965  0.00110  0.00233  
3400     N/A    0.002133  -37.75930  -37.77660  0.02362  -37.78292  -37.73568  0.99954  0.00151  0.00276  
3440     N/A    0.001539  -37.78176  -37.79802  0.02287  -37.80463  -37.75889  0.99957  0.00093  0.00214  
3480     N/A    0.001814  -37.77137  -37.77783  0.02245  -37.79382  -37.74892  0.99983  0.00122  0.00241  
3520     N/A    0.001975  -37.76526  -37.78800  0.02222  -37.78748  -37.74304  0.99940  0.00139  0.00256  
3560     N/A    0.001732  -37.77448  -37.79989  0.02196  -37.79644  -37.75252  0.99933  0.00115  0.00231  
3600     N/A    0.001193  -37.79488  -37.81145  0.02084  -37.81572  -37.77403  0.99956  0.00064  0.00174  
3640     N/A    0.001218  -37.79390  -37.79544  0.02113  -37.81503  -37.77277  0.99996  0.00066  0.00178  
3680     N/A    0.001318  -37.79011  -37.79987  0.02139  -37.81150  -37.76872  0.99974  0.00075  0.00188  
3720     N/A    0.001429  -37.78592  -37.79310  0.02066  -37.80658  -37.76526  0.99981  0.00088  0.00198  
3760     N/A    0.001722  -37.77483  -37.78227  0.02060  -37.79543  -37.75423  0.99980  0.00118  0.00227  
3800     N/A    0.001854  -37.76984  -37.79196  0.02031  -37.79015  -37.74952  0.99941  0.00132  0.00239  
3840     N/A    0.001664  -37.77704  -37.79098  0.02077  -37.79781  -37.75627  0.99963  0.00111  0.00221  
3880     N/A    0.001532  -37.78203  -37.79364  0.01995  -37.80198  -37.76208  0.99969  0.00100  0.00206  
3920     N/A    0.001133  -37.79713  -37.80170  0.01973  -37.81686  -37.77739  0.99988  0.00061  0.00165  
3960     N/A    0.001173  -37.79563  -37.79496  0.01957  -37.81520  -37.77606  1.00002  0.00066  0.00169  
4000     N/A    0.001557  -37.78109  -37.78470  0.01924  -37.80033  -37.76185  0.99990  0.00105  0.00207  
4040     N/A    0.001606  -37.77924  -37.78434  0.01941  -37.79865  -37.75984  0.99987  0.00109  0.00212  
4080     N/A    0.001078  -37.79922  -37.81549  0.01938  -37.81860  -37.77984  0.99957  0.00057  0.00159  
4120     N/A    0.001324  -37.78990  -37.80385  0.01908  -37.80898  -37.77082  0.99963  0.00082  0.00183  
4160     N/A    0.000839  -37.80824  -37.81596  0.01880  -37.82704  -37.78944  0.99980  0.00034  0.00134  
4200     N/A    0.001090  -37.79874  -37.80344  0.01887  -37.81761  -37.77987  0.99988  0.00059  0.00159  
4240     N/A    0.001041  -37.80060  -37.81117  0.01878  -37.81938  -37.78182  0.99972  0.00055  0.00154  
4280     N/A    0.001394  -37.78725  -37.79232  0.01887  -37.80611  -37.76838  0.99987  0.00090  0.00189  
4320     N/A    0.001107  -37.79812  -37.80415  0.01873  -37.81685  -37.77938  0.99984  0.00061  0.00160  
4360     N/A    0.001386  -37.78755  -37.79162  0.01872  -37.80626  -37.76883  0.99989  0.00089  0.00188  
4400     N/A    0.001202  -37.79450  -37.80900  0.01856  -37.81306  -37.77595  0.99962  0.00071  0.00169  
4440     N/A    0.001322  -37.78998  -37.79526  0.01902  -37.80900  -37.77097  0.99986  0.00082  0.00182  
4480     N/A    0.001251  -37.79267  -37.79847  0.01913  -37.81180  -37.77353  0.99985  0.00075  0.00176  
4520     N/A    0.001273  -37.79184  -37.79984  0.01782  -37.80966  -37.77402  0.99979  0.00080  0.00174  
4560     N/A    0.001262  -37.79226  -37.80227  0.01852  -37.81077  -37.77374  0.99974  0.00077  0.00175  
4600     N/A    0.001128  -37.79730  -37.80436  0.01872  -37.81602  -37.77858  0.99981  0.00063  0.00162  
4640     N/A    0.001235  -37.79327  -37.79555  0.01857  -37.81184  -37.77470  0.99994  0.00074  0.00173  
4680     N/A    0.001411  -37.78662  -37.79241  0.01825  -37.80487  -37.76836  0.99985  0.00093  0.00189  
4720     N/A    0.001744  -37.77400  -37.77975  0.01831  -37.79232  -37.75569  0.99985  0.00126  0.00223  
4760     N/A    0.001318  -37.79014  -37.79450  0.01844  -37.80858  -37.77169  0.99988  0.00083  0.00181  
4800     N/A    0.001529  -37.78216  -37.79512  0.01837  -37.80053  -37.76379  0.99966  0.00104  0.00201  
4840     N/A    0.001159  -37.79615  -37.80510  0.01868  -37.81482  -37.77747  0.99976  0.00067  0.00165  
4880     N/A    0.001139  -37.79689  -37.80148  0.01796  -37.81484  -37.77893  0.99988  0.00066  0.00161  
4920     N/A    0.001155  -37.79629  -37.79188  0.01784  -37.81413  -37.77846  1.00012  0.00068  0.00163  
4960     N/A    0.001411  -37.78660  -37.79298  0.01819  -37.80479  -37.76840  0.99983  0.00093  0.00189  
5000     N/A    0.001255  -37.79250  -37.79139  0.01816  -37.81065  -37.77434  1.00003  0.00078  0.00174  
5040     N/A    0.001208  -37.79428  -37.80044  0.01841  -37.81269  -37.77588  0.99984  0.00072  0.00169  
5080     N/A    0.001364  -37.78839  -37.79207  0.01814  -37.80653  -37.77024  0.99990  0.00088  0.00184  
5120     N/A    0.001105  -37.79818  -37.79933  0.01776  -37.81593  -37.78042  0.99997  0.00064  0.00157  
5160     N/A    0.001405  -37.78684  -37.79069  0.01834  -37.80517  -37.76850  0.99990  0.00092  0.00189  
5200     N/A    0.001134  -37.79708  -37.80756  0.01825  -37.81533  -37.77883  0.99972  0.00065  0.00162  
5240     N/A    0.000941  -37.80439  -37.81673  0.01801  -37.82240  -37.78637  0.99967  0.00047  0.00142  
5280     N/A    0.001060  -37.79987  -37.79899  0.01800  -37.81788  -37.78187  1.00002  0.00058  0.00154  
5320     N/A    0.001128  -37.79730  -37.80324  0.01797  -37.81527  -37.77934  0.99984  0.00065  0.00160  
5360     N/A    0.001212  -37.79415  -37.79885  0.01788  -37.81203  -37.77627  0.99988  0.00074  0.00168  
5400     N/A    0.001198  -37.79466  -37.80369  0.01836  -37.81302  -37.77630  0.99976  0.00071  0.00168  
5440     N/A    0.001026  -37.80118  -37.80299  0.01813  -37.81931  -37.78305  0.99995  0.00055  0.00150  
5480     N/A    0.001005  -37.80196  -37.80542  0.01794  -37.81990  -37.78402  0.99991  0.00053  0.00148  
5520     N/A    0.001404  -37.78686  -37.78661  0.01795  -37.80480  -37.76891  1.00001  0.00093  0.00188  
5560     N/A    0.001124  -37.79749  -37.79834  0.01772  -37.81520  -37.77977  0.99998  0.00066  0.00159  
5600     N/A    0.000958  -37.80376  -37.80435  0.01787  -37.82164  -37.78589  0.99998  0.00049  0.00143  
5640     N/A    0.001068  -37.79960  -37.79584  0.01821  -37.81781  -37.78139  1.00010  0.00059  0.00155  
5680     N/A    0.001253  -37.79258  -37.79949  0.01819  -37.81076  -37.77439  0.99982  0.00077  0.00173  
5720     N/A    0.001368  -37.78823  -37.79596  0.01800  -37.80624  -37.77023  0.99980  0.00089  0.00184  
5760     N/A    0.000978  -37.80298  -37.81132  0.01816  -37.82114  -37.78483  0.99978  0.00050  0.00146  
5800     N/A    0.001270  -37.79195  -37.79233  0.01810  -37.81005  -37.77385  0.99999  0.00079  0.00175  
5840     N/A    0.001071  -37.79946  -37.79256  0.01796  -37.81741  -37.78150  1.00018  0.00060  0.00155  
5880     N/A    0.001137  -37.79696  -37.79651  0.01796  -37.81492  -37.77901  1.00001  0.00066  0.00161  
5920     N/A    0.001672  -37.77673  -37.77727  0.01798  -37.79470  -37.75875  0.99999  0.00120  0.00215  
5960     N/A    0.001143  -37.79675  -37.80343  0.01839  -37.81514  -37.77835  0.99982  0.00066  0.00163  
6000     N/A    0.001377  -37.78791  -37.79096  0.01794  -37.80585  -37.76997  0.99992  0.00090  0.00185  
6040     N/A    0.001247  -37.79281  -37.79520  0.01839  -37.81120  -37.77443  0.99994  0.00076  0.00173  
6080     N/A    0.001016  -37.80155  -37.81483  0.01816  -37.81971  -37.78338  0.99965  0.00054  0.00150  
6120     N/A    0.001017  -37.80153  -37.80722  0.01775  -37.81928  -37.78378  0.99985  0.00055  0.00149  
6160     N/A    0.001028  -37.80111  -37.79411  0.01770  -37.81880  -37.78341  1.00019  0.00056  0.00150  
6200     N/A    0.001330  -37.78966  -37.79279  0.01786  -37.80752  -37.77180  0.99992  0.00086  0.00180  
6240     N/A    0.001297  -37.79093  -37.79376  0.01861  -37.80954  -37.77232  0.99993  0.00080  0.00179  
6280     N/A    0.000910  -37.80556  -37.80204  0.01791  -37.82347  -37.78766  1.00009  0.00044  0.00138  
6320     N/A    0.000865  -37.80728  -37.81592  0.01777  -37.82505  -37.78951  0.99977  0.00040  0.00133  
6360     N/A    0.001233  -37.79336  -37.79908  0.01814  -37.81151  -37.77522  0.99985  0.00075  0.00171  
6400     N/A    0.001707  -37.77540  -37.78678  0.01825  -37.79365  -37.75716  0.99970  0.00122  0.00219  
6440     N/A    0.000949  -37.80410  -37.81351  0.01813  -37.82224  -37.78597  0.99975  0.00047  0.00143  
6480     N/A    0.001196  -37.79473  -37.80111  0.01818  -37.81291  -37.77655  0.99983  0.00072  0.00168  
6520     N/A    0.001463  -37.78465  -37.78451  0.01847  -37.80312  -37.76617  1.00000  0.00097  0.00195  
6560     N/A    0.001101  -37.79835  -37.80055  0.01837  -37.81672  -37.77998  0.99994  0.00062  0.00159  
6600     N/A    0.001095  -37.79857  -37.80311  0.01825  -37.81682  -37.78032  0.99988  0.00061  0.00158  
6640     N/A    0.001377  -37.78791  -37.78858  0.01821  -37.80612  -37.76969  0.99998  0.00090  0.00186  
6680     N/A    0.001183  -37.79523  -37.80469  0.01795  -37.81318  -37.77729  0.99975  0.00071  0.00166  
6720     N/A    0.001261  -37.79229  -37.79349  0.01800  -37.81029  -37.77429  0.99997  0.00079  0.00174  
6760     N/A    0.000839  -37.80825  -37.81272  0.01830  -37.82655  -37.78996  0.99988  0.00036  0.00132  
6800     N/A    0.001234  -37.79331  -37.80487  0.01859  -37.81191  -37.77472  0.99969  0.00074  0.00173  
6840     N/A    0.001142  -37.79679  -37.80338  0.01779  -37.81458  -37.77900  0.99983  0.00067  0.00161  
6880     N/A    0.001305  -37.79061  -37.80133  0.01796  -37.80858  -37.77265  0.99972  0.00083  0.00178  
6920     N/A    0.001411  -37.78659  -37.78708  0.01777  -37.80436  -37.76883  0.99999  0.00094  0.00188  
6960     N/A    0.001236  -37.79324  -37.80599  0.01825  -37.81149  -37.77499  0.99966  0.00075  0.00172  
7000     N/A    0.001350  -37.78891  -37.78024  0.01816  -37.80707  -37.77075  1.00023  0.00087  0.00183  
7040     N/A    0.001334  -37.78953  -37.78772  0.01805  -37.80758  -37.77148  1.00005  0.00086  0.00181  
7080     N/A    0.001297  -37.79091  -37.79149  0.01791  -37.80882  -37.77300  0.99998  0.00082  0.00177  
