nh: 16
samples1: 30000
samples2: 5000
burn_in: 500
steps: 100
Exact H:-37.84
   Fidelity  ROE       Mean      Median    CI Width LL on CI  UL on CI  mmRatio  Min Err  Max Err
20     N/A    0.096838  -34.17565  -34.27270  0.15211  -34.32775  -34.02354  0.99717  0.09282  0.10086  
40     N/A    0.059080  -35.60443  -35.75051  0.12201  -35.72643  -35.48242  0.99591  0.05586  0.06230  
60     N/A    0.039368  -36.35031  -36.50979  0.10378  -36.45409  -36.24653  0.99563  0.03663  0.04211  
80     N/A    0.032440  -36.61246  -36.76476  0.09438  -36.70684  -36.51809  0.99586  0.02995  0.03493  
100     N/A    0.026860  -36.82363  -36.98368  0.08851  -36.91214  -36.73511  0.99567  0.02452  0.02920  
120     N/A    0.022410  -36.99202  -37.12226  0.08153  -37.07355  -36.91050  0.99649  0.02026  0.02456  
140     N/A    0.020182  -37.07633  -37.25870  0.07650  -37.15284  -36.99983  0.99511  0.01816  0.02220  
160     N/A    0.017735  -37.16889  -37.31421  0.07129  -37.24019  -37.09760  0.99611  0.01585  0.01962  
180     N/A    0.015791  -37.24246  -37.38625  0.06842  -37.31088  -37.17404  0.99615  0.01398  0.01760  
200     N/A    0.014009  -37.30990  -37.46407  0.06546  -37.37536  -37.24443  0.99588  0.01228  0.01574  
220     N/A    0.013004  -37.34791  -37.46544  0.06035  -37.40827  -37.28756  0.99686  0.01141  0.01460  
240     N/A    0.011388  -37.40909  -37.51810  0.05890  -37.46800  -37.35019  0.99709  0.00983  0.01294  
260     N/A    0.010061  -37.45928  -37.57881  0.05645  -37.51572  -37.40283  0.99682  0.00857  0.01155  
280     N/A    0.007867  -37.54232  -37.61601  0.05400  -37.59632  -37.48832  0.99804  0.00644  0.00929  
300     N/A    0.007271  -37.56488  -37.65246  0.05125  -37.61613  -37.51362  0.99767  0.00592  0.00863  
320     N/A    0.008291  -37.52627  -37.61607  0.05080  -37.57707  -37.47548  0.99761  0.00695  0.00963  
340     N/A    0.007366  -37.56127  -37.64885  0.04781  -37.60908  -37.51346  0.99767  0.00610  0.00863  
360     N/A    0.007014  -37.57458  -37.62112  0.04639  -37.62097  -37.52820  0.99876  0.00579  0.00824  
380     N/A    0.005962  -37.61439  -37.68027  0.04451  -37.65890  -37.56988  0.99825  0.00479  0.00714  
400     N/A    0.005734  -37.62302  -37.66028  0.04292  -37.66595  -37.58010  0.99901  0.00460  0.00687  
420     N/A    0.004982  -37.65149  -37.67382  0.04184  -37.69333  -37.60966  0.99941  0.00388  0.00609  
440     N/A    0.005176  -37.64415  -37.67806  0.04131  -37.68547  -37.60284  0.99910  0.00408  0.00627  
460     N/A    0.004979  -37.65160  -37.69649  0.04026  -37.69186  -37.61134  0.99881  0.00391  0.00604  
480     N/A    0.004156  -37.68274  -37.68870  0.03849  -37.72123  -37.64425  0.99984  0.00314  0.00517  
500     N/A    0.004333  -37.67605  -37.68748  0.03792  -37.71397  -37.63814  0.99970  0.00333  0.00533  
520     N/A    0.004741  -37.66059  -37.70277  0.03681  -37.69740  -37.62378  0.99888  0.00377  0.00571  
540     N/A    0.003964  -37.69001  -37.72473  0.03699  -37.72701  -37.65302  0.99908  0.00299  0.00494  
560     N/A    0.003568  -37.70500  -37.72288  0.03542  -37.74042  -37.66957  0.99953  0.00263  0.00450  
580     N/A    0.003637  -37.70236  -37.71698  0.03424  -37.73660  -37.66811  0.99961  0.00273  0.00454  
600     N/A    0.002931  -37.72909  -37.74960  0.03299  -37.76209  -37.69610  0.99946  0.00206  0.00380  
620     N/A    0.003418  -37.71066  -37.73448  0.03216  -37.74282  -37.67850  0.99937  0.00257  0.00427  
640     N/A    0.002888  -37.73071  -37.74283  0.03162  -37.76233  -37.69909  0.99968  0.00205  0.00372  
660     N/A    0.002802  -37.73399  -37.77766  0.03046  -37.76445  -37.70352  0.99884  0.00200  0.00361  
680     N/A    0.002969  -37.72764  -37.74692  0.03042  -37.75806  -37.69722  0.99949  0.00217  0.00377  
700     N/A    0.002431  -37.74803  -37.76157  0.02907  -37.77710  -37.71896  0.99964  0.00166  0.00320  
720     N/A    0.002547  -37.74360  -37.77119  0.02816  -37.77177  -37.71544  0.99927  0.00180  0.00329  
740     N/A    0.002488  -37.74587  -37.76490  0.02655  -37.77242  -37.71932  0.99950  0.00179  0.00319  
760     N/A    0.002250  -37.75487  -37.77625  0.02615  -37.78102  -37.72872  0.99943  0.00156  0.00294  
780     N/A    0.001922  -37.76726  -37.77858  0.02583  -37.79309  -37.74143  0.99970  0.00124  0.00260  
800     N/A    0.001989  -37.76475  -37.79420  0.02483  -37.78958  -37.73991  0.99922  0.00133  0.00265  
820     N/A    0.001607  -37.77918  -37.79475  0.02439  -37.80357  -37.75479  0.99959  0.00096  0.00225  
840     N/A    0.002305  -37.75279  -37.76432  0.02277  -37.77556  -37.73002  0.99969  0.00170  0.00291  
860     N/A    0.001688  -37.77614  -37.79435  0.02239  -37.79852  -37.75375  0.99952  0.00110  0.00228  
880     N/A    0.001637  -37.77806  -37.78325  0.02215  -37.80020  -37.75591  0.99986  0.00105  0.00222  
900     N/A    0.001911  -37.76770  -37.77634  0.02176  -37.78947  -37.74594  0.99977  0.00134  0.00249  
920     N/A    0.001707  -37.77539  -37.79114  0.02110  -37.79649  -37.75429  0.99958  0.00115  0.00226  
940     N/A    0.001694  -37.77591  -37.78412  0.02128  -37.79719  -37.75462  0.99978  0.00113  0.00226  
960     N/A    0.001582  -37.78014  -37.79092  0.02055  -37.80069  -37.75959  0.99971  0.00104  0.00213  
980     N/A    0.001528  -37.78217  -37.79552  0.02029  -37.80245  -37.76188  0.99965  0.00099  0.00206  
1000     N/A    0.001821  -37.77109  -37.78129  0.02023  -37.79132  -37.75085  0.99973  0.00129  0.00236  
1020     N/A    0.001230  -37.79344  -37.79314  0.01961  -37.81305  -37.77383  1.00001  0.00071  0.00175  
1040     N/A    0.001693  -37.77594  -37.79653  0.01982  -37.79576  -37.75612  0.99946  0.00117  0.00222  
1060     N/A    0.001190  -37.79497  -37.80757  0.01912  -37.81409  -37.77585  0.99967  0.00068  0.00170  
1080     N/A    0.000955  -37.80388  -37.81085  0.01923  -37.82310  -37.78465  0.99982  0.00045  0.00146  
1100     N/A    0.001000  -37.80218  -37.81930  0.01926  -37.82144  -37.78292  0.99955  0.00049  0.00151  
1120     N/A    0.001412  -37.78659  -37.79757  0.01875  -37.80534  -37.76783  0.99971  0.00092  0.00191  
1140     N/A    0.001107  -37.79810  -37.80109  0.01865  -37.81675  -37.77944  0.99992  0.00061  0.00160  
1160     N/A    0.001454  -37.78497  -37.78325  0.01842  -37.80339  -37.76655  1.00005  0.00097  0.00194  
1180     N/A    0.001274  -37.79179  -37.79430  0.01843  -37.81022  -37.77337  0.99993  0.00079  0.00176  
1200     N/A    0.001374  -37.78801  -37.80153  0.01804  -37.80605  -37.76996  0.99964  0.00090  0.00185  
1220     N/A    0.001040  -37.80065  -37.81310  0.01840  -37.81906  -37.78225  0.99967  0.00055  0.00153  
1240     N/A    0.001357  -37.78867  -37.79640  0.01784  -37.80651  -37.77083  0.99980  0.00089  0.00183  
1260     N/A    0.001337  -37.78942  -37.79545  0.01770  -37.80711  -37.77172  0.99984  0.00087  0.00180  
1280     N/A    0.001321  -37.79000  -37.79175  0.01799  -37.80798  -37.77201  0.99995  0.00085  0.00180  
1300     N/A    0.001153  -37.79638  -37.79668  0.01791  -37.81429  -37.77846  0.99999  0.00068  0.00163  
1320     N/A    0.000952  -37.80396  -37.81463  0.01711  -37.82107  -37.78685  0.99972  0.00050  0.00140  
1340     N/A    0.001058  -37.79997  -37.81299  0.01733  -37.81730  -37.78263  0.99966  0.00060  0.00152  
1360     N/A    0.001193  -37.79484  -37.80572  0.01782  -37.81266  -37.77702  0.99971  0.00072  0.00166  
1380     N/A    0.001213  -37.79409  -37.80012  0.01748  -37.81157  -37.77662  0.99984  0.00075  0.00168  
1400     N/A    0.001110  -37.79800  -37.80385  0.01715  -37.81515  -37.78084  0.99985  0.00066  0.00156  
1420     N/A    0.001063  -37.79976  -37.80801  0.01716  -37.81692  -37.78260  0.99978  0.00061  0.00152  
1440     N/A    0.000946  -37.80420  -37.81899  0.01693  -37.82114  -37.78727  0.99961  0.00050  0.00139  
1460     N/A    0.000986  -37.80269  -37.80717  0.01719  -37.81987  -37.78550  0.99988  0.00053  0.00144  
1480     N/A    0.001378  -37.78786  -37.79265  0.01702  -37.80488  -37.77083  0.99987  0.00093  0.00183  
