nh: 16
samples1: 17500
samples2: 5000
burn_in: 500
steps: 100
Exact H:-37.84
   Fidelity  ROE       Mean      Median    CI Width LL on CI  UL on CI  mmRatio  Min Err  Max Err
40     N/A    0.088658  -34.48520  -34.62232  0.14217  -34.62737  -34.34303  0.99604  0.08490  0.09241  
80     N/A    0.050076  -35.94513  -36.10504  0.11455  -36.05969  -35.83058  0.99557  0.04705  0.05310  
120     N/A    0.034575  -36.53167  -36.69708  0.09899  -36.63066  -36.43267  0.99549  0.03196  0.03719  
160     N/A    0.025808  -36.86343  -37.00280  0.08557  -36.94899  -36.77786  0.99623  0.02355  0.02807  
200     N/A    0.022301  -36.99612  -37.16627  0.08194  -37.07806  -36.91418  0.99542  0.02014  0.02447  
240     N/A    0.019105  -37.11708  -37.26375  0.07355  -37.19063  -37.04353  0.99606  0.01716  0.02105  
280     N/A    0.015108  -37.26831  -37.42411  0.06778  -37.33610  -37.20053  0.99584  0.01332  0.01690  
320     N/A    0.013635  -37.32404  -37.49139  0.06546  -37.38950  -37.25857  0.99554  0.01191  0.01537  
360     N/A    0.011313  -37.41192  -37.56758  0.06326  -37.47517  -37.34866  0.99586  0.00964  0.01298  
400     N/A    0.009946  -37.46363  -37.61364  0.05955  -37.52318  -37.40408  0.99601  0.00837  0.01152  
440     N/A    0.010099  -37.45787  -37.62552  0.05782  -37.51569  -37.40005  0.99554  0.00857  0.01163  
480     N/A    0.009294  -37.48832  -37.62945  0.05463  -37.54295  -37.43369  0.99625  0.00785  0.01074  
520     N/A    0.009044  -37.49777  -37.67458  0.05199  -37.54976  -37.44578  0.99531  0.00767  0.01042  
560     N/A    0.008043  -37.53566  -37.65555  0.05068  -37.58634  -37.48499  0.99682  0.00670  0.00938  
600     N/A    0.006927  -37.57788  -37.68688  0.04887  -37.62675  -37.52902  0.99711  0.00564  0.00822  
640     N/A    0.006161  -37.60687  -37.71073  0.04724  -37.65410  -37.55963  0.99725  0.00491  0.00741  
680     N/A    0.006471  -37.59515  -37.68919  0.04648  -37.64163  -37.54868  0.99751  0.00524  0.00770  
720     N/A    0.005566  -37.62937  -37.68673  0.04427  -37.67365  -37.58510  0.99848  0.00440  0.00674  
760     N/A    0.005905  -37.61654  -37.67351  0.04358  -37.66013  -37.57296  0.99849  0.00475  0.00706  
800     N/A    0.005669  -37.62549  -37.67534  0.04222  -37.66770  -37.58327  0.99868  0.00455  0.00678  
840     N/A    0.004641  -37.66440  -37.71355  0.04194  -37.70633  -37.62246  0.99870  0.00353  0.00575  
880     N/A    0.005068  -37.64821  -37.70316  0.04122  -37.68943  -37.60700  0.99854  0.00398  0.00616  
920     N/A    0.005033  -37.64955  -37.68317  0.03994  -37.68949  -37.60961  0.99911  0.00398  0.00609  
960     N/A    0.004609  -37.66560  -37.69451  0.03874  -37.70434  -37.62686  0.99923  0.00359  0.00563  
1000     N/A    0.003545  -37.70585  -37.71395  0.03742  -37.74327  -37.66843  0.99979  0.00256  0.00453  
1040     N/A    0.004700  -37.66215  -37.69818  0.03742  -37.69957  -37.62473  0.99904  0.00371  0.00569  
1080     N/A    0.003657  -37.70161  -37.71912  0.03622  -37.73783  -37.66539  0.99954  0.00270  0.00461  
1120     N/A    0.003038  -37.72506  -37.72728  0.03535  -37.76041  -37.68971  0.99994  0.00210  0.00397  
1160     N/A    0.003569  -37.70494  -37.70588  0.03522  -37.74016  -37.66973  0.99998  0.00264  0.00450  
1200     N/A    0.004187  -37.68157  -37.70401  0.03484  -37.71641  -37.64673  0.99940  0.00327  0.00511  
1240     N/A    0.003396  -37.71148  -37.70761  0.03299  -37.74447  -37.67848  1.00010  0.00252  0.00427  
1280     N/A    0.003168  -37.72012  -37.72047  0.03336  -37.75348  -37.68676  0.99999  0.00229  0.00405  
1320     N/A    0.003428  -37.71030  -37.72691  0.03203  -37.74233  -37.67827  0.99956  0.00258  0.00427  
1360     N/A    0.002995  -37.72666  -37.74590  0.03227  -37.75892  -37.69439  0.99949  0.00214  0.00385  
1400     N/A    0.003098  -37.72275  -37.74610  0.03320  -37.75596  -37.68955  0.99938  0.00222  0.00398  
1440     N/A    0.003497  -37.70767  -37.72922  0.03038  -37.73805  -37.67729  0.99943  0.00269  0.00430  
1480     N/A    0.003326  -37.71414  -37.72971  0.03091  -37.74506  -37.68323  0.99959  0.00251  0.00414  
1520     N/A    0.002264  -37.75433  -37.74030  0.03000  -37.78433  -37.72432  1.00037  0.00147  0.00306  
1560     N/A    0.002116  -37.75993  -37.74289  0.02986  -37.78979  -37.73007  1.00045  0.00133  0.00291  
1600     N/A    0.002526  -37.74442  -37.75770  0.02967  -37.77409  -37.71475  0.99965  0.00174  0.00331  
1640     N/A    0.003072  -37.72375  -37.73618  0.02882  -37.75257  -37.69493  0.99967  0.00231  0.00383  
1680     N/A    0.002394  -37.74940  -37.75311  0.02887  -37.77827  -37.72053  0.99990  0.00163  0.00316  
1720     N/A    0.002887  -37.73074  -37.73622  0.02737  -37.75812  -37.70337  0.99985  0.00216  0.00361  
1760     N/A    0.002641  -37.74008  -37.74838  0.02804  -37.76812  -37.71204  0.99978  0.00190  0.00338  
1800     N/A    0.002638  -37.74018  -37.75290  0.02815  -37.76833  -37.71203  0.99966  0.00189  0.00338  
1840     N/A    0.002489  -37.74580  -37.74700  0.02683  -37.77263  -37.71897  0.99997  0.00178  0.00320  
1880     N/A    0.002184  -37.75735  -37.74155  0.02722  -37.78457  -37.73014  1.00042  0.00146  0.00290  
1920     N/A    0.001989  -37.76475  -37.76293  0.02575  -37.79050  -37.73900  1.00005  0.00131  0.00267  
1960     N/A    0.002096  -37.76068  -37.75992  0.02572  -37.78640  -37.73497  1.00002  0.00142  0.00278  
2000     N/A    0.001467  -37.78449  -37.77691  0.02533  -37.80981  -37.75916  1.00020  0.00080  0.00214  
2040     N/A    0.002176  -37.75767  -37.76622  0.02513  -37.78279  -37.73254  0.99977  0.00151  0.00284  
2080     N/A    0.002067  -37.76179  -37.75943  0.02529  -37.78708  -37.73650  1.00006  0.00140  0.00274  
2120     N/A    0.001588  -37.77991  -37.77279  0.02438  -37.80429  -37.75553  1.00019  0.00094  0.00223  
2160     N/A    0.001762  -37.77334  -37.77784  0.02454  -37.79788  -37.74880  0.99988  0.00111  0.00241  
2200     N/A    0.002012  -37.76386  -37.77781  0.02433  -37.78819  -37.73952  0.99963  0.00137  0.00266  
2240     N/A    0.001687  -37.77615  -37.76298  0.02392  -37.80007  -37.75223  1.00035  0.00106  0.00232  
2280     N/A    0.002290  -37.75334  -37.74152  0.02397  -37.77731  -37.72938  1.00031  0.00166  0.00292  
2320     N/A    0.001698  -37.77574  -37.77495  0.02296  -37.79870  -37.75277  1.00002  0.00109  0.00231  
2360     N/A    0.002401  -37.74914  -37.76641  0.02298  -37.77212  -37.72615  0.99954  0.00179  0.00301  
2400     N/A    0.001891  -37.76846  -37.76157  0.02293  -37.79139  -37.74553  1.00018  0.00128  0.00250  
2440     N/A    0.001906  -37.76790  -37.77156  0.02303  -37.79092  -37.74487  0.99990  0.00130  0.00251  
2480     N/A    0.001564  -37.78084  -37.78442  0.02315  -37.80398  -37.75769  0.99991  0.00095  0.00218  
2520     N/A    0.001536  -37.78186  -37.78223  0.02306  -37.80493  -37.75880  0.99999  0.00093  0.00215  
2560     N/A    0.001768  -37.77309  -37.77823  0.02243  -37.79552  -37.75065  0.99986  0.00118  0.00236  
2600     N/A    0.001890  -37.76849  -37.76727  0.02226  -37.79075  -37.74623  1.00003  0.00130  0.00248  
2640     N/A    0.001528  -37.78220  -37.78218  0.02169  -37.80389  -37.76051  1.00000  0.00095  0.00210  
2680     N/A    0.001316  -37.79021  -37.79169  0.02202  -37.81223  -37.76820  0.99996  0.00073  0.00190  
2720     N/A    0.001903  -37.76800  -37.76844  0.02195  -37.78995  -37.74605  0.99999  0.00132  0.00248  
2760     N/A    0.001495  -37.78343  -37.77153  0.02220  -37.80563  -37.76123  1.00031  0.00091  0.00208  
2800     N/A    0.001495  -37.78342  -37.77984  0.02240  -37.80583  -37.76102  1.00009  0.00090  0.00209  
2840     N/A    0.001280  -37.79156  -37.78440  0.02242  -37.81398  -37.76913  1.00019  0.00069  0.00187  
2880     N/A    0.001741  -37.77413  -37.78413  0.02175  -37.79589  -37.75238  0.99974  0.00117  0.00232  
2920     N/A    0.001492  -37.78354  -37.78713  0.02138  -37.80492  -37.76216  0.99990  0.00093  0.00206  
2960     N/A    0.001906  -37.76787  -37.77790  0.02154  -37.78941  -37.74633  0.99973  0.00134  0.00248  
3000     N/A    0.001602  -37.77937  -37.78278  0.02178  -37.80115  -37.75759  0.99991  0.00103  0.00218  
3040     N/A    0.001628  -37.77839  -37.77158  0.02149  -37.79988  -37.75690  1.00018  0.00106  0.00220  
3080     N/A    0.001951  -37.76617  -37.76846  0.02152  -37.78769  -37.74464  0.99994  0.00138  0.00252  
3120     N/A    0.002096  -37.76068  -37.77427  0.02105  -37.78173  -37.73963  0.99964  0.00154  0.00265  
3160     N/A    0.002014  -37.76378  -37.76889  0.02146  -37.78524  -37.74232  0.99986  0.00145  0.00258  
3200     N/A    0.001455  -37.78493  -37.78964  0.02121  -37.80614  -37.76372  0.99988  0.00089  0.00202  
3240     N/A    0.001757  -37.77353  -37.77689  0.02117  -37.79470  -37.75235  0.99991  0.00120  0.00232  
3280     N/A    0.001205  -37.79442  -37.79954  0.02123  -37.81566  -37.77319  0.99986  0.00064  0.00177  
3320     N/A    0.001390  -37.78741  -37.79807  0.02104  -37.80845  -37.76638  0.99972  0.00083  0.00195  
3360     N/A    0.001674  -37.77666  -37.78115  0.02091  -37.79757  -37.75575  0.99988  0.00112  0.00223  
3400     N/A    0.001581  -37.78017  -37.78618  0.02079  -37.80096  -37.75938  0.99984  0.00103  0.00213  
3440     N/A    0.001659  -37.77722  -37.78529  0.02114  -37.79836  -37.75608  0.99979  0.00110  0.00222  
3480     N/A    0.001759  -37.77342  -37.77076  0.02065  -37.79407  -37.75277  1.00007  0.00121  0.00231  
3520     N/A    0.001698  -37.77573  -37.78826  0.02130  -37.79703  -37.75444  0.99967  0.00114  0.00226  
3560     N/A    0.001341  -37.78927  -37.79116  0.02069  -37.80996  -37.76858  0.99995  0.00079  0.00189  
3600     N/A    0.001120  -37.79763  -37.80772  0.02114  -37.81877  -37.77649  0.99973  0.00056  0.00168  
3640     N/A    0.001234  -37.79332  -37.78908  0.02118  -37.81450  -37.77214  1.00011  0.00067  0.00179  
3680     N/A    0.001303  -37.79069  -37.78767  0.02091  -37.81160  -37.76978  1.00008  0.00075  0.00186  
3720     N/A    0.001581  -37.78019  -37.77634  0.02065  -37.80083  -37.75954  1.00010  0.00104  0.00213  
3760     N/A    0.001465  -37.78455  -37.78876  0.02060  -37.80515  -37.76395  0.99989  0.00092  0.00201  
3800     N/A    0.001464  -37.78459  -37.78084  0.02098  -37.80556  -37.76361  1.00010  0.00091  0.00202  
3840     N/A    0.001433  -37.78579  -37.79401  0.02032  -37.80611  -37.76547  0.99978  0.00090  0.00197  
3880     N/A    0.001336  -37.78944  -37.79205  0.02107  -37.81051  -37.76838  0.99993  0.00078  0.00189  
3920     N/A    0.001465  -37.78456  -37.78224  0.01996  -37.80452  -37.76461  1.00006  0.00094  0.00199  
3960     N/A    0.001213  -37.79409  -37.78742  0.02049  -37.81459  -37.77360  1.00018  0.00067  0.00175  
4000     N/A    0.001543  -37.78160  -37.78628  0.02071  -37.80230  -37.76089  0.99988  0.00100  0.00209  
4040     N/A    0.001279  -37.79162  -37.79272  0.01990  -37.81152  -37.77172  0.99997  0.00075  0.00180  
4080     N/A    0.001953  -37.76609  -37.77808  0.02070  -37.78679  -37.74539  0.99968  0.00141  0.00250  
4120     N/A    0.001544  -37.78157  -37.79279  0.02042  -37.80199  -37.76115  0.99970  0.00100  0.00208  
4160     N/A    0.001364  -37.78838  -37.77790  0.02067  -37.80904  -37.76771  1.00028  0.00082  0.00191  
4200     N/A    0.001376  -37.78793  -37.80125  0.02079  -37.80873  -37.76714  0.99965  0.00083  0.00193  
4240     N/A    0.001391  -37.78738  -37.79479  0.02112  -37.80850  -37.76625  0.99980  0.00083  0.00195  
4280     N/A    0.001558  -37.78103  -37.78111  0.02043  -37.80146  -37.76060  1.00000  0.00102  0.00210  
4320     N/A    0.001458  -37.78483  -37.78034  0.02055  -37.80539  -37.76428  1.00012  0.00091  0.00200  
4360     N/A    0.001519  -37.78251  -37.79517  0.02089  -37.80340  -37.76163  0.99967  0.00097  0.00207  
4400     N/A    0.001430  -37.78588  -37.78099  0.02019  -37.80608  -37.76569  1.00013  0.00090  0.00196  
4440     N/A    0.001571  -37.78056  -37.78988  0.02097  -37.80153  -37.75959  0.99975  0.00102  0.00212  
4480     N/A    0.001994  -37.76455  -37.76960  0.02019  -37.78474  -37.74436  0.99987  0.00146  0.00253  
4520     N/A    0.001243  -37.79298  -37.80323  0.02076  -37.81373  -37.77222  0.99973  0.00069  0.00179  
4560     N/A    0.001182  -37.79528  -37.79636  0.02070  -37.81597  -37.77458  0.99997  0.00063  0.00173  
4600     N/A    0.001618  -37.77876  -37.78803  0.02061  -37.79937  -37.75816  0.99975  0.00107  0.00216  
4640     N/A    0.001682  -37.77636  -37.78398  0.02088  -37.79725  -37.75548  0.99980  0.00113  0.00223  
4680     N/A    0.001155  -37.79629  -37.79193  0.02032  -37.81660  -37.77597  1.00012  0.00062  0.00169  
4720     N/A    0.001654  -37.77741  -37.78827  0.02013  -37.79754  -37.75728  0.99971  0.00112  0.00219  
4760     N/A    0.001806  -37.77165  -37.77838  0.02028  -37.79192  -37.75137  0.99982  0.00127  0.00234  
4800     N/A    0.001591  -37.77981  -37.78488  0.02096  -37.80077  -37.75885  0.99987  0.00104  0.00214  
4840     N/A    0.001362  -37.78847  -37.78909  0.02133  -37.80980  -37.76714  0.99998  0.00080  0.00193  
4880     N/A    0.001220  -37.79385  -37.79977  0.02022  -37.81407  -37.77363  0.99984  0.00069  0.00175  
4920     N/A    0.001310  -37.79044  -37.79409  0.02084  -37.81128  -37.76960  0.99990  0.00076  0.00186  
4960     N/A    0.001340  -37.78929  -37.79918  0.02076  -37.81005  -37.76854  0.99974  0.00079  0.00189  
5000     N/A    0.001432  -37.78580  -37.78053  0.02053  -37.80634  -37.76527  1.00014  0.00089  0.00197  
5040     N/A    0.001620  -37.77870  -37.78233  0.02075  -37.79945  -37.75796  0.99990  0.00107  0.00217  
5080     N/A    0.002091  -37.76090  -37.76180  0.02094  -37.78184  -37.73995  0.99998  0.00154  0.00264  
5120     N/A    0.001558  -37.78104  -37.78323  0.02055  -37.80159  -37.76049  0.99994  0.00102  0.00210  
5160     N/A    0.001408  -37.78674  -37.78890  0.02022  -37.80696  -37.76651  0.99994  0.00087  0.00194  
5200     N/A    0.001874  -37.76908  -37.77731  0.02079  -37.78986  -37.74829  0.99978  0.00132  0.00242  
5240     N/A    0.001504  -37.78307  -37.76903  0.02086  -37.80394  -37.76221  1.00037  0.00095  0.00206  
5280     N/A    0.001590  -37.77982  -37.79629  0.02089  -37.80071  -37.75892  0.99956  0.00104  0.00214  
5320     N/A    0.001367  -37.78829  -37.79388  0.02068  -37.80897  -37.76761  0.99985  0.00082  0.00191  
5360     N/A    0.001259  -37.79238  -37.78651  0.02053  -37.81291  -37.77184  1.00016  0.00072  0.00180  
5400     N/A    0.001711  -37.77524  -37.77964  0.02030  -37.79554  -37.75494  0.99988  0.00117  0.00225  
5440     N/A    0.001533  -37.78198  -37.77743  0.02063  -37.80261  -37.76135  1.00012  0.00099  0.00208  
5480     N/A    0.001519  -37.78253  -37.78368  0.02124  -37.80377  -37.76128  0.99997  0.00096  0.00208  
5520     N/A    0.001593  -37.77973  -37.79286  0.02104  -37.80077  -37.75869  0.99965  0.00104  0.00215  
5560     N/A    0.001349  -37.78897  -37.79162  0.02088  -37.80985  -37.76809  0.99993  0.00080  0.00190  
5600     N/A    0.001595  -37.77966  -37.78842  0.02027  -37.79993  -37.75939  0.99977  0.00106  0.00213  
5640     N/A    0.001173  -37.79561  -37.79120  0.02052  -37.81613  -37.77510  1.00012  0.00063  0.00172  
5680     N/A    0.001693  -37.77594  -37.77725  0.02079  -37.79673  -37.75514  0.99997  0.00114  0.00224  
5720     N/A    0.001130  -37.79724  -37.79714  0.02114  -37.81838  -37.77611  1.00000  0.00057  0.00169  
5760     N/A    0.001748  -37.77387  -37.78097  0.02056  -37.79442  -37.75331  0.99981  0.00120  0.00229  
5800     N/A    0.001457  -37.78487  -37.79122  0.02086  -37.80573  -37.76400  0.99983  0.00091  0.00201  
5840     N/A    0.001694  -37.77590  -37.78633  0.02115  -37.79705  -37.75475  0.99972  0.00114  0.00225  
5880     N/A    0.001573  -37.78050  -37.78328  0.02076  -37.80125  -37.75974  0.99993  0.00102  0.00212  
5920     N/A    0.001429  -37.78591  -37.79498  0.02085  -37.80676  -37.76506  0.99976  0.00088  0.00198  
5960     N/A    0.001372  -37.78809  -37.79033  0.02061  -37.80870  -37.76748  0.99994  0.00083  0.00192  
6000     N/A    0.001472  -37.78430  -37.77922  0.02093  -37.80523  -37.76338  1.00013  0.00092  0.00202  
6040     N/A    0.001281  -37.79154  -37.79559  0.02084  -37.81238  -37.77069  0.99989  0.00073  0.00183  
6080     N/A    0.001724  -37.77477  -37.77112  0.02101  -37.79578  -37.75376  1.00010  0.00117  0.00228  
6120     N/A    0.001708  -37.77536  -37.77909  0.02066  -37.79602  -37.75470  0.99990  0.00116  0.00225  
6160     N/A    0.001599  -37.77949  -37.79343  0.02128  -37.80076  -37.75821  0.99963  0.00104  0.00216  
6200     N/A    0.001350  -37.78890  -37.78051  0.02110  -37.81000  -37.76780  1.00022  0.00079  0.00191  
6240     N/A    0.001500  -37.78324  -37.79211  0.02103  -37.80426  -37.76221  0.99977  0.00094  0.00206  
6280     N/A    0.001683  -37.77632  -37.77909  0.02095  -37.79728  -37.75537  0.99993  0.00113  0.00224  
6320     N/A    0.001592  -37.77977  -37.77636  0.02097  -37.80074  -37.75880  1.00009  0.00104  0.00215  
6360     N/A    0.001496  -37.78340  -37.78494  0.02068  -37.80408  -37.76272  0.99996  0.00095  0.00204  
6400     N/A    0.001608  -37.77915  -37.77760  0.02065  -37.79979  -37.75850  1.00004  0.00106  0.00215  
6440     N/A    0.001364  -37.78840  -37.79103  0.02093  -37.80933  -37.76747  0.99993  0.00081  0.00192  
6480     N/A    0.001542  -37.78164  -37.78999  0.02151  -37.80315  -37.76013  0.99978  0.00097  0.00211  
6520     N/A    0.001352  -37.78884  -37.78818  0.02080  -37.80963  -37.76804  1.00002  0.00080  0.00190  
6560     N/A    0.001907  -37.76782  -37.77879  0.02062  -37.78845  -37.74720  0.99971  0.00136  0.00245  
6600     N/A    0.001332  -37.78961  -37.78414  0.02052  -37.81012  -37.76909  1.00014  0.00079  0.00187  
6640     N/A    0.001559  -37.78101  -37.78583  0.02081  -37.80182  -37.76019  0.99987  0.00101  0.00211  
6680     N/A    0.001769  -37.77305  -37.77877  0.02049  -37.79354  -37.75256  0.99985  0.00123  0.00231  
6720     N/A    0.001384  -37.78762  -37.78751  0.02103  -37.80865  -37.76660  1.00000  0.00083  0.00194  
6760     N/A    0.001613  -37.77898  -37.78267  0.02137  -37.80034  -37.75761  0.99990  0.00105  0.00218  
6800     N/A    0.001422  -37.78620  -37.78638  0.02062  -37.80681  -37.76558  1.00000  0.00088  0.00197  
6840     N/A    0.001717  -37.77504  -37.78950  0.02096  -37.79600  -37.75408  0.99962  0.00116  0.00227  
6880     N/A    0.001803  -37.77178  -37.76950  0.02153  -37.79331  -37.75026  1.00006  0.00123  0.00237  
6920     N/A    0.001580  -37.78021  -37.78178  0.02085  -37.80107  -37.75936  0.99996  0.00103  0.00213  
6960     N/A    0.001376  -37.78793  -37.78174  0.02054  -37.80846  -37.76739  1.00016  0.00083  0.00192  
7000     N/A    0.001486  -37.78375  -37.78081  0.02093  -37.80468  -37.76282  1.00008  0.00093  0.00204  
7040     N/A    0.001497  -37.78335  -37.78451  0.02086  -37.80421  -37.76250  0.99997  0.00095  0.00205  
7080     N/A    0.001333  -37.78956  -37.77909  0.02056  -37.81012  -37.76900  1.00028  0.00079  0.00188  
7120     N/A    0.001450  -37.78513  -37.79106  0.02110  -37.80623  -37.76404  0.99984  0.00089  0.00201  
7160     N/A    0.001726  -37.77467  -37.76975  0.02107  -37.79574  -37.75361  1.00013  0.00117  0.00228  
7200     N/A    0.001519  -37.78253  -37.77946  0.02099  -37.80352  -37.76154  1.00008  0.00096  0.00207  
7240     N/A    0.001444  -37.78535  -37.78739  0.02108  -37.80643  -37.76427  0.99995  0.00089  0.00200  
7280     N/A    0.001879  -37.76889  -37.76964  0.02138  -37.79027  -37.74751  0.99998  0.00131  0.00244  
7320     N/A    0.001593  -37.77974  -37.78804  0.02111  -37.80085  -37.75863  0.99978  0.00103  0.00215  
7360     N/A    0.001866  -37.76940  -37.77678  0.02088  -37.79028  -37.74852  0.99980  0.00131  0.00242  
7400     N/A    0.001663  -37.77707  -37.77191  0.02134  -37.79841  -37.75573  1.00014  0.00110  0.00223  
