nh: 16
samples1: 25000
samples2: 5000
burn_in: 500
steps: 100
Exact H:-37.84
   Fidelity  ROE       Mean      Median    CI Width LL on CI  UL on CI  mmRatio  Min Err  Max Err
40     N/A    0.064760  -35.38948  -35.63018  0.13022  -35.51970  -35.25926  0.99324  0.06132  0.06820  
80     N/A    0.035711  -36.48868  -36.61408  0.09823  -36.58691  -36.39045  0.99658  0.03312  0.03831  
120     N/A    0.024726  -36.90437  -37.03257  0.08460  -36.98897  -36.81977  0.99654  0.02249  0.02696  
160     N/A    0.020064  -37.08079  -37.23473  0.07628  -37.15706  -37.00451  0.99587  0.01805  0.02208  
200     N/A    0.015689  -37.24632  -37.37299  0.07139  -37.31771  -37.17492  0.99661  0.01380  0.01758  
240     N/A    0.015347  -37.25926  -37.39458  0.06788  -37.32714  -37.19139  0.99638  0.01355  0.01714  
280     N/A    0.012085  -37.38269  -37.50286  0.06202  -37.44471  -37.32067  0.99680  0.01045  0.01372  
320     N/A    0.011714  -37.39673  -37.53689  0.05801  -37.45473  -37.33872  0.99627  0.01018  0.01325  
360     N/A    0.009886  -37.46593  -37.57627  0.05636  -37.52228  -37.40957  0.99706  0.00840  0.01137  
400     N/A    0.008340  -37.52441  -37.60066  0.05189  -37.57630  -37.47252  0.99797  0.00697  0.00971  
440     N/A    0.007863  -37.54247  -37.64196  0.05050  -37.59297  -37.49197  0.99736  0.00653  0.00920  
480     N/A    0.006798  -37.58276  -37.67520  0.04885  -37.63161  -37.53390  0.99755  0.00551  0.00809  
520     N/A    0.006149  -37.60734  -37.67492  0.04721  -37.65455  -37.56013  0.99821  0.00490  0.00740  
560     N/A    0.005820  -37.61976  -37.68784  0.04327  -37.66303  -37.57649  0.99819  0.00468  0.00696  
600     N/A    0.005176  -37.64414  -37.68211  0.04341  -37.68755  -37.60072  0.99899  0.00403  0.00632  
640     N/A    0.005286  -37.63997  -37.67511  0.04157  -37.68154  -37.59839  0.99907  0.00419  0.00639  
680     N/A    0.004983  -37.65143  -37.69845  0.04149  -37.69292  -37.60994  0.99875  0.00389  0.00608  
720     N/A    0.004999  -37.65084  -37.68594  0.03908  -37.68991  -37.61176  0.99907  0.00397  0.00603  
760     N/A    0.003957  -37.69027  -37.71550  0.03767  -37.72794  -37.65260  0.99933  0.00296  0.00495  
800     N/A    0.004074  -37.68585  -37.71397  0.03690  -37.72275  -37.64894  0.99925  0.00310  0.00505  
840     N/A    0.003148  -37.72088  -37.73043  0.03624  -37.75712  -37.68464  0.99975  0.00219  0.00411  
880     N/A    0.004138  -37.68341  -37.71216  0.03545  -37.71887  -37.64796  0.99924  0.00320  0.00508  
920     N/A    0.003627  -37.70274  -37.73038  0.03380  -37.73654  -37.66893  0.99927  0.00273  0.00452  
960     N/A    0.003211  -37.71849  -37.74664  0.03119  -37.74968  -37.68729  0.99925  0.00239  0.00404  
1000     N/A    0.002709  -37.73750  -37.74394  0.02982  -37.76732  -37.70767  0.99983  0.00192  0.00350  
1040     N/A    0.002805  -37.73387  -37.74647  0.02850  -37.76237  -37.70537  0.99967  0.00205  0.00356  
1080     N/A    0.002396  -37.74933  -37.75404  0.02848  -37.77781  -37.72085  0.99988  0.00164  0.00315  
1120     N/A    0.002555  -37.74332  -37.76322  0.02767  -37.77098  -37.71565  0.99947  0.00182  0.00329  
1160     N/A    0.002395  -37.74938  -37.76095  0.02602  -37.77541  -37.72336  0.99969  0.00171  0.00308  
1200     N/A    0.001520  -37.78249  -37.78413  0.02474  -37.80723  -37.75774  0.99996  0.00087  0.00217  
1240     N/A    0.001950  -37.76623  -37.77075  0.02384  -37.79007  -37.74239  0.99988  0.00132  0.00258  
1280     N/A    0.001606  -37.77922  -37.78833  0.02327  -37.80248  -37.75595  0.99976  0.00099  0.00222  
1320     N/A    0.001792  -37.77218  -37.78416  0.02241  -37.79459  -37.74977  0.99968  0.00120  0.00238  
1360     N/A    0.001805  -37.77170  -37.77883  0.02168  -37.79339  -37.75002  0.99981  0.00123  0.00238  
1400     N/A    0.001637  -37.77805  -37.78000  0.02129  -37.79934  -37.75677  0.99995  0.00107  0.00220  
1440     N/A    0.001117  -37.79775  -37.80420  0.02094  -37.81869  -37.77681  0.99983  0.00056  0.00167  
1480     N/A    0.001309  -37.79047  -37.80590  0.01984  -37.81031  -37.77062  0.99959  0.00078  0.00183  
1520     N/A    0.001437  -37.78561  -37.78639  0.01987  -37.80548  -37.76573  0.99998  0.00091  0.00196  
1560     N/A    0.001099  -37.79840  -37.78880  0.01923  -37.81763  -37.77917  1.00025  0.00059  0.00161  
1600     N/A    0.001290  -37.79118  -37.79589  0.01908  -37.81027  -37.77210  0.99988  0.00079  0.00179  
1640     N/A    0.001012  -37.80169  -37.79669  0.01893  -37.82062  -37.78276  1.00013  0.00051  0.00151  
1680     N/A    0.000962  -37.80359  -37.80326  0.01876  -37.82236  -37.78483  1.00001  0.00047  0.00146  
1720     N/A    0.001215  -37.79404  -37.79762  0.01908  -37.81312  -37.77496  0.99991  0.00071  0.00172  
1760     N/A    0.001339  -37.78934  -37.78821  0.01865  -37.80798  -37.77069  1.00003  0.00085  0.00183  
1800     N/A    0.001236  -37.79323  -37.80252  0.01887  -37.81210  -37.77436  0.99975  0.00074  0.00173  
1840     N/A    0.001341  -37.78924  -37.79283  0.01834  -37.80758  -37.77090  0.99990  0.00086  0.00183  
1880     N/A    0.000828  -37.80868  -37.80659  0.01815  -37.82683  -37.79053  1.00006  0.00035  0.00131  
1920     N/A    0.001169  -37.79575  -37.80136  0.01837  -37.81412  -37.77739  0.99985  0.00068  0.00165  
1960     N/A    0.001617  -37.77881  -37.77775  0.01787  -37.79668  -37.76094  1.00003  0.00114  0.00209  
2000     N/A    0.001376  -37.78792  -37.79300  0.01841  -37.80633  -37.76951  0.99987  0.00089  0.00186  
2040     N/A    0.000947  -37.80415  -37.80590  0.01828  -37.82243  -37.78587  0.99995  0.00046  0.00143  
2080     N/A    0.001283  -37.79145  -37.79231  0.01815  -37.80959  -37.77330  0.99998  0.00080  0.00176  
2120     N/A    0.001258  -37.79238  -37.78677  0.01782  -37.81020  -37.77456  1.00015  0.00079  0.00173  
2160     N/A    0.000925  -37.80501  -37.79945  0.01794  -37.82295  -37.78707  1.00015  0.00045  0.00140  
2200     N/A    0.001090  -37.79874  -37.80466  0.01817  -37.81692  -37.78057  0.99984  0.00061  0.00157  
2240     N/A    0.000774  -37.81073  -37.80873  0.01790  -37.82863  -37.79283  1.00005  0.00030  0.00125  
2280     N/A    0.000907  -37.80567  -37.81420  0.01818  -37.82385  -37.78749  0.99977  0.00043  0.00139  
2320     N/A    0.001225  -37.79364  -37.79754  0.01804  -37.81168  -37.77560  0.99990  0.00075  0.00170  
2360     N/A    0.001228  -37.79352  -37.79224  0.01788  -37.81140  -37.77564  1.00003  0.00076  0.00170  
2400     N/A    0.000986  -37.80267  -37.79983  0.01805  -37.82072  -37.78463  1.00008  0.00051  0.00146  
2440     N/A    0.001338  -37.78939  -37.79036  0.01736  -37.80675  -37.77203  0.99997  0.00088  0.00180  
2480     N/A    0.001373  -37.78806  -37.78949  0.01746  -37.80552  -37.77061  0.99996  0.00091  0.00183  
2520     N/A    0.001343  -37.78917  -37.79007  0.01784  -37.80700  -37.77133  0.99998  0.00087  0.00181  
2560     N/A    0.001080  -37.79913  -37.79972  0.01759  -37.81672  -37.78154  0.99998  0.00062  0.00154  
2600     N/A    0.001162  -37.79602  -37.79999  0.01788  -37.81389  -37.77814  0.99989  0.00069  0.00163  
2640     N/A    0.001373  -37.78805  -37.78952  0.01745  -37.80550  -37.77060  0.99996  0.00091  0.00183  
2680     N/A    0.001059  -37.79994  -37.82417  0.01853  -37.81847  -37.78140  0.99936  0.00057  0.00155  
2720     N/A    0.000972  -37.80321  -37.80109  0.01768  -37.82089  -37.78554  1.00006  0.00051  0.00144  
2760     N/A    0.001012  -37.80170  -37.79555  0.01808  -37.81978  -37.78362  1.00016  0.00053  0.00149  
2800     N/A    0.001127  -37.79737  -37.81081  0.01809  -37.81545  -37.77928  0.99964  0.00065  0.00160  
2840     N/A    0.000673  -37.81452  -37.81489  0.01768  -37.83220  -37.79683  0.99999  0.00021  0.00114  
2880     N/A    0.000767  -37.81099  -37.81400  0.01771  -37.82870  -37.79328  0.99992  0.00030  0.00123  
2920     N/A    0.001316  -37.79019  -37.78667  0.01727  -37.80746  -37.77293  1.00009  0.00086  0.00177  
2960     N/A    0.001350  -37.78891  -37.79686  0.01744  -37.80636  -37.77147  0.99979  0.00089  0.00181  
3000     N/A    0.001117  -37.79772  -37.80236  0.01759  -37.81531  -37.78012  0.99988  0.00065  0.00158  
3040     N/A    0.001712  -37.77524  -37.77974  0.01763  -37.79286  -37.75761  0.99988  0.00125  0.00218  
3080     N/A    0.000564  -37.81865  -37.82308  0.01743  -37.83608  -37.80123  0.99988  0.00010  0.00102  
3120     N/A    0.000966  -37.80345  -37.80127  0.01753  -37.82098  -37.78593  1.00006  0.00050  0.00143  
3160     N/A    0.001108  -37.79808  -37.81421  0.01785  -37.81593  -37.78023  0.99957  0.00064  0.00158  
3200     N/A    0.001380  -37.78778  -37.78386  0.01765  -37.80543  -37.77012  1.00010  0.00091  0.00185  
3240     N/A    0.001102  -37.79829  -37.80139  0.01736  -37.81566  -37.78093  0.99992  0.00064  0.00156  
3280     N/A    0.001043  -37.80052  -37.79848  0.01772  -37.81824  -37.78280  1.00005  0.00057  0.00151  
3320     N/A    0.001119  -37.79766  -37.80393  0.01818  -37.81584  -37.77948  0.99983  0.00064  0.00160  
3360     N/A    0.001139  -37.79690  -37.80766  0.01765  -37.81455  -37.77925  0.99972  0.00067  0.00161  
3400     N/A    0.001488  -37.78371  -37.79166  0.01765  -37.80135  -37.76606  0.99979  0.00102  0.00195  
3440     N/A    0.001141  -37.79681  -37.79959  0.01761  -37.81442  -37.77921  0.99993  0.00068  0.00161  
3480     N/A    0.000928  -37.80487  -37.81643  0.01762  -37.82249  -37.78725  0.99969  0.00046  0.00139  
3520     N/A    0.001118  -37.79770  -37.80313  0.01723  -37.81493  -37.78048  0.99986  0.00066  0.00157  
3560     N/A    0.001136  -37.79700  -37.79646  0.01748  -37.81448  -37.77953  1.00001  0.00067  0.00160  
3600     N/A    0.001175  -37.79554  -37.79290  0.01830  -37.81385  -37.77724  1.00007  0.00069  0.00166  
3640     N/A    0.001482  -37.78391  -37.78593  0.01751  -37.80141  -37.76640  0.99995  0.00102  0.00195  
3680     N/A    0.001181  -37.79532  -37.79822  0.01717  -37.81249  -37.77815  0.99992  0.00073  0.00163  
3720     N/A    0.001076  -37.79927  -37.80267  0.01767  -37.81694  -37.78159  0.99991  0.00061  0.00154  
3760     N/A    0.001184  -37.79518  -37.81251  0.01744  -37.81262  -37.77774  0.99954  0.00072  0.00165  
3800     N/A    0.000813  -37.80925  -37.81452  0.01737  -37.82662  -37.79188  0.99986  0.00035  0.00127  
3840     N/A    0.001163  -37.79599  -37.79957  0.01755  -37.81354  -37.77844  0.99991  0.00070  0.00163  
3880     N/A    0.001132  -37.79718  -37.79826  0.01764  -37.81482  -37.77954  0.99997  0.00067  0.00160  
3920     N/A    0.001379  -37.78782  -37.80162  0.01762  -37.80544  -37.77019  0.99963  0.00091  0.00184  
3960     N/A    0.001194  -37.79482  -37.80323  0.01791  -37.81272  -37.77691  0.99978  0.00072  0.00167  
4000     N/A    0.001223  -37.79371  -37.79734  0.01770  -37.81141  -37.77602  0.99990  0.00076  0.00169  
4040     N/A    0.001372  -37.78810  -37.79038  0.01787  -37.80597  -37.77023  0.99994  0.00090  0.00184  
4080     N/A    0.001029  -37.80106  -37.80192  0.01730  -37.81836  -37.78376  0.99998  0.00057  0.00149  
4120     N/A    0.001010  -37.80179  -37.79775  0.01810  -37.81989  -37.78369  1.00011  0.00053  0.00149  
4160     N/A    0.000927  -37.80493  -37.80654  0.01753  -37.82247  -37.78740  0.99996  0.00046  0.00139  
4200     N/A    0.001444  -37.78535  -37.79519  0.01761  -37.80295  -37.76774  0.99974  0.00098  0.00191  
4240     N/A    0.001439  -37.78555  -37.79006  0.01779  -37.80334  -37.76776  0.99988  0.00097  0.00191  
4280     N/A    0.001275  -37.79174  -37.79297  0.01806  -37.80981  -37.77368  0.99997  0.00080  0.00175  
4320     N/A    0.001195  -37.79478  -37.79564  0.01776  -37.81254  -37.77703  0.99998  0.00073  0.00166  
4360     N/A    0.000956  -37.80381  -37.80336  0.01721  -37.82101  -37.78660  1.00001  0.00050  0.00141  
4400     N/A    0.000946  -37.80419  -37.79591  0.01772  -37.82191  -37.78647  1.00022  0.00048  0.00141  
4440     N/A    0.001310  -37.79044  -37.80621  0.01778  -37.80822  -37.77267  0.99958  0.00084  0.00178  
4480     N/A    0.001424  -37.78612  -37.80165  0.01765  -37.80378  -37.76847  0.99959  0.00096  0.00189  
4520     N/A    0.001264  -37.79216  -37.79705  0.01773  -37.80988  -37.77443  0.99987  0.00080  0.00173  
4560     N/A    0.001367  -37.78827  -37.79301  0.01741  -37.80567  -37.77086  0.99987  0.00091  0.00183  
4600     N/A    0.001058  -37.79998  -37.80687  0.01809  -37.81807  -37.78189  0.99982  0.00058  0.00154  
4640     N/A    0.001105  -37.79820  -37.80607  0.01775  -37.81595  -37.78045  0.99979  0.00064  0.00157  
4680     N/A    0.001222  -37.79377  -37.79280  0.01753  -37.81130  -37.77624  1.00003  0.00076  0.00168  
4720     N/A    0.001425  -37.78607  -37.79187  0.01802  -37.80409  -37.76806  0.99985  0.00095  0.00190  
4760     N/A    0.001353  -37.78881  -37.79555  0.01767  -37.80648  -37.77114  0.99982  0.00089  0.00182  
4800     N/A    0.001176  -37.79551  -37.80063  0.01770  -37.81321  -37.77781  0.99986  0.00071  0.00164  
4840     N/A    0.001279  -37.79159  -37.79646  0.01765  -37.80924  -37.77394  0.99987  0.00081  0.00175  
4880     N/A    0.001535  -37.78192  -37.78448  0.01785  -37.79976  -37.76407  0.99993  0.00106  0.00201  
4920     N/A    0.001184  -37.79520  -37.80711  0.01806  -37.81325  -37.77714  0.99969  0.00071  0.00166  
4960     N/A    0.001318  -37.79013  -37.79491  0.01769  -37.80781  -37.77244  0.99987  0.00085  0.00179  
5000     N/A    0.001259  -37.79236  -37.80493  0.01810  -37.81047  -37.77426  0.99967  0.00078  0.00174  
5040     N/A    0.001418  -37.78633  -37.78554  0.01803  -37.80436  -37.76829  1.00002  0.00094  0.00189  
5080     N/A    0.001177  -37.79545  -37.79767  0.01736  -37.81281  -37.77808  0.99994  0.00072  0.00164  
5120     N/A    0.001178  -37.79542  -37.79174  0.01764  -37.81307  -37.77778  1.00010  0.00071  0.00164  
5160     N/A    0.000957  -37.80379  -37.80213  0.01736  -37.82115  -37.78643  1.00004  0.00050  0.00142  
5200     N/A    0.001021  -37.80136  -37.80127  0.01826  -37.81962  -37.78311  1.00000  0.00054  0.00150  
5240     N/A    0.000940  -37.80444  -37.80282  0.01727  -37.82171  -37.78716  1.00004  0.00048  0.00140  
5280     N/A    0.001086  -37.79892  -37.79007  0.01764  -37.81655  -37.78128  1.00023  0.00062  0.00155  
5320     N/A    0.001194  -37.79483  -37.80226  0.01739  -37.81223  -37.77744  0.99980  0.00073  0.00165  
5360     N/A    0.001342  -37.78923  -37.78631  0.01779  -37.80701  -37.77144  1.00008  0.00087  0.00181  
5400     N/A    0.001093  -37.79864  -37.79607  0.01752  -37.81616  -37.78112  1.00007  0.00063  0.00156  
5440     N/A    0.001152  -37.79641  -37.79484  0.01795  -37.81436  -37.77847  1.00004  0.00068  0.00163  
5480     N/A    0.000891  -37.80628  -37.80389  0.01775  -37.82403  -37.78852  1.00006  0.00042  0.00136  
5520     N/A    0.001463  -37.78464  -37.78896  0.01812  -37.80276  -37.76652  0.99989  0.00098  0.00194  
5560     N/A    0.001153  -37.79638  -37.78884  0.01761  -37.81400  -37.77877  1.00020  0.00069  0.00162  
5600     N/A    0.001256  -37.79246  -37.79802  0.01752  -37.80998  -37.77495  0.99985  0.00079  0.00172  
5640     N/A    0.001081  -37.79911  -37.80196  0.01737  -37.81648  -37.78174  0.99992  0.00062  0.00154  
5680     N/A    0.001085  -37.79893  -37.80021  0.01810  -37.81703  -37.78083  0.99997  0.00061  0.00156  
5720     N/A    0.001306  -37.79057  -37.79220  0.01780  -37.80836  -37.77277  0.99996  0.00084  0.00178  
5760     N/A    0.001459  -37.78478  -37.78921  0.01773  -37.80251  -37.76705  0.99988  0.00099  0.00193  
5800     N/A    0.001514  -37.78272  -37.78063  0.01792  -37.80065  -37.76480  1.00006  0.00104  0.00199  
5840     N/A    0.001338  -37.78937  -37.78986  0.01772  -37.80709  -37.77164  0.99999  0.00087  0.00181  
5880     N/A    0.001132  -37.79717  -37.80516  0.01766  -37.81483  -37.77951  0.99979  0.00067  0.00160  
5920     N/A    0.001210  -37.79421  -37.80041  0.01759  -37.81180  -37.77662  0.99984  0.00075  0.00167  
5960     N/A    0.001018  -37.80148  -37.79908  0.01767  -37.81915  -37.78382  1.00006  0.00055  0.00148  
6000     N/A    0.001098  -37.79846  -37.80919  0.01805  -37.81651  -37.78042  0.99972  0.00062  0.00157  
6040     N/A    0.001287  -37.79129  -37.80560  0.01788  -37.80917  -37.77340  0.99962  0.00081  0.00176  
6080     N/A    0.001373  -37.78806  -37.78907  0.01755  -37.80561  -37.77051  0.99997  0.00091  0.00184  
6120     N/A    0.001207  -37.79433  -37.79727  0.01774  -37.81206  -37.77659  0.99992  0.00074  0.00168  
6160     N/A    0.001259  -37.79236  -37.80080  0.01838  -37.81074  -37.77397  0.99978  0.00077  0.00174  
6200     N/A    0.001168  -37.79580  -37.80109  0.01802  -37.81382  -37.77778  0.99986  0.00069  0.00164  
6240     N/A    0.001087  -37.79886  -37.80499  0.01800  -37.81686  -37.78086  0.99984  0.00061  0.00156  
6280     N/A    0.001216  -37.79397  -37.79352  0.01781  -37.81178  -37.77617  1.00001  0.00075  0.00169  
6320     N/A    0.001188  -37.79505  -37.79535  0.01779  -37.81284  -37.77727  0.99999  0.00072  0.00166  
6360     N/A    0.001181  -37.79533  -37.80181  0.01734  -37.81267  -37.77799  0.99983  0.00072  0.00164  
6400     N/A    0.001651  -37.77753  -37.78356  0.01821  -37.79573  -37.75932  0.99984  0.00117  0.00213  
6440     N/A    0.001155  -37.79631  -37.79896  0.01798  -37.81429  -37.77834  0.99993  0.00068  0.00163  
6480     N/A    0.001205  -37.79440  -37.80758  0.01790  -37.81230  -37.77651  0.99965  0.00073  0.00168  
