nh: 16
samples1: 20000
samples2: 5000
burn_in: 500
steps: 100
Exact H:-37.84
   Fidelity  ROE       Mean      Median    CI Width LL on CI  UL on CI  mmRatio  Min Err  Max Err
40     N/A    0.074211  -35.03184  -35.24767  0.13744  -35.16928  -34.89441  0.99388  0.07058  0.07784  
80     N/A    0.043869  -36.18001  -36.31199  0.10658  -36.28658  -36.07343  0.99637  0.04105  0.04669  
120     N/A    0.029959  -36.70637  -36.83555  0.09173  -36.79809  -36.61464  0.99649  0.02753  0.03238  
160     N/A    0.024428  -36.91565  -37.07727  0.08634  -37.00199  -36.82931  0.99564  0.02215  0.02671  
200     N/A    0.021500  -37.02643  -37.16048  0.07883  -37.10526  -36.94760  0.99639  0.01942  0.02358  
240     N/A    0.017468  -37.17901  -37.31760  0.07118  -37.25019  -37.10783  0.99629  0.01559  0.01935  
280     N/A    0.014807  -37.27971  -37.42570  0.06699  -37.34671  -37.21272  0.99610  0.01304  0.01658  
320     N/A    0.012124  -37.38123  -37.48150  0.06190  -37.44313  -37.31934  0.99732  0.01049  0.01376  
360     N/A    0.011235  -37.41488  -37.52228  0.05878  -37.47366  -37.35610  0.99714  0.00968  0.01279  
400     N/A    0.009529  -37.47943  -37.61607  0.05696  -37.53639  -37.42247  0.99637  0.00802  0.01103  
440     N/A    0.010169  -37.45520  -37.55925  0.05572  -37.51092  -37.39947  0.99723  0.00870  0.01164  
480     N/A    0.008849  -37.50514  -37.62386  0.05467  -37.55980  -37.45047  0.99684  0.00740  0.01029  
520     N/A    0.008792  -37.50730  -37.61789  0.05341  -37.56071  -37.45390  0.99706  0.00738  0.01020  
560     N/A    0.008431  -37.52098  -37.62380  0.05245  -37.57344  -37.46853  0.99727  0.00704  0.00982  
600     N/A    0.008021  -37.53649  -37.62815  0.05130  -37.58779  -37.48519  0.99756  0.00667  0.00938  
640     N/A    0.007228  -37.56649  -37.65128  0.04906  -37.61554  -37.51743  0.99775  0.00593  0.00852  
680     N/A    0.007395  -37.56019  -37.64513  0.05043  -37.61062  -37.50976  0.99774  0.00606  0.00873  
720     N/A    0.006692  -37.58678  -37.67147  0.04872  -37.63550  -37.53806  0.99775  0.00540  0.00798  
760     N/A    0.007029  -37.57402  -37.65361  0.04769  -37.62171  -37.52633  0.99789  0.00577  0.00829  
800     N/A    0.006792  -37.58300  -37.66937  0.04687  -37.62987  -37.53613  0.99771  0.00555  0.00803  
840     N/A    0.006268  -37.60282  -37.67323  0.04557  -37.64839  -37.55725  0.99813  0.00506  0.00747  
880     N/A    0.006757  -37.58431  -37.65651  0.04595  -37.63026  -37.53836  0.99808  0.00554  0.00797  
920     N/A    0.004733  -37.66091  -37.68661  0.04417  -37.70507  -37.61674  0.99932  0.00357  0.00590  
960     N/A    0.005708  -37.62403  -37.67761  0.04494  -37.66896  -37.57909  0.99858  0.00452  0.00690  
1000     N/A    0.005634  -37.62680  -37.67301  0.04255  -37.66935  -37.58426  0.99877  0.00451  0.00676  
1040     N/A    0.005790  -37.62091  -37.66454  0.04354  -37.66445  -37.57738  0.99884  0.00464  0.00694  
1080     N/A    0.004979  -37.65160  -37.69384  0.04138  -37.69298  -37.61022  0.99888  0.00389  0.00607  
1120     N/A    0.004720  -37.66139  -37.69925  0.04135  -37.70274  -37.62004  0.99900  0.00363  0.00581  
1160     N/A    0.004726  -37.66115  -37.71827  0.04149  -37.70264  -37.61966  0.99849  0.00363  0.00582  
1200     N/A    0.004954  -37.65253  -37.71037  0.04148  -37.69400  -37.61105  0.99847  0.00386  0.00605  
1240     N/A    0.005662  -37.62576  -37.68860  0.04059  -37.66634  -37.58517  0.99833  0.00459  0.00673  
1280     N/A    0.004749  -37.66029  -37.71556  0.03987  -37.70016  -37.62042  0.99853  0.00370  0.00580  
1320     N/A    0.004100  -37.68485  -37.71171  0.03903  -37.72388  -37.64582  0.99929  0.00307  0.00513  
1360     N/A    0.004757  -37.65999  -37.69957  0.03903  -37.69903  -37.62096  0.99895  0.00373  0.00579  
1400     N/A    0.004313  -37.67681  -37.71910  0.03841  -37.71522  -37.63840  0.99888  0.00330  0.00533  
1440     N/A    0.004722  -37.66133  -37.69965  0.03789  -37.69922  -37.62345  0.99898  0.00372  0.00572  
1480     N/A    0.004029  -37.68755  -37.69171  0.03822  -37.72578  -37.64933  0.99989  0.00302  0.00504  
1520     N/A    0.004423  -37.67264  -37.70151  0.03830  -37.71094  -37.63434  0.99923  0.00341  0.00544  
1560     N/A    0.004522  -37.66890  -37.71825  0.03782  -37.70672  -37.63108  0.99869  0.00352  0.00552  
1600     N/A    0.003667  -37.70125  -37.73377  0.03592  -37.73718  -37.66533  0.99914  0.00272  0.00462  
1640     N/A    0.004121  -37.68405  -37.71948  0.03664  -37.72070  -37.64741  0.99906  0.00315  0.00509  
1680     N/A    0.003669  -37.70115  -37.72758  0.03555  -37.73670  -37.66560  0.99930  0.00273  0.00461  
1720     N/A    0.004081  -37.68559  -37.71108  0.03481  -37.72041  -37.65078  0.99932  0.00316  0.00500  
1760     N/A    0.003609  -37.70345  -37.72301  0.03461  -37.73806  -37.66884  0.99948  0.00269  0.00452  
1800     N/A    0.003763  -37.69759  -37.72268  0.03450  -37.73210  -37.66309  0.99933  0.00285  0.00468  
1840     N/A    0.003152  -37.72074  -37.74979  0.03397  -37.75471  -37.68677  0.99923  0.00225  0.00405  
1880     N/A    0.003111  -37.72228  -37.74108  0.03225  -37.75453  -37.69003  0.99950  0.00226  0.00396  
1920     N/A    0.002682  -37.73853  -37.77208  0.03268  -37.77121  -37.70585  0.99911  0.00182  0.00355  
1960     N/A    0.002406  -37.74897  -37.74893  0.03228  -37.78125  -37.71669  1.00000  0.00155  0.00326  
2000     N/A    0.003041  -37.72492  -37.75072  0.03112  -37.75605  -37.69380  0.99932  0.00222  0.00386  
2040     N/A    0.002964  -37.72784  -37.74409  0.03104  -37.75887  -37.69680  0.99957  0.00214  0.00378  
2080     N/A    0.002407  -37.74890  -37.76653  0.03080  -37.77971  -37.71810  0.99953  0.00159  0.00322  
2120     N/A    0.002905  -37.73009  -37.75642  0.02935  -37.75944  -37.70074  0.99930  0.00213  0.00368  
2160     N/A    0.002808  -37.73375  -37.75804  0.02951  -37.76326  -37.70424  0.99936  0.00203  0.00359  
2200     N/A    0.002315  -37.75242  -37.76310  0.02803  -37.78044  -37.72439  0.99972  0.00157  0.00306  
2240     N/A    0.002305  -37.75278  -37.78443  0.02759  -37.78037  -37.72519  0.99916  0.00158  0.00303  
2280     N/A    0.002016  -37.76371  -37.77637  0.02723  -37.79094  -37.73649  0.99966  0.00130  0.00274  
2320     N/A    0.001982  -37.76501  -37.78380  0.02697  -37.79199  -37.73804  0.99950  0.00127  0.00269  
2360     N/A    0.002319  -37.75224  -37.76432  0.02674  -37.77898  -37.72550  0.99968  0.00161  0.00303  
2400     N/A    0.002462  -37.74684  -37.77402  0.02626  -37.77310  -37.72058  0.99928  0.00177  0.00316  
2440     N/A    0.002358  -37.75076  -37.76501  0.02498  -37.77574  -37.72578  0.99962  0.00170  0.00302  
2480     N/A    0.001733  -37.77443  -37.77628  0.02495  -37.79939  -37.74948  0.99995  0.00107  0.00239  
2520     N/A    0.001468  -37.78444  -37.79853  0.02480  -37.80925  -37.75964  0.99963  0.00081  0.00212  
2560     N/A    0.002240  -37.75522  -37.77479  0.02503  -37.78025  -37.73019  0.99948  0.00158  0.00290  
2600     N/A    0.002288  -37.75341  -37.78106  0.02409  -37.77750  -37.72932  0.99927  0.00165  0.00293  
2640     N/A    0.002132  -37.75932  -37.76781  0.02347  -37.78279  -37.73585  0.99978  0.00151  0.00275  
2680     N/A    0.001548  -37.78141  -37.78802  0.02306  -37.80448  -37.75835  0.99983  0.00094  0.00216  
2720     N/A    0.001807  -37.77160  -37.79311  0.02314  -37.79475  -37.74846  0.99943  0.00120  0.00242  
2760     N/A    0.001836  -37.77053  -37.78596  0.02247  -37.79300  -37.74806  0.99959  0.00124  0.00243  
2800     N/A    0.001657  -37.77731  -37.78691  0.02283  -37.80014  -37.75448  0.99975  0.00105  0.00226  
2840     N/A    0.001306  -37.79060  -37.79067  0.02230  -37.81290  -37.76830  1.00000  0.00072  0.00189  
2880     N/A    0.001746  -37.77393  -37.78718  0.02177  -37.79570  -37.75216  0.99965  0.00117  0.00232  
2920     N/A    0.001322  -37.78998  -37.78879  0.02258  -37.81256  -37.76740  1.00003  0.00073  0.00192  
2960     N/A    0.001847  -37.77010  -37.79674  0.02266  -37.79276  -37.74744  0.99930  0.00125  0.00245  
3000     N/A    0.002025  -37.76336  -37.78066  0.02205  -37.78540  -37.74131  0.99954  0.00144  0.00261  
3040     N/A    0.001966  -37.76561  -37.78211  0.02133  -37.78693  -37.74428  0.99956  0.00140  0.00253  
3080     N/A    0.001785  -37.77246  -37.78718  0.02170  -37.79417  -37.75076  0.99961  0.00121  0.00236  
3120     N/A    0.001467  -37.78448  -37.79577  0.02136  -37.80584  -37.76313  0.99970  0.00090  0.00203  
3160     N/A    0.001732  -37.77446  -37.77151  0.02145  -37.79591  -37.75301  1.00008  0.00117  0.00230  
3200     N/A    0.001731  -37.77448  -37.79154  0.02133  -37.79581  -37.75315  0.99955  0.00117  0.00230  
3240     N/A    0.001593  -37.77970  -37.80205  0.02163  -37.80133  -37.75808  0.99941  0.00102  0.00216  
3280     N/A    0.001235  -37.79326  -37.80640  0.02110  -37.81436  -37.77216  0.99965  0.00068  0.00179  
3320     N/A    0.001500  -37.78324  -37.78991  0.02118  -37.80441  -37.76206  0.99982  0.00094  0.00206  
3360     N/A    0.001771  -37.77300  -37.78532  0.02126  -37.79426  -37.75174  0.99967  0.00121  0.00233  
3400     N/A    0.001724  -37.77476  -37.78428  0.02051  -37.79527  -37.75425  0.99975  0.00118  0.00227  
3440     N/A    0.001551  -37.78132  -37.78273  0.02059  -37.80192  -37.76073  0.99996  0.00101  0.00209  
3480     N/A    0.001788  -37.77233  -37.79791  0.02083  -37.79315  -37.75150  0.99932  0.00124  0.00234  
3520     N/A    0.001260  -37.79233  -37.80215  0.02146  -37.81379  -37.77087  0.99974  0.00069  0.00183  
3560     N/A    0.001330  -37.78967  -37.80527  0.02077  -37.81044  -37.76890  0.99959  0.00078  0.00188  
3600     N/A    0.001254  -37.79255  -37.80922  0.02038  -37.81293  -37.77217  0.99956  0.00072  0.00179  
3640     N/A    0.001551  -37.78130  -37.79718  0.02091  -37.80221  -37.76039  0.99958  0.00100  0.00210  
3680     N/A    0.001275  -37.79174  -37.79429  0.02089  -37.81262  -37.77085  0.99993  0.00072  0.00183  
3720     N/A    0.001377  -37.78789  -37.79778  0.02118  -37.80907  -37.76672  0.99974  0.00082  0.00194  
3760     N/A    0.001728  -37.77459  -37.77798  0.02037  -37.79496  -37.75423  0.99991  0.00119  0.00227  
3800     N/A    0.001698  -37.77574  -37.78275  0.02078  -37.79652  -37.75495  0.99981  0.00115  0.00225  
3840     N/A    0.001569  -37.78062  -37.79746  0.02090  -37.80152  -37.75972  0.99955  0.00102  0.00212  
3880     N/A    0.000969  -37.80335  -37.80707  0.02097  -37.82432  -37.78238  0.99990  0.00041  0.00152  
3920     N/A    0.001224  -37.79370  -37.80889  0.02083  -37.81453  -37.77287  0.99960  0.00067  0.00177  
3960     N/A    0.001656  -37.77732  -37.79488  0.02084  -37.79817  -37.75648  0.99954  0.00111  0.00221  
4000     N/A    0.001528  -37.78219  -37.78814  0.02114  -37.80334  -37.76105  0.99984  0.00097  0.00209  
4040     N/A    0.001498  -37.78331  -37.79665  0.02048  -37.80379  -37.76284  0.99965  0.00096  0.00204  
4080     N/A    0.001602  -37.77937  -37.79011  0.02097  -37.80034  -37.75840  0.99972  0.00105  0.00216  
4120     N/A    0.001103  -37.79828  -37.80122  0.02073  -37.81901  -37.77755  0.99992  0.00055  0.00165  
4160     N/A    0.001560  -37.78098  -37.78019  0.02122  -37.80220  -37.75976  1.00002  0.00100  0.00212  
4200     N/A    0.001435  -37.78569  -37.79810  0.02037  -37.80606  -37.76532  0.99967  0.00090  0.00197  
4240     N/A    0.001316  -37.79022  -37.78642  0.02028  -37.81050  -37.76994  1.00010  0.00078  0.00185  
4280     N/A    0.001679  -37.77647  -37.78556  0.02067  -37.79714  -37.75579  0.99976  0.00113  0.00223  
4320     N/A    0.001418  -37.78633  -37.78311  0.01998  -37.80631  -37.76635  1.00009  0.00089  0.00195  
4360     N/A    0.001311  -37.79041  -37.80195  0.02060  -37.81100  -37.76981  0.99969  0.00077  0.00185  
4400     N/A    0.001557  -37.78110  -37.78298  0.02022  -37.80132  -37.76088  0.99995  0.00102  0.00209  
4440     N/A    0.001373  -37.78805  -37.78830  0.02103  -37.80908  -37.76702  0.99999  0.00082  0.00193  
4480     N/A    0.001173  -37.79563  -37.79162  0.02075  -37.81639  -37.77488  1.00011  0.00062  0.00172  
4520     N/A    0.001472  -37.78430  -37.79081  0.02098  -37.80528  -37.76331  0.99983  0.00092  0.00203  
4560     N/A    0.001917  -37.76747  -37.78127  0.02047  -37.78794  -37.74700  0.99963  0.00138  0.00246  
4600     N/A    0.001429  -37.78593  -37.78008  0.02039  -37.80631  -37.76554  1.00015  0.00089  0.00197  
4640     N/A    0.001469  -37.78440  -37.78921  0.02060  -37.80500  -37.76380  0.99987  0.00092  0.00201  
4680     N/A    0.001561  -37.78095  -37.79218  0.02097  -37.80192  -37.75997  0.99970  0.00101  0.00211  
4720     N/A    0.001513  -37.78273  -37.78927  0.02043  -37.80316  -37.76230  0.99983  0.00097  0.00205  
4760     N/A    0.001578  -37.78027  -37.78236  0.02069  -37.80096  -37.75959  0.99994  0.00103  0.00213  
4800     N/A    0.001389  -37.78742  -37.79288  0.02118  -37.80860  -37.76624  0.99986  0.00083  0.00195  
4840     N/A    0.001205  -37.79442  -37.80914  0.02090  -37.81532  -37.77352  0.99961  0.00065  0.00176  
4880     N/A    0.001398  -37.78712  -37.77522  0.01996  -37.80708  -37.76716  1.00031  0.00087  0.00193  
4920     N/A    0.001426  -37.78606  -37.80701  0.02113  -37.80719  -37.76493  0.99945  0.00087  0.00198  
4960     N/A    0.001038  -37.80070  -37.80426  0.02095  -37.82165  -37.77976  0.99991  0.00048  0.00159  
5000     N/A    0.001376  -37.78795  -37.79121  0.02035  -37.80830  -37.76760  0.99991  0.00084  0.00191  
5040     N/A    0.001475  -37.78419  -37.78985  0.02045  -37.80464  -37.76374  0.99985  0.00093  0.00202  
5080     N/A    0.001869  -37.76926  -37.78660  0.02128  -37.79054  -37.74798  0.99954  0.00131  0.00243  
5120     N/A    0.001451  -37.78508  -37.79413  0.02089  -37.80598  -37.76419  0.99976  0.00090  0.00200  
5160     N/A    0.001242  -37.79300  -37.80170  0.02085  -37.81385  -37.77215  0.99977  0.00069  0.00179  
5200     N/A    0.001375  -37.78798  -37.79068  0.02038  -37.80836  -37.76760  0.99993  0.00084  0.00191  
5240     N/A    0.001592  -37.77976  -37.79377  0.02070  -37.80046  -37.75905  0.99963  0.00104  0.00214  
5280     N/A    0.001607  -37.77919  -37.78513  0.02102  -37.80021  -37.75817  0.99984  0.00105  0.00216  
5320     N/A    0.001501  -37.78320  -37.78103  0.02037  -37.80357  -37.76283  1.00006  0.00096  0.00204  
5360     N/A    0.001374  -37.78799  -37.77806  0.02027  -37.80826  -37.76772  1.00026  0.00084  0.00191  
5400     N/A    0.001954  -37.76605  -37.77697  0.02024  -37.78629  -37.74580  0.99971  0.00142  0.00249  
5440     N/A    0.001628  -37.77840  -37.78207  0.01996  -37.79837  -37.75844  0.99990  0.00110  0.00216  
5480     N/A    0.001043  -37.80053  -37.80531  0.02029  -37.82082  -37.78024  0.99987  0.00051  0.00158  
5520     N/A    0.001627  -37.77843  -37.78867  0.02081  -37.79924  -37.75762  0.99973  0.00108  0.00218  
5560     N/A    0.001714  -37.77514  -37.77728  0.02117  -37.79632  -37.75397  0.99994  0.00115  0.00227  
5600     N/A    0.001811  -37.77149  -37.76822  0.02084  -37.79233  -37.75065  1.00009  0.00126  0.00236  
5640     N/A    0.001337  -37.78940  -37.79006  0.02032  -37.80972  -37.76908  0.99998  0.00080  0.00187  
5680     N/A    0.001602  -37.77938  -37.78049  0.02049  -37.79987  -37.75889  0.99997  0.00106  0.00214  
5720     N/A    0.001315  -37.79023  -37.78367  0.02028  -37.81051  -37.76994  1.00017  0.00078  0.00185  
5760     N/A    0.001522  -37.78239  -37.78667  0.02137  -37.80376  -37.76102  0.99989  0.00096  0.00209  
5800     N/A    0.001422  -37.78621  -37.79028  0.02058  -37.80679  -37.76563  0.99989  0.00088  0.00197  
5840     N/A    0.001492  -37.78353  -37.79514  0.02048  -37.80400  -37.76305  0.99969  0.00095  0.00203  
5880     N/A    0.001789  -37.77232  -37.77747  0.02153  -37.79384  -37.75079  0.99986  0.00122  0.00236  
5920     N/A    0.001595  -37.77964  -37.77480  0.02096  -37.80060  -37.75869  1.00013  0.00104  0.00215  
5960     N/A    0.001316  -37.79021  -37.79737  0.02085  -37.81105  -37.76936  0.99981  0.00076  0.00187  
6000     N/A    0.001435  -37.78570  -37.79589  0.02046  -37.80616  -37.76524  0.99973  0.00089  0.00198  
6040     N/A    0.001303  -37.79068  -37.79764  0.02068  -37.81136  -37.77001  0.99982  0.00076  0.00185  
6080     N/A    0.001553  -37.78122  -37.78659  0.02024  -37.80146  -37.76098  0.99986  0.00102  0.00209  
6120     N/A    0.001318  -37.79014  -37.79577  0.02101  -37.81116  -37.76913  0.99985  0.00076  0.00187  
6160     N/A    0.001525  -37.78228  -37.78624  0.02028  -37.80256  -37.76200  0.99990  0.00099  0.00206  
6200     N/A    0.001634  -37.77816  -37.79202  0.02121  -37.79937  -37.75695  0.99963  0.00107  0.00219  
6240     N/A    0.001630  -37.77832  -37.78951  0.02067  -37.79898  -37.75765  0.99970  0.00108  0.00218  
6280     N/A    0.001314  -37.79029  -37.79781  0.02086  -37.81115  -37.76942  0.99980  0.00076  0.00187  
6320     N/A    0.001623  -37.77859  -37.78699  0.02070  -37.79929  -37.75789  0.99978  0.00108  0.00217  
6360     N/A    0.001489  -37.78367  -37.79245  0.02062  -37.80430  -37.76305  0.99977  0.00094  0.00203  
6400     N/A    0.001773  -37.77289  -37.78121  0.02037  -37.79327  -37.75252  0.99978  0.00124  0.00231  
6440     N/A    0.001648  -37.77764  -37.78405  0.02071  -37.79835  -37.75693  0.99983  0.00110  0.00220  
6480     N/A    0.001335  -37.78950  -37.79718  0.02035  -37.80985  -37.76915  0.99980  0.00080  0.00187  
6520     N/A    0.001621  -37.77864  -37.78472  0.02080  -37.79944  -37.75784  0.99984  0.00107  0.00217  
6560     N/A    0.001590  -37.77984  -37.78650  0.02062  -37.80046  -37.75922  0.99982  0.00104  0.00213  
6600     N/A    0.001496  -37.78338  -37.78464  0.02064  -37.80402  -37.76275  0.99997  0.00095  0.00204  
6640     N/A    0.001455  -37.78493  -37.78783  0.02016  -37.80509  -37.76477  0.99992  0.00092  0.00199  
6680     N/A    0.001298  -37.79087  -37.79093  0.02092  -37.81179  -37.76995  1.00000  0.00075  0.00185  
6720     N/A    0.001673  -37.77670  -37.77561  0.02111  -37.79781  -37.75559  1.00003  0.00111  0.00223  
6760     N/A    0.001837  -37.77047  -37.77577  0.02085  -37.79132  -37.74962  0.99986  0.00129  0.00239  
6800     N/A    0.001216  -37.79398  -37.80208  0.02049  -37.81447  -37.77349  0.99979  0.00067  0.00176  
6840     N/A    0.001097  -37.79849  -37.78875  0.02116  -37.81966  -37.77733  1.00026  0.00054  0.00166  
6880     N/A    0.001414  -37.78651  -37.78606  0.02065  -37.80716  -37.76586  1.00001  0.00087  0.00196  
6920     N/A    0.001370  -37.78815  -37.79820  0.02075  -37.80890  -37.76741  0.99973  0.00082  0.00192  
6960     N/A    0.001569  -37.78063  -37.77159  0.02075  -37.80139  -37.75988  1.00024  0.00102  0.00212  
7000     N/A    0.001668  -37.77687  -37.78549  0.02046  -37.79733  -37.75641  0.99977  0.00113  0.00221  
7040     N/A    0.001795  -37.77208  -37.78347  0.02147  -37.79355  -37.75061  0.99970  0.00123  0.00236  
7080     N/A    0.001458  -37.78484  -37.80264  0.02099  -37.80583  -37.76385  0.99953  0.00090  0.00201  
7120     N/A    0.001635  -37.77812  -37.78622  0.02078  -37.79891  -37.75734  0.99979  0.00109  0.00218  
7160     N/A    0.001345  -37.78910  -37.79158  0.02043  -37.80952  -37.76867  0.99993  0.00081  0.00189  
7200     N/A    0.001622  -37.77863  -37.77650  0.02016  -37.79879  -37.75846  1.00006  0.00109  0.00215  
7240     N/A    0.001277  -37.79167  -37.79839  0.02074  -37.81241  -37.77093  0.99982  0.00073  0.00183  
7280     N/A    0.001624  -37.77855  -37.78188  0.02040  -37.79895  -37.75815  0.99991  0.00108  0.00216  
7320     N/A    0.001593  -37.77971  -37.77029  0.02043  -37.80014  -37.75928  1.00025  0.00105  0.00213  
7360     N/A    0.001525  -37.78231  -37.79170  0.02094  -37.80326  -37.76137  0.99975  0.00097  0.00208  
7400     N/A    0.001787  -37.77240  -37.78275  0.02103  -37.79343  -37.75136  0.99973  0.00123  0.00234  
7440     N/A    0.001526  -37.78226  -37.79153  0.02115  -37.80341  -37.76112  0.99975  0.00097  0.00208  
7480     N/A    0.001671  -37.77678  -37.78449  0.02063  -37.79741  -37.75616  0.99980  0.00113  0.00222  
7520     N/A    0.001567  -37.78072  -37.77626  0.02078  -37.80150  -37.75993  1.00012  0.00102  0.00212  
7560     N/A    0.001474  -37.78424  -37.78129  0.02065  -37.80489  -37.76359  1.00008  0.00093  0.00202  
7600     N/A    0.001725  -37.77471  -37.76492  0.02105  -37.79576  -37.75366  1.00026  0.00117  0.00228  
