nh: 15
samples1: 100000
samples2: 5000
burn_in: 500
steps: 100
Exact H:-37.84
   Fidelity  ROE       Mean      Median    CI Width LL on CI  UL on CI  mmRatio  Min Err  Max Err
20     N/A    0.034421  -36.53750  -36.66663  0.09744  -36.63494  -36.44006  0.99648  0.03185  0.03700  
40     N/A    0.017650  -37.17212  -37.29126  0.07270  -37.24482  -37.09943  0.99681  0.01573  0.01957  
60     N/A    0.012331  -37.37340  -37.50787  0.06197  -37.43537  -37.31144  0.99641  0.01069  0.01397  
80     N/A    0.008189  -37.53012  -37.62688  0.05345  -37.58356  -37.47667  0.99743  0.00678  0.00960  
100     N/A    0.006746  -37.58473  -37.66779  0.04603  -37.63076  -37.53870  0.99779  0.00553  0.00796  
120     N/A    0.005604  -37.62793  -37.71166  0.04498  -37.67290  -37.58295  0.99778  0.00442  0.00679  
140     N/A    0.004861  -37.65607  -37.72795  0.04114  -37.69721  -37.61494  0.99809  0.00377  0.00595  
160     N/A    0.004217  -37.68041  -37.74603  0.03970  -37.72011  -37.64071  0.99826  0.00317  0.00527  
180     N/A    0.004201  -37.68104  -37.72385  0.03841  -37.71945  -37.64263  0.99887  0.00319  0.00522  
200     N/A    0.004192  -37.68137  -37.74293  0.03762  -37.71899  -37.64374  0.99837  0.00320  0.00519  
220     N/A    0.003560  -37.70531  -37.76109  0.03682  -37.74213  -37.66848  0.99852  0.00259  0.00453  
240     N/A    0.003540  -37.70604  -37.71442  0.03501  -37.74105  -37.67103  0.99978  0.00262  0.00447  
260     N/A    0.002549  -37.74354  -37.75330  0.03523  -37.77878  -37.70831  0.99974  0.00162  0.00348  
280     N/A    0.003683  -37.70063  -37.73606  0.03381  -37.73444  -37.66682  0.99906  0.00279  0.00458  
300     N/A    0.003768  -37.69743  -37.73951  0.03363  -37.73106  -37.66379  0.99888  0.00288  0.00466  
320     N/A    0.004147  -37.68308  -37.74243  0.03415  -37.71723  -37.64893  0.99843  0.00324  0.00505  
340     N/A    0.003489  -37.70796  -37.74562  0.03377  -37.74173  -37.67419  0.99900  0.00260  0.00438  
360     N/A    0.003731  -37.69884  -37.74010  0.03315  -37.73198  -37.66569  0.99891  0.00285  0.00461  
380     N/A    0.003620  -37.70300  -37.75507  0.03124  -37.73424  -37.67177  0.99862  0.00279  0.00445  
400     N/A    0.003332  -37.71392  -37.74470  0.03230  -37.74622  -37.68163  0.99918  0.00248  0.00419  
420     N/A    0.002592  -37.74192  -37.76959  0.03220  -37.77411  -37.70972  0.99927  0.00174  0.00344  
440     N/A    0.002595  -37.74181  -37.77864  0.03065  -37.77246  -37.71116  0.99903  0.00178  0.00340  
460     N/A    0.002177  -37.75762  -37.78188  0.02914  -37.78676  -37.72849  0.99936  0.00141  0.00295  
480     N/A    0.002508  -37.74510  -37.78325  0.02829  -37.77340  -37.71681  0.99899  0.00176  0.00326  
500     N/A    0.001888  -37.76855  -37.78779  0.02893  -37.79748  -37.73962  0.99949  0.00112  0.00265  
520     N/A    0.002273  -37.75399  -37.79465  0.02875  -37.78274  -37.72524  0.99892  0.00151  0.00303  
540     N/A    0.002530  -37.74428  -37.76661  0.02712  -37.77140  -37.71716  0.99941  0.00181  0.00325  
560     N/A    0.002471  -37.74651  -37.77968  0.02743  -37.77394  -37.71908  0.99912  0.00175  0.00320  
580     N/A    0.002396  -37.74935  -37.78643  0.02656  -37.77591  -37.72280  0.99902  0.00169  0.00310  
600     N/A    0.002597  -37.74172  -37.77760  0.02627  -37.76799  -37.71545  0.99905  0.00190  0.00329  
620     N/A    0.001881  -37.76884  -37.78924  0.02593  -37.79477  -37.74290  0.99946  0.00120  0.00257  
