samples: 3000
burn_in: 10
steps: 1000

0.82  0.013437  12.968  
0.936  0.004281  26.085  
0.97  0.003268  39.387  
0.982  0.003206  52.613  
0.986  0.001597  65.864  
0.988  0.00117  79.033  
0.988  0.002056  92.298  
0.99  0.00263  105.443  
0.991  0.001043  118.448  
0.99  0.000567  131.616  
0.991  0.001356  144.743  
0.992  0.002013  157.886  
0.991  0.002213  171.262  
0.991  0.000788  184.366  
0.991  0.002432  197.482  
0.99  0.001671  210.623  
0.991  0.001531  223.622  
0.991  0.001504  236.751  
0.991  0.00166  249.858  
0.99  0.00156  262.988  
