samples: 1500
burn_in: 1000
steps: 100

0.811  0.007276  11.588  
0.936  0.002809  23.073  
0.973  0.001879  34.692  
0.983  0.000791  46.354  
0.989  0.001044  58.205  
0.992  0.001164  70.063  
0.992  0.001906  81.905  
0.992  0.001758  93.714  
0.991  0.00257  105.531  
0.991  0.00336  117.366  
0.992  0.001784  129.323  
0.992  0.002006  141.125  
0.992  0.003534  152.779  
0.991  0.002591  164.598  
0.99  0.001939  176.405  
0.992  0.003181  188.193  
0.993  0.001826  199.412  
0.993  0.001618  210.702  
0.993  0.002005  222.009  
0.992  0.001165  233.549  
0.993  0.002439  245.345  
0.992  0.002696  257.047  
