samples: 3000
burn_in: 100
steps: 10

0.859  0.005721  13.381  
0.946  0.004066  26.641  
0.974  0.001485  40.201  
0.983  0.002285  53.864  
0.987  0.002539  67.368  
0.989  0.001809  80.822  
0.991  0.001488  94.294  
0.99  0.001248  107.721  
0.991  0.000504  121.138  
0.991  0.001871  134.643  
0.992  0.002217  148.083  
0.991  0.001736  161.343  
0.992  0.000526  174.868  
0.991  0.001513  188.428  
0.991  0.002045  201.822  
0.992  0.002527  215.273  
0.991  0.001225  228.703  
0.99  0.000846  242.112  
0.99  0.001664  255.515  
