0.2933991130 0.0000000000
0.1483565769 0.0000000000
0.0931880676 0.0000000000
0.1142680886 0.0000000000
0.0863846353 0.0000000000
0.0507404991 0.0000000000
0.0629428357 0.0000000000
0.0994102187 0.0000000000
0.0843968989 0.0000000000
0.0446689785 0.0000000000
0.0305709929 0.0000000000
0.0415526517 0.0000000000
0.0547392055 0.0000000000
0.0365391020 0.0000000000
0.0526732454 0.0000000000
0.0924849099 0.0000000000
0.0837369046 0.0000000000
0.0431817037 0.0000000000
0.0277419453 0.0000000000
0.0354975690 0.0000000000
0.0276804191 0.0000000000
0.0172428918 0.0000000000
0.0226424796 0.0000000000
0.0379328739 0.0000000000
0.0521805278 0.0000000000
0.0292375633 0.0000000000
0.0214331194 0.0000000000
0.0319127870 0.0000000000
0.0443635859 0.0000000000
0.0321330274 0.0000000000
0.0488307390 0.0000000000
0.0904189499 0.0000000000
0.0837369046 0.0000000000
0.0427915393 0.0000000000
0.0271223059 0.0000000000
0.0339957234 0.0000000000
0.0255915202 0.0000000000
0.0154500371 0.0000000000
0.0196144199 0.0000000000
0.0319089438 0.0000000000
0.0268787732 0.0000000000
0.0146479186 0.0000000000
0.0103405594 0.0000000000
0.0147616290 0.0000000000
0.0195000104 0.0000000000
0.0136807232 0.0000000000
0.0202939690 0.0000000000
0.0369088865 0.0000000000
0.0515352767 0.0000000000
0.0273786809 0.0000000000
0.0180737005 0.0000000000
0.0244370564 0.0000000000
0.0191186404 0.0000000000
0.0126898599 0.0000000000
0.0174814473 0.0000000000
0.0308585063 0.0000000000
0.0418956383 0.0000000000
0.0245971450 0.0000000000
0.0188103862 0.0000000000
0.0296928854 0.0000000000
0.0408885879 0.0000000000
0.0311664579 0.0000000000
0.0484857141 0.0000000000
0.0924849099 0.0000000000
0.0843968989 0.0000000000
0.0429609073 0.0000000000
0.0271129566 0.0000000000
0.0336964779 0.0000000000
0.0253004128 0.0000000000
0.0150972712 0.0000000000
0.0189560213 0.0000000000
0.0304645982 0.0000000000
0.0251629975 0.0000000000
0.0135228555 0.0000000000
0.0093912216 0.0000000000
0.0131009044 0.0000000000
0.0171662082 0.0000000000
0.0117751462 0.0000000000
0.0172230284 0.0000000000
0.0308585063 0.0000000000
0.0268787732 0.0000000000
0.0140964436 0.0000000000
0.0091835663 0.0000000000
0.0121274921 0.0000000000
0.0094035297 0.0000000000
0.0060762911 0.0000000000
0.0081916052 0.0000000000
0.0141677587 0.0000000000
0.0187190182 0.0000000000
0.0108152836 0.0000000000
0.0081386143 0.0000000000
0.0126062667 0.0000000000
0.0172840794 0.0000000000
0.0129836995 0.0000000000
0.0200385371 0.0000000000
0.0379328739 0.0000000000
0.0521805278 0.0000000000
0.0271482676 0.0000000000
0.0174384668 0.0000000000
0.0226178027 0.0000000000
0.0168005809 0.0000000000
0.0105517512 0.0000000000
0.0137937835 0.0000000000
0.0233090648 0.0000000000
0.0187190182 0.0000000000
0.0105755093 0.0000000000
0.0077158639 0.0000000000
0.0115998521 0.0000000000
0.0151951805 0.0000000000
0.0111962505 0.0000000000
0.0170104774 0.0000000000
0.0319089438 0.0000000000
0.0418956383 0.0000000000
0.0228890739 0.0000000000
0.0154415434 0.0000000000
0.0218367117 0.0000000000
0.0169274319 0.0000000000
0.0117730251 0.0000000000
0.0166982675 0.0000000000
0.0304645982 0.0000000000
0.0391034889 0.0000000000
0.0237480607 0.0000000000
0.0186315574 0.0000000000
0.0304959919 0.0000000000
0.0413267317 0.0000000000
0.0325267230 0.0000000000
0.0512096336 0.0000000000
0.0994102187 0.0000000000
0.0863846353 0.0000000000
0.0438878446 0.0000000000
0.0276497263 0.0000000000
0.0342239787 0.0000000000
0.0257157451 0.0000000000
0.0152658845 0.0000000000
0.0190824275 0.0000000000
0.0304959919 0.0000000000
0.0253004128 0.0000000000
0.0135212356 0.0000000000
0.0093340570 0.0000000000
0.0128980862 0.0000000000
0.0168959577 0.0000000000
0.0114759157 0.0000000000
0.0166896004 0.0000000000
0.0296928854 0.0000000000
0.0255915202 0.0000000000
0.0133261804 0.0000000000
0.0086253789 0.0000000000
0.0112396244 0.0000000000
0.0087128429 0.0000000000
0.0055426432 0.0000000000
0.0073844175 0.0000000000
0.0126062667 0.0000000000
0.0168005809 0.0000000000
0.0095859166 0.0000000000
0.0071323415 0.0000000000
0.0108760318 0.0000000000
0.0149567778 0.0000000000
0.0110807850 0.0000000000
0.0169936698 0.0000000000
0.0319127870 0.0000000000
0.0276804191 0.0000000000
0.0143030798 0.0000000000
0.0091358229 0.0000000000
0.0116959307 0.0000000000
0.0087128429 0.0000000000
0.0053890625 0.0000000000
0.0069616670 0.0000000000
0.0115998521 0.0000000000
0.0094035297 0.0000000000
0.0052402337 0.0000000000
0.0037728354 0.0000000000
0.0055655430 0.0000000000
0.0072882156 0.0000000000
0.0052790626 0.0000000000
0.0079495078 0.0000000000
0.0147616290 0.0000000000
0.0191186404 0.0000000000
0.0103589124 0.0000000000
0.0069391212 0.0000000000
0.0096864134 0.0000000000
0.0075060385 0.0000000000
0.0051521682 0.0000000000
0.0072432079 0.0000000000
0.0131009044 0.0000000000
0.0169274319 0.0000000000
0.0101969895 0.0000000000
0.0079458255 0.0000000000
0.0128980862 0.0000000000
0.0175001684 0.0000000000
0.0136821367 0.0000000000
0.0214772729 0.0000000000
0.0415526517 0.0000000000
0.0547392055 0.0000000000
0.0282004706 0.0000000000
0.0179367835 0.0000000000
0.0228094421 0.0000000000
0.0168959577 0.0000000000
0.0103463272 0.0000000000
0.0132315641 0.0000000000
0.0218367117 0.0000000000
0.0171662082 0.0000000000
0.0094441986 0.0000000000
0.0066953683 0.0000000000
0.0096864134 0.0000000000
0.0125574093 0.0000000000
0.0089340039 0.0000000000
0.0133018058 0.0000000000
0.0244370564 0.0000000000
0.0195000104 0.0000000000
0.0104560336 0.0000000000
0.0069269643 0.0000000000
0.0094996232 0.0000000000
0.0072882156 0.0000000000
0.0049069821 0.0000000000
0.0067925148 0.0000000000
0.0121274921 0.0000000000
0.0151951805 0.0000000000
0.0090669881 0.0000000000
0.0069944905 0.0000000000
0.0112396244 0.0000000000
0.0151630389 0.0000000000
0.0117746533 0.0000000000
0.0184038642 0.0000000000
0.0354975690 0.0000000000
0.0443635859 0.0000000000
0.0234986066 0.0000000000
0.0152773950 0.0000000000
0.0204443382 0.0000000000
0.0149567778 0.0000000000
0.0097207706 0.0000000000
0.0129990171 0.0000000000
0.0226178027 0.0000000000
0.0172840794 0.0000000000
0.0100492932 0.0000000000
0.0075049345 0.0000000000
0.0116959307 0.0000000000
0.0151630389 0.0000000000
0.0115430180 0.0000000000
0.0177842249 0.0000000000
0.0339957234 0.0000000000
0.0408885879 0.0000000000
0.0228278266 0.0000000000
0.0156339292 0.0000000000
0.0228094421 0.0000000000
0.0175001684 0.0000000000
0.0125525482 0.0000000000
0.0181084302 0.0000000000
0.0336964779 0.0000000000
0.0413267317 0.0000000000
0.0256740684 0.0000000000
0.0204531109 0.0000000000
0.0342239787 0.0000000000
0.0457905521 0.0000000000
0.0367607505 0.0000000000
0.0582505616 0.0000000000
0.1142680886 0.0000000000
0.0931880676 0.0000000000
0.0472909383 0.0000000000
0.0297678865 0.0000000000
0.0367607505 0.0000000000
0.0276497263 0.0000000000
0.0163684613 0.0000000000
0.0204154705 0.0000000000
0.0325267230 0.0000000000
0.0271129566 0.0000000000
0.0144501712 0.0000000000
0.0099481698 0.0000000000
0.0136821367 0.0000000000
0.0179367835 0.0000000000
0.0121224944 0.0000000000
0.0175822057 0.0000000000
0.0311664579 0.0000000000
0.0271223059 0.0000000000
0.0140795958 0.0000000000
0.0090889930 0.0000000000
0.0117746533 0.0000000000
0.0091358229 0.0000000000
0.0057718469 0.0000000000
0.0076513208 0.0000000000
0.0129836995 0.0000000000
0.0174384668 0.0000000000
0.0098913879 0.0000000000
0.0073221683 0.0000000000
0.0110807850 0.0000000000
0.0152773950 0.0000000000
0.0112388309 0.0000000000
0.0171838092 0.0000000000
0.0321330274 0.0000000000
0.0277419453 0.0000000000
0.0142748938 0.0000000000
0.0090889930 0.0000000000
0.0115430180 0.0000000000
0.0086253789 0.0000000000
0.0052853198 0.0000000000
0.0067801988 0.0000000000
0.0111962505 0.0000000000
0.0091835663 0.0000000000
0.0050733966 0.0000000000
0.0036236427 0.0000000000
0.0052790626 0.0000000000
0.0069269643 0.0000000000
0.0049580212 0.0000000000
0.0074227141 0.0000000000
0.0136807232 0.0000000000
0.0180737005 0.0000000000
0.0097214440 0.0000000000
0.0064751147 0.0000000000
0.0089340039 0.0000000000
0.0069391212 0.0000000000
0.0047055840 0.0000000000
0.0065655205 0.0000000000
0.0117751462 0.0000000000
0.0154415434 0.0000000000
0.0092196965 0.0000000000
0.0071362381 0.0000000000
0.0114759157 0.0000000000
0.0156339292 0.0000000000
0.0121224944 0.0000000000
0.0189703199 0.0000000000
0.0365391020 0.0000000000
0.0305709929 0.0000000000
0.0156854589 0.0000000000
0.0099481698 0.0000000000
0.0125525482 0.0000000000
0.0093340570 0.0000000000
0.0056649655 0.0000000000
0.0071973753 0.0000000000
0.0117730251 0.0000000000
0.0093912216 0.0000000000
0.0051244944 0.0000000000
0.0036057608 0.0000000000
0.0051521682 0.0000000000
0.0066953683 0.0000000000
0.0047055840 0.0000000000
0.0069632421 0.0000000000
0.0126898599 0.0000000000
0.0103405594 0.0000000000
0.0055028125 0.0000000000
0.0036236427 0.0000000000
0.0049069821 0.0000000000
0.0037728354 0.0000000000
0.0025057890 0.0000000000
0.0034376024 0.0000000000
0.0060762911 0.0000000000
0.0077158639 0.0000000000
0.0045576892 0.0000000000
0.0034877064 0.0000000000
0.0055426432 0.0000000000
0.0075049345 0.0000000000
0.0057718469 0.0000000000
0.0089864197 0.0000000000
0.0172428918 0.0000000000
0.0214331194 0.0000000000
0.0113003321 0.0000000000
0.0073221683 0.0000000000
0.0097207706 0.0000000000
0.0071323415 0.0000000000
0.0045950848 0.0000000000
0.0061078002 0.0000000000
0.0105517512 0.0000000000
0.0081386143 0.0000000000
0.0046985313 0.0000000000
0.0034877064 0.0000000000
0.0053890625 0.0000000000
0.0069944905 0.0000000000
0.0052853198 0.0000000000
0.0081152977 0.0000000000
0.0154500371 0.0000000000
0.0188103862 0.0000000000
0.0104549842 0.0000000000
0.0071362381 0.0000000000
0.0103463272 0.0000000000
0.0079458255 0.0000000000
0.0056649655 0.0000000000
0.0081430842 0.0000000000
0.0150972712 0.0000000000
0.0186315574 0.0000000000
0.0115287774 0.0000000000
0.0091574734 0.0000000000
0.0152658845 0.0000000000
0.0204531109 0.0000000000
0.0163684613 0.0000000000
0.0259064064 0.0000000000
0.0507404991 0.0000000000
0.0629428357 0.0000000000
0.0322449267 0.0000000000
0.0204154705 0.0000000000
0.0256740684 0.0000000000
0.0190824275 0.0000000000
0.0115287774 0.0000000000
0.0145861327 0.0000000000
0.0237480607 0.0000000000
0.0189560213 0.0000000000
0.0102896073 0.0000000000
0.0071973753 0.0000000000
0.0101969895 0.0000000000
0.0132315641 0.0000000000
0.0092196965 0.0000000000
0.0135739790 0.0000000000
0.0245971450 0.0000000000
0.0196144199 0.0000000000
0.0103646530 0.0000000000
0.0067801988 0.0000000000
0.0090669881 0.0000000000
0.0069616670 0.0000000000
0.0045576892 0.0000000000
0.0061860239 0.0000000000
0.0108152836 0.0000000000
0.0137937835 0.0000000000
0.0080596927 0.0000000000
0.0061078002 0.0000000000
0.0095859166 0.0000000000
0.0129990171 0.0000000000
0.0098913879 0.0000000000
0.0153251505 0.0000000000
0.0292375633 0.0000000000
0.0226424796 0.0000000000
0.0118675513 0.0000000000
0.0076513208 0.0000000000
0.0100492932 0.0000000000
0.0073844175 0.0000000000
0.0046985313 0.0000000000
0.0061860239 0.0000000000
0.0105755093 0.0000000000
0.0081916052 0.0000000000
0.0046788157 0.0000000000
0.0034376024 0.0000000000
0.0052402337 0.0000000000
0.0067925148 0.0000000000
0.0050733966 0.0000000000
0.0077430484 0.0000000000
0.0146479186 0.0000000000
0.0174814473 0.0000000000
0.0096644607 0.0000000000
0.0065655205 0.0000000000
0.0094441986 0.0000000000
0.0072432079 0.0000000000
0.0051244944 0.0000000000
0.0073275358 0.0000000000
0.0135228555 0.0000000000
0.0166982675 0.0000000000
0.0102896073 0.0000000000
0.0081430842 0.0000000000
0.0135212356 0.0000000000
0.0181084302 0.0000000000
0.0144501712 0.0000000000
0.0228366014 0.0000000000
0.0446689785 0.0000000000
0.0526732454 0.0000000000
0.0274495478 0.0000000000
0.0175822057 0.0000000000
0.0228278266 0.0000000000
0.0166896004 0.0000000000
0.0104549842 0.0000000000
0.0135739790 0.0000000000
0.0228890739 0.0000000000
0.0172230284 0.0000000000
0.0096644607 0.0000000000
0.0069632421 0.0000000000
0.0103589124 0.0000000000
0.0133018058 0.0000000000
0.0097214440 0.0000000000
0.0146508099 0.0000000000
0.0273786809 0.0000000000
0.0202939690 0.0000000000
0.0110700701 0.0000000000
0.0074227141 0.0000000000
0.0104560336 0.0000000000
0.0079495078 0.0000000000
0.0055028125 0.0000000000
0.0077430484 0.0000000000
0.0140964436 0.0000000000
0.0170104774 0.0000000000
0.0103646530 0.0000000000
0.0081152977 0.0000000000
0.0133261804 0.0000000000
0.0177842249 0.0000000000
0.0140795958 0.0000000000
0.0221563153 0.0000000000
0.0431817037 0.0000000000
0.0488307390 0.0000000000
0.0262105011 0.0000000000
0.0171838092 0.0000000000
0.0234986066 0.0000000000
0.0169936698 0.0000000000
0.0113003321 0.0000000000
0.0153251505 0.0000000000
0.0271482676 0.0000000000
0.0200385371 0.0000000000
0.0118675513 0.0000000000
0.0089864197 0.0000000000
0.0143030798 0.0000000000
0.0184038642 0.0000000000
0.0142748938 0.0000000000
0.0221563153 0.0000000000
0.0427915393 0.0000000000
0.0484857141 0.0000000000
0.0274495478 0.0000000000
0.0189703199 0.0000000000
0.0282004706 0.0000000000
0.0214772729 0.0000000000
0.0156854589 0.0000000000
0.0228366014 0.0000000000
0.0429609073 0.0000000000
0.0512096336 0.0000000000
0.0322449267 0.0000000000
0.0259064064 0.0000000000
0.0438878446 0.0000000000
0.0582505616 0.0000000000
0.0472909383 0.0000000000
0.0751898225 0.0000000000
0.1483565769 0.0000000000
0.1483565769 0.0000000000
0.0751898225 0.0000000000
0.0472909383 0.0000000000
0.0582505616 0.0000000000
0.0438878446 0.0000000000
0.0259064064 0.0000000000
0.0322449267 0.0000000000
0.0512096336 0.0000000000
0.0429609073 0.0000000000
0.0228366014 0.0000000000
0.0156854589 0.0000000000
0.0214772729 0.0000000000
0.0282004706 0.0000000000
0.0189703199 0.0000000000
0.0274495478 0.0000000000
0.0484857141 0.0000000000
0.0427915393 0.0000000000
0.0221563153 0.0000000000
0.0142748938 0.0000000000
0.0184038642 0.0000000000
0.0143030798 0.0000000000
0.0089864197 0.0000000000
0.0118675513 0.0000000000
0.0200385371 0.0000000000
0.0271482676 0.0000000000
0.0153251505 0.0000000000
0.0113003321 0.0000000000
0.0169936698 0.0000000000
0.0234986066 0.0000000000
0.0171838092 0.0000000000
0.0262105011 0.0000000000
0.0488307390 0.0000000000
0.0431817037 0.0000000000
0.0221563153 0.0000000000
0.0140795958 0.0000000000
0.0177842249 0.0000000000
0.0133261804 0.0000000000
0.0081152977 0.0000000000
0.0103646530 0.0000000000
0.0170104774 0.0000000000
0.0140964436 0.0000000000
0.0077430484 0.0000000000
0.0055028125 0.0000000000
0.0079495078 0.0000000000
0.0104560336 0.0000000000
0.0074227141 0.0000000000
0.0110700701 0.0000000000
0.0202939690 0.0000000000
0.0273786809 0.0000000000
0.0146508099 0.0000000000
0.0097214440 0.0000000000
0.0133018058 0.0000000000
0.0103589124 0.0000000000
0.0069632421 0.0000000000
0.0096644607 0.0000000000
0.0172230284 0.0000000000
0.0228890739 0.0000000000
0.0135739790 0.0000000000
0.0104549842 0.0000000000
0.0166896004 0.0000000000
0.0228278266 0.0000000000
0.0175822057 0.0000000000
0.0274495478 0.0000000000
0.0526732454 0.0000000000
0.0446689785 0.0000000000
0.0228366014 0.0000000000
0.0144501712 0.0000000000
0.0181084302 0.0000000000
0.0135212356 0.0000000000
0.0081430842 0.0000000000
0.0102896073 0.0000000000
0.0166982675 0.0000000000
0.0135228555 0.0000000000
0.0073275358 0.0000000000
0.0051244944 0.0000000000
0.0072432079 0.0000000000
0.0094441986 0.0000000000
0.0065655205 0.0000000000
0.0096644607 0.0000000000
0.0174814473 0.0000000000
0.0146479186 0.0000000000
0.0077430484 0.0000000000
0.0050733966 0.0000000000
0.0067925148 0.0000000000
0.0052402337 0.0000000000
0.0034376024 0.0000000000
0.0046788157 0.0000000000
0.0081916052 0.0000000000
0.0105755093 0.0000000000
0.0061860239 0.0000000000
0.0046985313 0.0000000000
0.0073844175 0.0000000000
0.0100492932 0.0000000000
0.0076513208 0.0000000000
0.0118675513 0.0000000000
0.0226424796 0.0000000000
0.0292375633 0.0000000000
0.0153251505 0.0000000000
0.0098913879 0.0000000000
0.0129990171 0.0000000000
0.0095859166 0.0000000000
0.0061078002 0.0000000000
0.0080596927 0.0000000000
0.0137937835 0.0000000000
0.0108152836 0.0000000000
0.0061860239 0.0000000000
0.0045576892 0.0000000000
0.0069616670 0.0000000000
0.0090669881 0.0000000000
0.0067801988 0.0000000000
0.0103646530 0.0000000000
0.0196144199 0.0000000000
0.0245971450 0.0000000000
0.0135739790 0.0000000000
0.0092196965 0.0000000000
0.0132315641 0.0000000000
0.0101969895 0.0000000000
0.0071973753 0.0000000000
0.0102896073 0.0000000000
0.0189560213 0.0000000000
0.0237480607 0.0000000000
0.0145861327 0.0000000000
0.0115287774 0.0000000000
0.0190824275 0.0000000000
0.0256740684 0.0000000000
0.0204154705 0.0000000000
0.0322449267 0.0000000000
0.0629428357 0.0000000000
0.0507404991 0.0000000000
0.0259064064 0.0000000000
0.0163684613 0.0000000000
0.0204531109 0.0000000000
0.0152658845 0.0000000000
0.0091574734 0.0000000000
0.0115287774 0.0000000000
0.0186315574 0.0000000000
0.0150972712 0.0000000000
0.0081430842 0.0000000000
0.0056649655 0.0000000000
0.0079458255 0.0000000000
0.0103463272 0.0000000000
0.0071362381 0.0000000000
0.0104549842 0.0000000000
0.0188103862 0.0000000000
0.0154500371 0.0000000000
0.0081152977 0.0000000000
0.0052853198 0.0000000000
0.0069944905 0.0000000000
0.0053890625 0.0000000000
0.0034877064 0.0000000000
0.0046985313 0.0000000000
0.0081386143 0.0000000000
0.0105517512 0.0000000000
0.0061078002 0.0000000000
0.0045950848 0.0000000000
0.0071323415 0.0000000000
0.0097207706 0.0000000000
0.0073221683 0.0000000000
0.0113003321 0.0000000000
0.0214331194 0.0000000000
0.0172428918 0.0000000000
0.0089864197 0.0000000000
0.0057718469 0.0000000000
0.0075049345 0.0000000000
0.0055426432 0.0000000000
0.0034877064 0.0000000000
0.0045576892 0.0000000000
0.0077158639 0.0000000000
0.0060762911 0.0000000000
0.0034376024 0.0000000000
0.0025057890 0.0000000000
0.0037728354 0.0000000000
0.0049069821 0.0000000000
0.0036236427 0.0000000000
0.0055028125 0.0000000000
0.0103405594 0.0000000000
0.0126898599 0.0000000000
0.0069632421 0.0000000000
0.0047055840 0.0000000000
0.0066953683 0.0000000000
0.0051521682 0.0000000000
0.0036057608 0.0000000000
0.0051244944 0.0000000000
0.0093912216 0.0000000000
0.0117730251 0.0000000000
0.0071973753 0.0000000000
0.0056649655 0.0000000000
0.0093340570 0.0000000000
0.0125525482 0.0000000000
0.0099481698 0.0000000000
0.0156854589 0.0000000000
0.0305709929 0.0000000000
0.0365391020 0.0000000000
0.0189703199 0.0000000000
0.0121224944 0.0000000000
0.0156339292 0.0000000000
0.0114759157 0.0000000000
0.0071362381 0.0000000000
0.0092196965 0.0000000000
0.0154415434 0.0000000000
0.0117751462 0.0000000000
0.0065655205 0.0000000000
0.0047055840 0.0000000000
0.0069391212 0.0000000000
0.0089340039 0.0000000000
0.0064751147 0.0000000000
0.0097214440 0.0000000000
0.0180737005 0.0000000000
0.0136807232 0.0000000000
0.0074227141 0.0000000000
0.0049580212 0.0000000000
0.0069269643 0.0000000000
0.0052790626 0.0000000000
0.0036236427 0.0000000000
0.0050733966 0.0000000000
0.0091835663 0.0000000000
0.0111962505 0.0000000000
0.0067801988 0.0000000000
0.0052853198 0.0000000000
0.0086253789 0.0000000000
0.0115430180 0.0000000000
0.0090889930 0.0000000000
0.0142748938 0.0000000000
0.0277419453 0.0000000000
0.0321330274 0.0000000000
0.0171838092 0.0000000000
0.0112388309 0.0000000000
0.0152773950 0.0000000000
0.0110807850 0.0000000000
0.0073221683 0.0000000000
0.0098913879 0.0000000000
0.0174384668 0.0000000000
0.0129836995 0.0000000000
0.0076513208 0.0000000000
0.0057718469 0.0000000000
0.0091358229 0.0000000000
0.0117746533 0.0000000000
0.0090889930 0.0000000000
0.0140795958 0.0000000000
0.0271223059 0.0000000000
0.0311664579 0.0000000000
0.0175822057 0.0000000000
0.0121224944 0.0000000000
0.0179367835 0.0000000000
0.0136821367 0.0000000000
0.0099481698 0.0000000000
0.0144501712 0.0000000000
0.0271129566 0.0000000000
0.0325267230 0.0000000000
0.0204154705 0.0000000000
0.0163684613 0.0000000000
0.0276497263 0.0000000000
0.0367607505 0.0000000000
0.0297678865 0.0000000000
0.0472909383 0.0000000000
0.0931880676 0.0000000000
0.1142680886 0.0000000000
0.0582505616 0.0000000000
0.0367607505 0.0000000000
0.0457905521 0.0000000000
0.0342239787 0.0000000000
0.0204531109 0.0000000000
0.0256740684 0.0000000000
0.0413267317 0.0000000000
0.0336964779 0.0000000000
0.0181084302 0.0000000000
0.0125525482 0.0000000000
0.0175001684 0.0000000000
0.0228094421 0.0000000000
0.0156339292 0.0000000000
0.0228278266 0.0000000000
0.0408885879 0.0000000000
0.0339957234 0.0000000000
0.0177842249 0.0000000000
0.0115430180 0.0000000000
0.0151630389 0.0000000000
0.0116959307 0.0000000000
0.0075049345 0.0000000000
0.0100492932 0.0000000000
0.0172840794 0.0000000000
0.0226178027 0.0000000000
0.0129990171 0.0000000000
0.0097207706 0.0000000000
0.0149567778 0.0000000000
0.0204443382 0.0000000000
0.0152773950 0.0000000000
0.0234986066 0.0000000000
0.0443635859 0.0000000000
0.0354975690 0.0000000000
0.0184038642 0.0000000000
0.0117746533 0.0000000000
0.0151630389 0.0000000000
0.0112396244 0.0000000000
0.0069944905 0.0000000000
0.0090669881 0.0000000000
0.0151951805 0.0000000000
0.0121274921 0.0000000000
0.0067925148 0.0000000000
0.0049069821 0.0000000000
0.0072882156 0.0000000000
0.0094996232 0.0000000000
0.0069269643 0.0000000000
0.0104560336 0.0000000000
0.0195000104 0.0000000000
0.0244370564 0.0000000000
0.0133018058 0.0000000000
0.0089340039 0.0000000000
0.0125574093 0.0000000000
0.0096864134 0.0000000000
0.0066953683 0.0000000000
0.0094441986 0.0000000000
0.0171662082 0.0000000000
0.0218367117 0.0000000000
0.0132315641 0.0000000000
0.0103463272 0.0000000000
0.0168959577 0.0000000000
0.0228094421 0.0000000000
0.0179367835 0.0000000000
0.0282004706 0.0000000000
0.0547392055 0.0000000000
0.0415526517 0.0000000000
0.0214772729 0.0000000000
0.0136821367 0.0000000000
0.0175001684 0.0000000000
0.0128980862 0.0000000000
0.0079458255 0.0000000000
0.0101969895 0.0000000000
0.0169274319 0.0000000000
0.0131009044 0.0000000000
0.0072432079 0.0000000000
0.0051521682 0.0000000000
0.0075060385 0.0000000000
0.0096864134 0.0000000000
0.0069391212 0.0000000000
0.0103589124 0.0000000000
0.0191186404 0.0000000000
0.0147616290 0.0000000000
0.0079495078 0.0000000000
0.0052790626 0.0000000000
0.0072882156 0.0000000000
0.0055655430 0.0000000000
0.0037728354 0.0000000000
0.0052402337 0.0000000000
0.0094035297 0.0000000000
0.0115998521 0.0000000000
0.0069616670 0.0000000000
0.0053890625 0.0000000000
0.0087128429 0.0000000000
0.0116959307 0.0000000000
0.0091358229 0.0000000000
0.0143030798 0.0000000000
0.0276804191 0.0000000000
0.0319127870 0.0000000000
0.0169936698 0.0000000000
0.0110807850 0.0000000000
0.0149567778 0.0000000000
0.0108760318 0.0000000000
0.0071323415 0.0000000000
0.0095859166 0.0000000000
0.0168005809 0.0000000000
0.0126062667 0.0000000000
0.0073844175 0.0000000000
0.0055426432 0.0000000000
0.0087128429 0.0000000000
0.0112396244 0.0000000000
0.0086253789 0.0000000000
0.0133261804 0.0000000000
0.0255915202 0.0000000000
0.0296928854 0.0000000000
0.0166896004 0.0000000000
0.0114759157 0.0000000000
0.0168959577 0.0000000000
0.0128980862 0.0000000000
0.0093340570 0.0000000000
0.0135212356 0.0000000000
0.0253004128 0.0000000000
0.0304959919 0.0000000000
0.0190824275 0.0000000000
0.0152658845 0.0000000000
0.0257157451 0.0000000000
0.0342239787 0.0000000000
0.0276497263 0.0000000000
0.0438878446 0.0000000000
0.0863846353 0.0000000000
0.0994102187 0.0000000000
0.0512096336 0.0000000000
0.0325267230 0.0000000000
0.0413267317 0.0000000000
0.0304959919 0.0000000000
0.0186315574 0.0000000000
0.0237480607 0.0000000000
0.0391034889 0.0000000000
0.0304645982 0.0000000000
0.0166982675 0.0000000000
0.0117730251 0.0000000000
0.0169274319 0.0000000000
0.0218367117 0.0000000000
0.0154415434 0.0000000000
0.0228890739 0.0000000000
0.0418956383 0.0000000000
0.0319089438 0.0000000000
0.0170104774 0.0000000000
0.0111962505 0.0000000000
0.0151951805 0.0000000000
0.0115998521 0.0000000000
0.0077158639 0.0000000000
0.0105755093 0.0000000000
0.0187190182 0.0000000000
0.0233090648 0.0000000000
0.0137937835 0.0000000000
0.0105517512 0.0000000000
0.0168005809 0.0000000000
0.0226178027 0.0000000000
0.0174384668 0.0000000000
0.0271482676 0.0000000000
0.0521805278 0.0000000000
0.0379328739 0.0000000000
0.0200385371 0.0000000000
0.0129836995 0.0000000000
0.0172840794 0.0000000000
0.0126062667 0.0000000000
0.0081386143 0.0000000000
0.0108152836 0.0000000000
0.0187190182 0.0000000000
0.0141677587 0.0000000000
0.0081916052 0.0000000000
0.0060762911 0.0000000000
0.0094035297 0.0000000000
0.0121274921 0.0000000000
0.0091835663 0.0000000000
0.0140964436 0.0000000000
0.0268787732 0.0000000000
0.0308585063 0.0000000000
0.0172230284 0.0000000000
0.0117751462 0.0000000000
0.0171662082 0.0000000000
0.0131009044 0.0000000000
0.0093912216 0.0000000000
0.0135228555 0.0000000000
0.0251629975 0.0000000000
0.0304645982 0.0000000000
0.0189560213 0.0000000000
0.0150972712 0.0000000000
0.0253004128 0.0000000000
0.0336964779 0.0000000000
0.0271129566 0.0000000000
0.0429609073 0.0000000000
0.0843968989 0.0000000000
0.0924849099 0.0000000000
0.0484857141 0.0000000000
0.0311664579 0.0000000000
0.0408885879 0.0000000000
0.0296928854 0.0000000000
0.0188103862 0.0000000000
0.0245971450 0.0000000000
0.0418956383 0.0000000000
0.0308585063 0.0000000000
0.0174814473 0.0000000000
0.0126898599 0.0000000000
0.0191186404 0.0000000000
0.0244370564 0.0000000000
0.0180737005 0.0000000000
0.0273786809 0.0000000000
0.0515352767 0.0000000000
0.0369088865 0.0000000000
0.0202939690 0.0000000000
0.0136807232 0.0000000000
0.0195000104 0.0000000000
0.0147616290 0.0000000000
0.0103405594 0.0000000000
0.0146479186 0.0000000000
0.0268787732 0.0000000000
0.0319089438 0.0000000000
0.0196144199 0.0000000000
0.0154500371 0.0000000000
0.0255915202 0.0000000000
0.0339957234 0.0000000000
0.0271223059 0.0000000000
0.0427915393 0.0000000000
0.0837369046 0.0000000000
0.0904189499 0.0000000000
0.0488307390 0.0000000000
0.0321330274 0.0000000000
0.0443635859 0.0000000000
0.0319127870 0.0000000000
0.0214331194 0.0000000000
0.0292375633 0.0000000000
0.0521805278 0.0000000000
0.0379328739 0.0000000000
0.0226424796 0.0000000000
0.0172428918 0.0000000000
0.0276804191 0.0000000000
0.0354975690 0.0000000000
0.0277419453 0.0000000000
0.0431817037 0.0000000000
0.0837369046 0.0000000000
0.0924849099 0.0000000000
0.0526732454 0.0000000000
0.0365391020 0.0000000000
0.0547392055 0.0000000000
0.0415526517 0.0000000000
0.0305709929 0.0000000000
0.0446689785 0.0000000000
0.0843968989 0.0000000000
0.0994102187 0.0000000000
0.0629428357 0.0000000000
0.0507404991 0.0000000000
0.0863846353 0.0000000000
0.1142680886 0.0000000000
0.0931880676 0.0000000000
0.1483565769 0.0000000000
0.2933991130 0.0000000000

