0.5440812111 0.0000000000
0.1601921618 0.0000000000
0.1601897329 0.0000000000
0.1088142246 0.0000000000
0.1601907313 0.0000000000
0.0574403815 0.0000000000
0.1088146940 0.0000000000
0.1088128015 0.0000000000
0.1601893157 0.0000000000
0.0574400239 0.0000000000
0.0574389100 0.0000000000
0.0574374348 0.0000000000
0.1088144034 0.0000000000
0.0574371368 0.0000000000
0.1088089272 0.0000000000
0.1601831466 0.0000000000
0.1601906568 0.0000000000
0.1088168845 0.0000000000
0.0574388541 0.0000000000
0.1088100374 0.0000000000
0.0574407838 0.0000000000
0.0574381053 0.0000000000
0.0574373230 0.0000000000
0.1601837128 0.0000000000
0.1088121310 0.0000000000
0.1088095382 0.0000000000
0.0574360117 0.0000000000
0.1601834446 0.0000000000
0.1088108346 0.0000000000
0.1601842344 0.0000000000
0.1601811647 0.0000000000
0.5440442562 0.0000000000
