Optimizer is Adam
LR is 0.0001
Epoch & Fidelity & Runtime
1 0.101894 35.242718
2 0.149584 69.380477
3 0.1893 103.611219
4 0.222327 137.217291
5 0.251493 171.413796
6 0.27753 205.551935
7 0.300663 239.998089
8 0.319933 274.107995
9 0.338383 308.406158
10 0.35409 342.849269
11 0.369867 376.846171
12 0.384026 411.071968
13 0.397636 446.641744
14 0.41098 482.256298
15 0.422729 518.149004
16 0.436862 553.357598
17 0.447437 588.640349
18 0.459487 625.01387
19 0.469256 660.254878
20 0.478588 695.511254
21 0.488292 731.299384
22 0.498577 767.101745
23 0.505605 802.96776

Optimizer is NAG
LR is 0.001
Epoch & Fidelity & Runtime
1 0.450644 33.316714
2 0.553133 66.669705
3 0.622968 100.033935
4 0.685573 134.203157
5 0.707274 168.28659
6 0.749345 201.693017
7 0.757012 234.972275
8 0.802618 269.429094
9 0.79091 303.847836
10 0.804259 337.205843
11 0.831007 371.165069
12 0.836883 404.942531
13 0.818724 439.733571
14 0.845514 474.534734
15 0.813774 509.712008
16 0.837609 544.922956
17 0.829393 580.734539
18 0.85177 616.040653
19 0.870775 650.96892
20 0.86886 685.976227
21 0.878028 721.935725
22 0.877087 757.040304
23 0.839774 792.50424
24 0.867641 827.623584

Optimizer is SGD
LR is 0.01
Epoch & Fidelity & Runtime
1 0.418982 33.601932
2 0.53712 66.335243
3 0.605553 98.55524
4 0.666923 130.749815
5 0.706496 162.87698
6 0.739398 195.521868
7 0.771861 228.932991
8 0.794973 261.280447
9 0.80483 293.312196
10 0.811221 325.786074
11 0.840876 358.733142
12 0.813901 391.213265
13 0.853594 424.646587
14 0.850056 457.926788
15 0.860401 491.242572
16 0.864028 525.121236
17 0.850708 559.126956
18 0.856321 592.544115
19 0.884225 626.147653
20 0.861596 660.313342
21 0.891964 694.476773
22 0.883842 728.214677
23 0.878788 761.886884
24 0.90163 795.510182
25 0.842581 830.553898

Optimizer is SGDM
LR is 0.001
Epoch & Fidelity & Runtime
1 0.450262 31.242846
2 0.549949 62.775683
3 0.615188 94.131615
4 0.657479 125.828429
5 0.736358 157.173603
6 0.771746 188.86598
7 0.784677 220.51625
8 0.807654 252.340747
9 0.813476 283.743299
10 0.830326 315.303643
11 0.821396 346.866595
12 0.821432 378.644848
13 0.832297 410.886738
14 0.844134 443.706593
15 0.830381 476.318527
16 0.855045 509.261636
17 0.850315 541.893378
18 0.81671 574.660517
19 0.866864 607.518072
20 0.865625 640.715047
21 0.869018 674.030558
22 0.835982 707.037903
23 0.886554 739.986858
24 0.882976 773.407043
25 0.881458 806.310075

