nh: 87
samples1: 100000
samples2: 5000
burn_in: 500
steps: 100
Exact H:-190.62
   Fidelity  ROE       Mean      Median    CI Width LL on CI  UL on CI  mmRatio  Min Err  Max Err
40     N/A    0.029294  -185.03590  -185.25007  0.20408  -185.23998  -184.83182  0.99884  0.02822  0.03036  
80     N/A    0.019397  -186.92253  -186.97052  0.17281  -187.09534  -186.74971  0.99974  0.01849  0.02030  
120     N/A    0.013497  -188.04718  -188.15456  0.14642  -188.19360  -187.90077  0.99943  0.01273  0.01427  
160     N/A    0.010562  -188.60675  -188.67153  0.13440  -188.74115  -188.47235  0.99966  0.00986  0.01127  
200     N/A    0.008527  -188.99463  -189.08816  0.11779  -189.11242  -188.87684  0.99951  0.00791  0.00914  
240     N/A    0.006946  -189.29594  -189.27977  0.10943  -189.40537  -189.18652  1.00009  0.00637  0.00752  
280     N/A    0.006007  -189.47495  -189.52147  0.10195  -189.57690  -189.37301  0.99975  0.00547  0.00654  
320     N/A    0.005099  -189.64802  -189.64491  0.09376  -189.74178  -189.55426  1.00002  0.00461  0.00559  
360     N/A    0.003981  -189.86117  -189.86606  0.08650  -189.94767  -189.77467  0.99997  0.00353  0.00443  
400     N/A    0.004069  -189.84436  -189.87476  0.08388  -189.92824  -189.76048  0.99984  0.00363  0.00451  
440     N/A    0.004064  -189.84525  -189.87543  0.07868  -189.92393  -189.76657  0.99984  0.00365  0.00448  
480     N/A    0.003244  -190.00157  -190.00375  0.07538  -190.07695  -189.92620  0.99999  0.00285  0.00364  
520     N/A    0.003340  -189.98325  -190.00096  0.07541  -190.05865  -189.90784  0.99991  0.00294  0.00374  
560     N/A    0.003053  -190.03796  -190.05783  0.07235  -190.11031  -189.96560  0.99990  0.00267  0.00343  
600     N/A    0.002942  -190.05913  -190.07321  0.06979  -190.12892  -189.98934  0.99993  0.00258  0.00331  
640     N/A    0.003058  -190.03712  -190.04846  0.06809  -190.10520  -189.96903  0.99994  0.00270  0.00342  
680     N/A    0.002986  -190.05087  -190.06341  0.06705  -190.11792  -189.98382  0.99993  0.00263  0.00334  
720     N/A    0.002543  -190.13519  -190.14824  0.06574  -190.20093  -190.06945  0.99993  0.00220  0.00289  
760     N/A    0.002531  -190.13756  -190.11647  0.06499  -190.20255  -190.07258  1.00011  0.00219  0.00287  
800     N/A    0.002516  -190.14041  -190.13827  0.06433  -190.20474  -190.07608  1.00001  0.00218  0.00285  
840     N/A    0.002279  -190.18554  -190.15768  0.06259  -190.24813  -190.12295  1.00015  0.00195  0.00261  
880     N/A    0.002598  -190.12483  -190.10270  0.06085  -190.18568  -190.06399  1.00012  0.00228  0.00292  
920     N/A    0.002404  -190.16167  -190.16649  0.06338  -190.22506  -190.09829  0.99997  0.00207  0.00274  
960     N/A    0.002238  -190.19344  -190.20784  0.06224  -190.25568  -190.13119  0.99992  0.00191  0.00256  
1000     N/A    0.002151  -190.21006  -190.22295  0.06042  -190.27049  -190.14964  0.99993  0.00183  0.00247  
1040     N/A    0.002323  -190.17716  -190.19177  0.06081  -190.23797  -190.11634  0.99992  0.00200  0.00264  
1080     N/A    0.002230  -190.19499  -190.19603  0.06017  -190.25515  -190.13482  0.99999  0.00191  0.00255  
1120     N/A    0.002311  -190.17941  -190.17188  0.05915  -190.23856  -190.12026  1.00004  0.00200  0.00262  
1160     N/A    0.002325  -190.17676  -190.16442  0.05845  -190.23521  -190.11831  1.00006  0.00202  0.00263  
1200     N/A    0.002255  -190.19014  -190.18591  0.05826  -190.24839  -190.13188  1.00002  0.00195  0.00256  
