nh: 86
samples1: 100000
samples2: 5000
burn_in: 500
steps: 100
Exact H:-190.62
   Fidelity  ROE       Mean      Median    CI Width LL on CI  UL on CI  mmRatio  Min Err  Max Err
40     N/A    0.027419  -185.39345  -185.60084  0.20415  -185.59760  -185.18930  0.99888  0.02635  0.02849  
80     N/A    0.017116  -187.35726  -187.51089  0.16611  -187.52337  -187.19115  0.99918  0.01625  0.01799  
120     N/A    0.012585  -188.22110  -188.25353  0.14142  -188.36252  -188.07969  0.99983  0.01184  0.01333  
160     N/A    0.009913  -188.73038  -188.83815  0.12616  -188.85654  -188.60421  0.99943  0.00925  0.01057  
200     N/A    0.007979  -189.09899  -189.10159  0.11736  -189.21634  -188.98163  0.99999  0.00736  0.00859  
240     N/A    0.006570  -189.36764  -189.39144  0.10786  -189.47551  -189.25978  0.99987  0.00600  0.00714  
280     N/A    0.005998  -189.47669  -189.53976  0.10354  -189.58023  -189.37315  0.99967  0.00545  0.00654  
320     N/A    0.005483  -189.57477  -189.60769  0.09507  -189.66984  -189.47970  0.99983  0.00498  0.00598  
360     N/A    0.004981  -189.67059  -189.72519  0.09183  -189.76242  -189.57876  0.99971  0.00450  0.00546  
400     N/A    0.004218  -189.81598  -189.79521  0.08682  -189.90280  -189.72915  1.00011  0.00376  0.00467  
440     N/A    0.003803  -189.89508  -189.93527  0.08322  -189.97829  -189.81186  0.99979  0.00337  0.00424  
480     N/A    0.003911  -189.87448  -189.88435  0.07895  -189.95343  -189.79553  0.99995  0.00350  0.00433  
520     N/A    0.003311  -189.98890  -189.99436  0.07495  -190.06385  -189.91395  0.99997  0.00292  0.00370  
560     N/A    0.003205  -190.00902  -190.02301  0.07271  -190.08173  -189.93631  0.99993  0.00282  0.00359  
600     N/A    0.003084  -190.03220  -190.03539  0.06824  -190.10044  -189.96396  0.99998  0.00273  0.00344  
640     N/A    0.002852  -190.07637  -190.13716  0.06830  -190.14467  -190.00807  0.99968  0.00249  0.00321  
680     N/A    0.002638  -190.11707  -190.14369  0.06562  -190.18270  -190.05145  0.99986  0.00229  0.00298  
720     N/A    0.002644  -190.11609  -190.10844  0.06452  -190.18060  -190.05157  1.00004  0.00231  0.00298  
760     N/A    0.002610  -190.12256  -190.14756  0.06320  -190.18575  -190.05936  0.99987  0.00228  0.00294  
800     N/A    0.002610  -190.12247  -190.13683  0.06300  -190.18547  -190.05947  0.99992  0.00228  0.00294  
840     N/A    0.002542  -190.13552  -190.12002  0.06079  -190.19631  -190.07473  1.00008  0.00222  0.00286  
880     N/A    0.002275  -190.18632  -190.19865  0.06118  -190.24750  -190.12514  0.99994  0.00195  0.00260  
920     N/A    0.002144  -190.21124  -190.24349  0.06003  -190.27127  -190.15121  0.99983  0.00183  0.00246  
960     N/A    0.002234  -190.19416  -190.22524  0.05958  -190.25374  -190.13458  0.99984  0.00192  0.00255  
1000     N/A    0.002265  -190.18817  -190.19649  0.05902  -190.24719  -190.12915  0.99996  0.00196  0.00258  
1040     N/A    0.002400  -190.16251  -190.17712  0.05884  -190.22135  -190.10367  0.99992  0.00209  0.00271  
1080     N/A    0.002281  -190.18525  -190.17669  0.05821  -190.24346  -190.12704  1.00004  0.00198  0.00259  
1120     N/A    0.002079  -190.22377  -190.20766  0.05700  -190.28077  -190.16677  1.00008  0.00178  0.00238  
1160     N/A    0.002075  -190.22455  -190.22551  0.05598  -190.28053  -190.16857  0.99999  0.00178  0.00237  
