Batch size is 100

Optimizer is Adadelta
Epoch & Fidelity & Runtime 
100 0.99492 7.36349
200 0.990576 14.782651
300 0.991378 27.680994
400 0.995431 35.669355
500 0.994769 43.3531
600 0.994336 50.54087
700 0.989718 57.801864
800 0.993434 68.917421
900 0.995946 79.581914
1000 0.992394 92.055552

Optimizer is Adam
Epoch & Fidelity & Runtime 
100 0.980047 8.992033
200 0.992026 16.482463
300 0.994388 24.262866
400 0.996153 32.545105
500 0.996054 40.486603
600 0.994009 47.547446
700 0.996566 54.530184
800 0.993502 61.542213
900 0.996224 68.643088
1000 0.996004 75.709791

Optimizer is Adamax
Epoch & Fidelity & Runtime 
100 0.973931 7.869249
200 0.991509 15.710249
300 0.994295 23.406706
400 0.995288 31.288628
500 0.995899 39.087582
600 0.995779 46.929494
700 0.996699 54.714778
800 0.996802 62.492253
900 0.996574 70.267791
1000 0.997214 78.074537

Optimizer is RMSprop
Epoch & Fidelity & Runtime 
100 0.986938 6.781613
200 0.985425 13.697961
300 0.991501 20.647503
400 0.987714 27.502343
500 0.975317 34.362062
600 0.983416 41.635747
700 0.991977 48.530616
800 0.975137 55.489922
900 0.982872 62.316447
1000 0.990278 69.3256

Optimizer is SGD
Epoch & Fidelity & Runtime 
100 0.909192 6.47893
200 0.967587 12.964715
300 0.980165 19.540322
400 0.986781 29.654164
500 0.989428 37.500955
600 0.990233 45.312601
700 0.991635 52.071758
800 0.994022 58.479436
900 0.994362 64.828534
1000 0.99529 71.087811

Optimizer is SGD $\gamma$ = 0.9
Epoch & Fidelity & Runtime 
100 0.991017 6.137233
200 0.994328 12.653264
300 0.994057 20.61136
400 0.994938 27.105931
500 0.995022 33.997871
600 0.993185 40.698448
700 0.99348 47.683138
800 0.993132 54.206042
900 0.992174 61.054027
1000 0.995344 68.571799

Optimizer is NAG $\gamma$ = 0.9
Epoch & Fidelity & Runtime 
100 0.985685 7.216082
200 0.996493 14.525892
300 0.99287 21.963601
400 0.994686 28.802818
500 0.996051 35.726001
600 0.993793 43.008473
700 0.994722 50.091773
800 0.993109 57.20534
900 0.995003 64.170053
1000 0.994086 71.112762

