Batch size is 2
Epoch & Fidelity & Runtime 
1 0.511385 12.544777
2 0.579244 25.307413
3 0.642239 37.966345
4 0.686986 50.607767
5 0.712313 63.108418
6 0.738285 75.601309
7 0.74855 88.237262
8 0.763687 100.811749
9 0.770582 113.44243
10 0.747026 125.967768
11 0.777403 138.467707
12 0.779508 151.234807
13 0.796357 163.746882
14 0.80265 176.35386
15 0.804453 188.861165
16 0.788303 201.473497
17 0.814652 214.029363
18 0.802247 226.512975
19 0.817026 239.026073
20 0.808882 251.525178
21 0.81573 264.280479
22 0.824658 276.855143
23 0.82005 289.479187
24 0.79638 302.017044

Batch size is 4
Epoch & Fidelity & Runtime 
1 0.453455 6.951266
2 0.556548 13.555777
3 0.600129 20.15128
4 0.640618 26.943035
5 0.688671 33.623585
6 0.717171 40.251754
7 0.743198 46.937329
8 0.756716 53.610051
9 0.775149 60.309958
10 0.776974 66.979759
11 0.791878 73.671534
12 0.773747 80.418571
13 0.794218 87.075811
14 0.797145 93.877246
15 0.786165 100.58901
16 0.827556 107.398221
17 0.811376 114.125437
18 0.823919 120.89701
19 0.82986 127.614656
20 0.801147 134.291074
21 0.810211 141.038925
22 0.843596 147.776888
23 0.829612 154.506452
24 0.827098 161.236381
25 0.835893 167.878412
26 0.82851 174.625653
27 0.840164 181.398346
28 0.852882 188.087126
29 0.852827 194.782867
30 0.86039 201.438943
31 0.861055 208.248482
32 0.855582 214.878365
33 0.839147 221.586189
34 0.808238 228.249826
35 0.837687 234.995442
36 0.845897 241.769449
37 0.838875 248.570426
38 0.860447 255.306718
39 0.865374 262.098165
40 0.855331 268.842791
41 0.860421 275.53919
42 0.86969 282.29802
43 0.85732 288.963505
44 0.858591 295.778985
45 0.844512 302.455275

Batch size is 8
Epoch & Fidelity & Runtime 
1 0.300527 3.715745
2 0.412549 7.438762
3 0.505355 11.113111
4 0.541051 14.851467
5 0.567472 18.532891
6 0.573828 22.251719
7 0.592459 26.005275
8 0.609343 29.732692
9 0.633922 33.450421
10 0.654292 37.212947
11 0.674667 40.905283
12 0.696542 44.613606
13 0.698381 48.386895
14 0.728147 52.176174
15 0.732007 55.94722
16 0.741813 59.680793
17 0.75392 63.42708
18 0.759182 67.204089
19 0.763968 70.941105
20 0.779751 74.717711
21 0.787272 78.498305
22 0.791057 82.250055
23 0.782237 85.951596
24 0.797903 89.677342
25 0.800218 93.384564
26 0.811587 97.162534
27 0.810177 100.946033
28 0.813596 104.689214
29 0.813809 108.392564
30 0.818277 112.135034
31 0.815538 115.919872
32 0.826637 119.641529
33 0.826092 123.346881
34 0.834689 127.176497
35 0.833646 130.884224
36 0.832238 134.588705
37 0.837529 138.369972
38 0.835612 142.112724
39 0.83179 145.81803
40 0.838744 149.619765
41 0.84291 153.332807
42 0.845497 157.092518
43 0.84246 160.87766
44 0.845685 164.585299
45 0.846655 168.29813
46 0.85017 172.119357
47 0.851384 175.853344
48 0.857528 179.569558
49 0.857612 183.354399
50 0.856755 187.107764
51 0.855806 190.825003
52 0.845329 194.606151
53 0.853432 198.330067
54 0.860107 202.087046
55 0.851849 205.868736
56 0.857154 209.576921
57 0.857559 213.287488
58 0.855395 217.113859
59 0.855428 220.837369
60 0.851556 224.557755
61 0.843183 228.256132
62 0.852928 232.024337
63 0.853267 235.739336
64 0.864213 239.535918
65 0.863429 243.24448
66 0.869903 247.02967
67 0.859359 250.872533
68 0.864479 254.584947
69 0.862559 258.291929
70 0.854812 262.126919
71 0.865833 265.835255
72 0.871579 269.561172
73 0.867354 273.348662
74 0.865369 277.118363
75 0.857046 280.866015
76 0.852024 284.589302
77 0.858048 288.299431
78 0.864551 292.087643
79 0.866103 295.87294
80 0.866318 299.589518
81 0.864873 303.305714

Batch size is 16
Epoch & Fidelity & Runtime 
1 0.22511 2.435704
2 0.30833 4.722456
3 0.372576 7.019174
4 0.426916 9.286815
5 0.469009 11.5615
6 0.500878 13.902486
7 0.523576 16.180959
8 0.539369 18.466518
9 0.550801 20.751628
10 0.560164 23.036065
11 0.569597 25.325615
12 0.576024 27.68831
13 0.580947 29.98597
14 0.58905 32.276789
15 0.596939 34.561903
16 0.604414 36.873188
17 0.607409 39.153704
18 0.618158 41.451194
19 0.625603 43.811467
20 0.632668 46.106933
21 0.638582 48.403311
22 0.644527 50.707401
23 0.652929 53.00204
24 0.658553 55.310375
25 0.664219 57.681503
26 0.669759 59.985947
27 0.676078 62.293332
28 0.681124 64.608357
29 0.686885 66.921258
30 0.695489 69.252006
31 0.70004 71.564136
32 0.702391 73.934494
33 0.711187 76.248405
34 0.718014 78.560327
35 0.722266 80.873044
36 0.729153 83.184505
37 0.733847 85.494469
38 0.734484 87.860687
39 0.739688 90.229133
40 0.744163 92.542266
41 0.7446 94.854692
42 0.745728 97.171822
43 0.750627 99.509123
44 0.755739 101.825257
45 0.759652 104.199491
46 0.763055 106.514431
47 0.763537 108.824767
48 0.765891 111.134626
49 0.769332 113.44725
50 0.771457 115.760508
51 0.775908 118.135628
52 0.776396 120.452924
53 0.777325 122.765963
54 0.780729 125.085527
55 0.783087 127.402135
56 0.786934 129.734311
57 0.788394 132.046282
58 0.787847 134.426157
59 0.794342 136.737139
60 0.792427 139.052461
61 0.792984 141.363691
62 0.796231 143.674193
63 0.795866 145.982031
64 0.798494 148.360321
65 0.80132 150.672592
66 0.800226 152.984354
67 0.801647 155.29007
68 0.802251 157.603999
69 0.802939 159.92053
70 0.805101 162.26455
71 0.805911 164.657681
72 0.810021 166.968118
73 0.809771 169.281998
74 0.809262 171.595023
75 0.811334 173.908116
76 0.814419 176.223803
77 0.816532 178.617153
78 0.812875 180.927222
79 0.81041 183.238902
80 0.813943 185.551196
81 0.817543 187.862278
82 0.819488 190.174217
83 0.815184 192.579133
84 0.815319 194.89115
85 0.819542 197.199517
86 0.818382 199.508527
87 0.818311 201.817786
88 0.819487 204.132616
89 0.817123 206.453755
90 0.814032 208.853472
91 0.82076 211.170199
92 0.823397 213.482336
93 0.825774 215.791242
94 0.817844 218.107809
95 0.824679 220.418694
96 0.828588 222.832077
97 0.820423 225.144214
98 0.825116 227.453266
99 0.828306 229.759716
100 0.833846 232.072313
101 0.832767 234.381639
102 0.838151 236.689466
103 0.828351 239.085304
104 0.834932 241.395831
105 0.827361 243.702852
106 0.833117 246.013425
107 0.835572 248.325006
108 0.835696 250.730176
109 0.833538 253.129741
110 0.833827 255.453274
111 0.835455 257.765465
112 0.836681 260.076728
113 0.835146 262.386221
114 0.832557 264.698966
115 0.829834 267.008912
116 0.836569 269.409616
117 0.835903 271.719066
118 0.83421 274.031944
119 0.837674 276.34722
120 0.836142 278.658705
121 0.836867 280.966173
122 0.839167 283.369632
123 0.837798 285.70004
124 0.842233 288.016502
125 0.842963 290.331904
126 0.841876 292.654281
127 0.840817 294.971398
128 0.845322 297.282976
129 0.843487 299.685801
130 0.84825 301.993948

Batch size is 32
Epoch & Fidelity & Runtime 
1 0.155898 1.637618
2 0.219188 3.166528
3 0.267047 4.694465
4 0.302053 6.308198
5 0.333762 7.837819
6 0.370692 9.367165
7 0.406675 10.903304
8 0.440568 12.43792
9 0.468348 13.978589
10 0.489859 15.512228
11 0.508189 17.072754
12 0.523313 18.61441
13 0.533398 20.137771
14 0.540914 21.780309
15 0.54922 23.329387
16 0.553529 24.878
17 0.56113 26.429696
18 0.56513 27.97581
19 0.569036 29.526882
20 0.572262 31.071593
21 0.577276 32.60625
22 0.579736 34.157219
23 0.582501 35.794758
24 0.583374 37.336153
25 0.584593 38.864856
26 0.593953 40.40347
27 0.597697 41.943942
28 0.60365 43.491906
29 0.607004 45.036798
30 0.61178 46.583815
31 0.616233 48.132976
32 0.623605 49.681593
33 0.6268 51.323831
34 0.633438 52.867595
35 0.638735 54.411682
36 0.643164 55.956253
37 0.649151 57.501747
38 0.654176 59.070002
39 0.65914 60.619231
40 0.663283 62.164197
41 0.66464 63.712666
42 0.672559 65.26041
43 0.678005 66.902146
44 0.682846 68.447742
45 0.688068 69.99365
46 0.690788 71.53878
47 0.693171 73.086512
48 0.697914 74.634512
49 0.700527 76.182534
50 0.705492 77.73146
51 0.710497 79.275484
52 0.710904 80.916728
53 0.713929 82.46481
54 0.716165 84.109039
55 0.718682 85.657614
56 0.721821 87.205215
57 0.725212 88.754988
58 0.728435 90.305377
59 0.725782 91.852827
60 0.733233 93.401403
61 0.736437 94.948014
62 0.739541 96.594738
63 0.742435 98.143767
64 0.744044 99.700134
65 0.745155 101.244642
66 0.747374 102.794522
67 0.74622 104.351114
68 0.750307 105.905945
69 0.754713 107.459579
70 0.752527 109.01511
71 0.756415 110.667027
72 0.755309 112.222007
73 0.758132 113.781615
74 0.758087 115.340359
75 0.762182 116.894023
76 0.761457 118.447688
77 0.759979 119.998078
78 0.766794 121.54569
79 0.76531 123.097989
80 0.769095 124.647174
81 0.771474 126.299752
82 0.769226 127.848941
83 0.775129 129.402079
84 0.772179 130.95123
85 0.772009 132.502394
86 0.775398 134.05343
87 0.776981 135.605683
88 0.778423 137.159808
89 0.779117 138.707647
90 0.777484 140.257131
91 0.778186 141.936726
92 0.782251 143.488325
93 0.782761 145.042484
94 0.78366 146.594635
95 0.78731 148.145235
96 0.786443 149.696987
97 0.789662 151.246542
98 0.788271 152.799543
99 0.791998 154.354617
100 0.791269 156.008257
101 0.78961 157.560861
102 0.792127 159.116265
103 0.793633 160.669214
104 0.795736 162.221155
105 0.795913 163.773726
106 0.795673 165.331195
107 0.795962 166.885766
108 0.793726 168.439036
109 0.797706 169.991297
110 0.797962 171.651987
111 0.793729 173.203681
112 0.793373 174.756095
113 0.797695 176.305279
114 0.803002 177.858096
115 0.800793 179.41057
116 0.806242 180.964984
117 0.807479 182.516625
118 0.807956 184.086099
119 0.805096 185.745533
120 0.801163 187.297219
121 0.801666 188.848261
122 0.797691 190.401028
123 0.803851 191.953042
124 0.804222 193.50548
125 0.798583 195.058291
126 0.807013 196.607945
127 0.806555 198.158783
128 0.809829 199.708672
129 0.809411 201.375931
130 0.810977 202.930216
131 0.810448 204.482688
132 0.804943 206.034761
133 0.811289 207.589242
134 0.809295 209.143926
135 0.812516 210.696669
136 0.813918 212.248404
137 0.816746 213.802333
138 0.815414 215.35774
139 0.811526 217.029663
140 0.813019 218.58092
141 0.813647 220.13491
142 0.816712 221.684813
143 0.819042 223.238265
144 0.817288 224.819236
145 0.81736 226.370667
146 0.816392 227.927194
147 0.818984 229.478471
148 0.81734 231.149796
149 0.819559 232.703121
150 0.820163 234.255305
151 0.820714 235.808949
152 0.821995 237.362551
153 0.822346 238.915354
154 0.820903 240.46956
155 0.821192 242.022944
156 0.820442 243.578343
157 0.821814 245.135494
158 0.821913 246.81216
159 0.822962 248.366448
160 0.822334 250.041629
161 0.820601 251.59723
162 0.823091 253.148422
163 0.823455 254.704329
164 0.824215 256.255693
165 0.825557 257.808997
166 0.823308 259.363447
167 0.822978 261.036883
168 0.82465 262.590321
169 0.823077 264.143691
170 0.820125 265.699169
171 0.825348 267.271484
172 0.824905 268.822316
173 0.824822 270.37949
174 0.825901 271.933365
175 0.827955 273.489043
176 0.826722 275.044088
177 0.825653 276.720109
178 0.821933 278.272546
179 0.823733 279.828524
180 0.826117 281.381898
181 0.829151 282.937125
182 0.827647 284.491581
183 0.826492 286.043964
184 0.831764 287.596192
185 0.829361 289.143805
186 0.829434 290.82437
187 0.830258 292.374956
188 0.832051 293.928408
189 0.830872 295.479357
190 0.829042 297.030236
191 0.8295 298.577532
192 0.831521 300.12662

Batch size is 64
Epoch & Fidelity & Runtime 
1 0.115973 1.240562
2 0.167126 2.385931
3 0.205938 3.528273
4 0.234498 4.669702
5 0.256744 5.804996
6 0.275772 6.943206
7 0.293436 8.081752
8 0.308544 9.23142
9 0.322025 10.369208
10 0.335403 11.510187
11 0.347263 12.653337
12 0.358205 13.924094
13 0.367866 15.082399
14 0.378101 16.221792
15 0.387569 17.361693
16 0.397585 18.502829
17 0.407008 19.652725
18 0.416916 20.790331
19 0.426965 21.931563
20 0.436963 23.080568
21 0.446143 24.233824
22 0.455404 25.396732
23 0.465146 26.540764
24 0.473886 27.689418
25 0.481377 28.961802
26 0.48952 30.115258
27 0.495286 31.269155
28 0.502218 32.408167
29 0.508899 33.545823
30 0.513806 34.688459
31 0.519254 35.828547
32 0.524282 36.968801
33 0.528564 38.122153
34 0.532857 39.260858
35 0.53588 40.449318
36 0.539402 41.616625
37 0.543138 42.781106
38 0.546104 44.078046
39 0.549362 45.240482
40 0.551508 46.405172
41 0.554002 47.569771
42 0.557566 48.738401
43 0.559951 49.903329
44 0.561751 51.071599
45 0.564348 52.240258
46 0.566839 53.406155
47 0.569053 54.574244
48 0.571808 55.740878
49 0.573397 56.907471
50 0.575924 58.073854
51 0.577973 59.372914
52 0.580515 60.538545
53 0.583333 61.705012
54 0.585872 62.870941
55 0.588028 64.035765
56 0.59024 65.201521
57 0.592553 66.365374
58 0.594468 67.530229
59 0.59674 68.694044
60 0.597714 69.866857
61 0.600993 71.03155
62 0.604252 72.199284
63 0.606465 73.429949
64 0.608677 74.660805
65 0.61062 75.829009
66 0.612096 76.994346
67 0.614583 78.292794
68 0.616033 79.46541
69 0.618012 80.63339
70 0.620463 81.798817
71 0.623077 82.962468
72 0.625796 84.128452
73 0.627583 85.295459
74 0.628763 86.462378
75 0.632214 87.627655
76 0.63351 88.926565
77 0.635239 90.089152
78 0.636281 91.255171
79 0.639361 92.424806
80 0.641173 93.589799
81 0.642875 94.758302
82 0.645093 95.926476
83 0.647055 97.093519
84 0.648856 98.260769
85 0.650005 99.424623
86 0.65313 100.59037
87 0.654466 101.755591
88 0.65673 102.923481
89 0.659162 104.232649
90 0.660548 105.408679
91 0.662017 106.574477
92 0.66312 107.743022
93 0.665311 108.909466
94 0.668048 110.076459
95 0.669578 111.243885
96 0.670973 112.412712
97 0.672634 113.581846
98 0.67499 114.748551
99 0.676085 115.919991
100 0.677992 117.092118
101 0.678649 118.291888
102 0.679956 119.595542
103 0.682299 120.764235
104 0.683746 121.935496
105 0.685294 123.107019
106 0.688753 124.280077
107 0.689823 125.452
108 0.690024 126.622106
109 0.691643 127.792327
110 0.693729 128.963274
111 0.696326 130.135857
112 0.697323 131.307696
113 0.698712 132.479828
114 0.701193 133.785627
115 0.701573 134.9584
116 0.703332 136.127355
117 0.704165 137.296889
118 0.705499 138.466195
119 0.707164 139.634551
120 0.70798 140.808128
121 0.70902 141.98121
122 0.712653 143.156129
123 0.713145 144.3277
124 0.715005 145.498806
125 0.716492 146.669544
126 0.717256 147.84072
127 0.718123 149.150943
128 0.719138 150.32073
129 0.719559 151.488962
130 0.722767 152.660636
131 0.723911 153.83039
132 0.723927 155.00311
133 0.726561 156.171459
134 0.727 157.342324
135 0.727667 158.515858
136 0.728466 159.687817
137 0.729046 160.86038
138 0.732042 162.03297
139 0.734091 163.204345
140 0.734786 164.521288
141 0.735073 165.690235
142 0.736755 166.862262
143 0.738792 168.034179
144 0.739551 169.206571
145 0.740568 170.378138
146 0.741393 171.549575
147 0.742847 172.723659
148 0.743946 173.89274
149 0.743982 175.063611
150 0.746338 176.235318
151 0.745791 177.404881
152 0.747761 178.720924
153 0.748629 179.893782
154 0.750085 181.064922
155 0.751139 182.235504
156 0.750816 183.405864
157 0.752362 184.587529
158 0.75351 185.76701
159 0.755066 186.936515
160 0.755945 188.110762
161 0.756789 189.282201
162 0.758045 190.455122
163 0.759702 191.625989
164 0.760892 192.795858
165 0.761677 194.116451
166 0.762272 195.286505
167 0.762483 196.455251
168 0.762927 197.65499
169 0.763958 198.826107
170 0.764507 199.997414
171 0.766761 201.168116
172 0.767352 202.341995
173 0.767294 203.51282
174 0.767681 204.685205
175 0.76965 205.854942
176 0.769619 207.026704
177 0.771614 208.198322
178 0.77172 209.523431
179 0.774148 210.696808
180 0.775006 211.866934
181 0.776391 213.038266
182 0.776791 214.208993
183 0.778287 215.380331
184 0.777323 216.552626
185 0.778016 217.724699
186 0.779711 218.896479
187 0.780807 220.06479
188 0.779896 221.238453
189 0.781803 222.409995
190 0.782651 223.735515
191 0.783668 224.90926
192 0.784511 226.079532
193 0.784677 227.251502
194 0.786319 228.42447
195 0.786453 229.596819
196 0.785514 230.767136
197 0.785129 231.936278
198 0.787048 233.107323
199 0.788177 234.277542
200 0.789147 235.449841
201 0.789995 236.62216
202 0.79074 237.792704
203 0.789349 239.122226
204 0.791961 240.293359
205 0.793722 241.462666
206 0.794079 242.633728
207 0.795283 243.802781
208 0.79574 244.976101
209 0.794815 246.145216
210 0.797146 247.316422
211 0.797346 248.489608
212 0.796672 249.661015
213 0.797949 250.8322
214 0.797887 252.002613
215 0.798826 253.174034
216 0.797817 254.511055
217 0.797533 255.68076
218 0.800302 256.848655
219 0.801407 258.020467
220 0.80272 259.191205
221 0.802279 260.362938
222 0.801443 261.534587
223 0.79924 262.709357
224 0.801359 263.881587
225 0.802631 265.053043
226 0.800993 266.225886
227 0.801541 267.397437
228 0.802479 268.731484
229 0.802975 269.903972
230 0.80314 271.074979
231 0.802374 272.245016
232 0.802218 273.418994
233 0.802896 274.587849
234 0.805769 275.788484
235 0.804966 276.962125
236 0.807089 278.135013
237 0.808099 279.306558
238 0.807515 280.477179
239 0.807774 281.648758
240 0.806575 282.821067
241 0.808201 284.164307
242 0.809146 285.33879
243 0.807258 286.510878
244 0.808428 287.681703
245 0.808613 288.85289
246 0.809459 290.025736
247 0.811136 291.198889
248 0.811434 292.370487
249 0.812566 293.543481
250 0.810596 294.713657
251 0.81228 295.883741
252 0.813054 297.055914
253 0.813168 298.22817
254 0.814921 299.574893
255 0.812437 300.743569

Batch size is 128
Epoch & Fidelity & Runtime 
1 0.091702 1.062984
2 0.100685 2.048589
3 0.118833 3.000974
4 0.145655 4.127408
5 0.169304 5.083726
6 0.186934 6.043478
7 0.201501 6.994585
8 0.215125 7.946367
9 0.227024 8.907604
10 0.23861 9.865093
11 0.249871 10.827394
12 0.260182 11.7841
13 0.271019 12.750293
14 0.281285 13.702909
15 0.291587 14.659782
16 0.301891 15.616525
17 0.311915 16.582539
18 0.321457 17.551307
19 0.331451 18.51699
20 0.340882 19.641628
21 0.350502 20.602174
22 0.359394 21.575206
23 0.36801 22.534336
24 0.376502 23.485898
25 0.384487 24.634861
26 0.392513 25.58935
27 0.400484 26.54229
28 0.408366 27.512204
29 0.415711 28.477814
30 0.422687 29.445209
31 0.429969 30.404469
32 0.436934 31.37147
33 0.443852 32.32991
34 0.450482 33.280765
35 0.456819 34.407337
36 0.463102 35.373291
37 0.468955 36.338237
38 0.474747 37.303523
39 0.480676 38.264312
40 0.485568 39.238912
41 0.490599 40.207691
42 0.495121 41.176363
43 0.499567 42.137884
44 0.503933 43.104359
45 0.508036 44.079562
46 0.511936 45.053872
47 0.51556 46.021565
48 0.519526 46.990432
49 0.522905 47.953346
50 0.525859 49.102726
51 0.528798 50.100715
52 0.531267 51.075908
53 0.533937 52.051233
54 0.536244 53.026374
55 0.538865 53.998226
56 0.541503 54.97472
57 0.54354 55.951059
58 0.545108 56.927096
59 0.547244 57.900791
60 0.548658 58.87292
61 0.550635 59.846711
62 0.552298 60.819596
63 0.553981 61.791997
64 0.555498 62.766992
65 0.556945 63.887592
66 0.558486 64.891151
67 0.559863 65.866022
68 0.561281 67.015729
69 0.562758 67.989632
70 0.563879 68.964079
71 0.565206 69.937163
72 0.566314 70.909571
73 0.566842 71.884188
74 0.568213 72.860393
75 0.569367 73.83475
76 0.570491 74.810087
77 0.571705 75.782149
78 0.572608 76.755291
79 0.573721 77.730958
80 0.574525 78.80881
81 0.575728 79.853125
82 0.576579 80.826109
83 0.577549 81.801317
84 0.578836 82.773856
85 0.579689 83.747988
86 0.580389 84.721469
87 0.581048 85.694552
88 0.582471 86.674713
89 0.582925 87.651019
90 0.583728 88.622891
91 0.584802 89.597138
92 0.585864 90.57014
93 0.586853 91.544336
94 0.588328 92.517437
95 0.589082 93.495133
96 0.590171 94.643267
97 0.590884 95.617322
98 0.591942 96.592481
99 0.593294 97.56665
100 0.59405 98.543034
101 0.595323 99.516918
102 0.595814 100.490511
103 0.596933 101.465365
104 0.598089 102.438149
105 0.59927 103.409701
106 0.599894 104.383687
107 0.60141 105.359303
108 0.602598 106.334304
109 0.6038 107.308493
110 0.60475 108.283895
111 0.60612 109.431192
112 0.607827 110.403835
113 0.609107 111.378439
114 0.610346 112.352765
115 0.611414 113.32878
116 0.61247 114.312536
117 0.613628 115.293018
118 0.615001 116.272116
119 0.616124 117.252393
120 0.617438 118.228371
121 0.618374 119.204455
122 0.619901 120.178585
123 0.620774 121.153586
124 0.622075 122.128062
125 0.623417 123.101848
126 0.624381 124.252247
127 0.625384 125.22668
128 0.626254 126.200852
129 0.627621 127.177231
130 0.628769 128.152279
131 0.630268 129.136079
132 0.631224 130.117234
133 0.63262 131.098536
134 0.633746 132.080249
135 0.634756 133.058942
136 0.636004 134.038833
137 0.63725 135.018029
138 0.638826 135.997874
139 0.639858 136.978473
140 0.641337 137.957848
141 0.642827 139.108025
142 0.643707 140.089126
143 0.645029 141.069991
144 0.646603 142.049864
145 0.647652 143.029308
146 0.648963 144.009921
147 0.649947 144.995558
148 0.651298 145.991369
149 0.65217 146.980877
150 0.653555 147.967969
151 0.654921 148.954494
152 0.656336 149.940223
153 0.657575 150.925853
154 0.658203 151.905861
155 0.660097 152.892885
156 0.661102 154.051313
157 0.662536 155.033057
158 0.663358 156.016328
159 0.664862 156.998253
160 0.666319 157.979966
161 0.667997 158.961233
162 0.669255 159.944165
163 0.67033 160.927274
164 0.671078 161.909489
165 0.672251 162.888673
166 0.673412 163.8753
167 0.675373 164.859268
168 0.676622 165.837456
169 0.678425 166.817844
170 0.678335 167.797468
171 0.680598 168.959511
172 0.682229 169.940466
173 0.682737 170.922645
174 0.684093 171.906653
175 0.685649 172.897115
176 0.686269 173.883202
177 0.687832 174.874882
178 0.68931 175.865768
179 0.690429 176.855951
180 0.691612 177.85088
181 0.692802 178.833059
182 0.694384 179.817711
183 0.695316 180.804017
184 0.696202 181.785903
185 0.697584 182.768417
186 0.698477 183.935995
187 0.699922 184.917191
188 0.701328 185.900413
189 0.702361 186.879429
190 0.703481 187.862555
191 0.704606 188.855569
192 0.705472 189.835066
193 0.706637 190.815097
194 0.707564 191.797969
195 0.709224 192.78072
196 0.710239 193.763536
197 0.710871 194.748365
198 0.711363 195.728718
199 0.71243 196.709739
200 0.713256 197.701473
201 0.715049 198.875909
202 0.716387 199.868822
203 0.717567 200.86877
204 0.71846 201.860065
205 0.719274 202.84442
206 0.72052 203.829177
207 0.721569 204.812303
208 0.722638 205.797437
209 0.722743 206.77817
210 0.723651 207.757675
211 0.724605 208.739708
212 0.725192 209.720412
213 0.726248 210.700155
214 0.727719 211.681508
215 0.728574 212.666726
216 0.729516 213.844694
217 0.730316 214.823224
218 0.731797 215.802987
219 0.732286 216.790666
220 0.732701 217.773316
221 0.733578 218.754101
222 0.733815 219.735708
223 0.735553 220.717455
224 0.736168 221.704096
225 0.736521 222.693331
226 0.737141 223.691918
227 0.738299 224.681386
228 0.737747 225.671971
229 0.738475 226.855097
230 0.739534 227.846485
231 0.740766 229.029834
232 0.741985 230.03823
233 0.743289 231.020149
234 0.744127 232.001526
235 0.744762 232.983424
236 0.745286 233.964791
237 0.745513 234.946585
238 0.7464 235.928442
239 0.747138 236.909367
240 0.747421 237.892596
241 0.747709 238.872679
242 0.749286 239.852975
243 0.750579 240.832291
244 0.750167 241.814564
245 0.751099 242.795195
246 0.752036 243.975436
247 0.752517 244.954563
248 0.75384 245.935354
249 0.754724 246.916643
250 0.75503 247.895459
251 0.7561 248.875943
252 0.756645 249.856244
253 0.757371 250.837527
254 0.757877 251.8169
255 0.758347 252.797843
256 0.758744 253.778498
257 0.759494 254.757338
258 0.760046 255.738354
259 0.760773 256.717454
260 0.760954 257.696506
261 0.761727 258.877269
262 0.762406 259.858493
263 0.762885 260.841356
264 0.762442 261.823262
265 0.763352 262.80311
266 0.764674 263.782172
267 0.764496 264.763497
268 0.765045 265.747714
269 0.765384 266.730354
270 0.766172 267.712338
271 0.766658 268.696851
272 0.767375 269.679959
273 0.767377 270.662923
274 0.767935 271.647007
275 0.767887 272.627984
276 0.768429 273.809402
277 0.770057 274.796453
278 0.770432 275.777152
279 0.770726 276.757576
280 0.770386 277.737211
281 0.770405 278.718081
282 0.772414 279.698929
283 0.773392 280.678764
284 0.773959 281.659297
285 0.774367 282.638804
286 0.774024 283.620412
287 0.775208 284.603687
288 0.775243 285.582568
289 0.775621 286.563985
290 0.776638 287.545913
291 0.77719 288.525702
292 0.77782 289.719459
293 0.77839 290.699183
294 0.778884 291.67827
295 0.77963 292.657535
296 0.780276 293.634754
297 0.780112 294.617249
298 0.779781 295.602313
299 0.780419 296.582549
300 0.781902 297.560754
301 0.782493 298.544463
302 0.782738 299.524868
303 0.782347 300.507011

Batch size is 256
Epoch & Fidelity & Runtime 
1 0.091104 0.952239
2 0.095044 1.910923
3 0.100415 2.783874
4 0.108101 3.643509
5 0.118521 4.503803
6 0.130973 5.364636
7 0.144232 6.223215
8 0.156349 7.085566
9 0.167089 8.160305
10 0.1764 9.023878
11 0.185047 9.883616
12 0.192998 10.744654
13 0.200273 11.605349
14 0.207861 12.468251
15 0.214956 13.329406
16 0.222279 14.191802
17 0.229142 15.052533
18 0.235851 15.911304
19 0.242292 16.774803
20 0.248823 17.636791
21 0.254892 18.499402
22 0.26066 19.359553
23 0.267085 20.219829
24 0.272786 21.080601
25 0.278603 21.942429
26 0.284225 23.015235
27 0.289675 23.876472
28 0.295178 24.737654
29 0.300242 25.603306
30 0.305577 26.465693
31 0.310749 27.332086
32 0.316064 28.191787
33 0.320794 29.050939
34 0.325896 29.916473
35 0.330631 30.775067
36 0.335269 31.64254
37 0.339787 32.504573
38 0.344544 33.364528
39 0.349167 34.223968
40 0.353537 35.084275
41 0.357863 35.945498
42 0.361736 36.807872
43 0.366019 37.885198
44 0.37017 38.755986
45 0.374016 39.621345
46 0.377825 40.491331
47 0.381955 41.353948
48 0.386119 42.211723
49 0.390022 43.072865
50 0.393979 43.93704
51 0.398108 44.811664
52 0.40179 45.67267
53 0.406009 46.532291
54 0.409879 47.404927
55 0.413649 48.26215
56 0.417123 49.144132
57 0.421227 50.016427
58 0.424862 50.902633
59 0.428441 51.792555
60 0.432342 52.871068
61 0.435861 53.752493
62 0.439531 54.635488
63 0.443219 55.509663
64 0.44642 56.384738
65 0.449781 57.260289
66 0.453073 58.119972
67 0.456563 59.010544
68 0.459777 59.897327
69 0.462731 60.78092
70 0.465788 61.881261
71 0.469067 62.767219
72 0.47201 63.653528
73 0.47462 64.538554
74 0.477381 65.422827
75 0.480141 66.305361
76 0.482666 67.191679
77 0.48558 68.288825
78 0.488026 69.175168
79 0.490556 70.060613
80 0.492988 70.945007
81 0.495155 71.827829
82 0.497308 72.715725
83 0.499541 73.608238
84 0.501621 74.503163
85 0.503831 75.396384
86 0.506018 76.281667
87 0.507798 77.174984
88 0.509829 78.063748
89 0.511704 78.947228
90 0.513277 79.838284
91 0.515091 80.722369
92 0.516374 81.609982
93 0.518494 82.575558
94 0.519932 83.597064
95 0.521376 84.479345
96 0.522778 85.365096
97 0.524316 86.248533
98 0.525638 87.134299
99 0.527569 88.01866
100 0.528865 88.903185
101 0.530433 89.791121
102 0.531306 90.675826
103 0.532684 91.560447
104 0.533847 92.443629
105 0.534976 93.326864
106 0.536013 94.211589
107 0.536721 95.095953
108 0.537901 95.977937
109 0.539104 96.863189
110 0.540257 97.963203
111 0.54127 98.847369
112 0.542307 99.730211
113 0.543403 100.613976
114 0.544143 101.499311
115 0.545133 102.385208
116 0.545906 103.27098
117 0.546941 104.154452
118 0.547883 105.039639
119 0.548893 105.924913
120 0.54981 106.810349
121 0.550736 107.695617
122 0.551486 108.583971
123 0.552295 109.474799
124 0.553136 110.362648
125 0.553872 111.249744
126 0.554431 112.136616
127 0.554993 113.237617
128 0.555881 114.120297
129 0.556441 115.006529
130 0.556871 115.893002
131 0.557923 116.780022
132 0.558608 117.662043
133 0.559346 118.545001
134 0.560277 119.428347
135 0.560791 120.312581
136 0.56136 121.208087
137 0.561726 122.095549
138 0.562234 122.98373
139 0.562868 123.869791
140 0.563314 124.758827
141 0.563851 125.647409
142 0.564489 126.529655
143 0.564889 127.416293
144 0.565232 128.518975
145 0.565806 129.405518
146 0.566474 130.291698
147 0.567078 131.175934
148 0.567453 132.065133
149 0.567927 132.950445
150 0.568386 133.833845
151 0.56887 134.724087
152 0.569257 135.612136
153 0.569795 136.506772
154 0.570131 137.39238
155 0.570679 138.286649
156 0.571136 139.185444
157 0.571624 140.083348
158 0.572099 140.975037
159 0.572453 141.865718
160 0.573086 142.968334
161 0.573058 143.86095
162 0.573776 144.753184
163 0.574419 145.643649
164 0.574655 146.534674
165 0.575136 147.427053
166 0.575614 148.318887
167 0.576084 149.207403
168 0.576402 150.09514
169 0.57693 150.985195
170 0.577201 151.876241
171 0.577469 152.765246
172 0.57776 153.655378
173 0.577979 154.547703
174 0.578493 155.439989
175 0.578848 156.332329
176 0.579332 157.225436
177 0.579834 158.343341
178 0.579765 159.245969
179 0.580226 160.157811
180 0.580602 161.050404
181 0.581052 161.9497
182 0.581651 162.853124
183 0.58198 163.746727
184 0.5825 164.649513
185 0.582742 165.548728
186 0.583162 166.442663
187 0.583728 167.340636
188 0.584185 168.243424
189 0.584564 169.132851
190 0.585132 170.024942
191 0.585294 170.917167
192 0.585499 171.810592
193 0.585885 172.917118
194 0.586263 173.807789
195 0.586604 174.699508
196 0.587143 175.590811
197 0.587536 176.480522
198 0.587979 177.372605
199 0.588366 178.264973
200 0.588805 179.161224
201 0.588949 180.053019
202 0.589385 180.942846
203 0.589811 181.833914
204 0.590348 182.726218
205 0.590649 183.617347
206 0.590943 184.509542
207 0.591544 185.405545
208 0.591899 186.307254
209 0.592315 187.206947
210 0.592694 188.34426
211 0.5933 189.236043
212 0.593747 190.145298
213 0.594187 191.042486
214 0.594704 191.944523
215 0.595207 192.837693
216 0.595683 193.740084
217 0.595883 194.637573
218 0.596338 195.535644
219 0.596753 196.433786
220 0.597362 197.328409
221 0.597828 198.219545
222 0.598139 199.111084
223 0.598662 200.014447
224 0.599328 200.912707
225 0.599789 201.80318
226 0.600344 202.924663
227 0.60094 203.815973
228 0.601432 204.708278
229 0.601905 205.598855
230 0.602177 206.49394
231 0.602728 207.400576
232 0.603077 208.302132
233 0.603592 209.204373
234 0.604166 210.104546
235 0.604526 211.003946
236 0.605131 211.901986
237 0.605614 212.80324
238 0.60633 213.706981
239 0.606891 214.605099
240 0.6074 215.49671
241 0.6078 216.392846
242 0.608509 217.29384
243 0.609279 218.421171
244 0.609875 219.541162
245 0.610297 220.435373
246 0.61084 221.336003
247 0.611232 222.228645
248 0.611896 223.119831
249 0.612667 224.012034
250 0.613295 224.903481
251 0.613928 225.793541
252 0.614532 226.685935
253 0.614987 227.579563
254 0.615759 228.471416
255 0.616197 229.360288
256 0.617026 230.252688
257 0.61755 231.146156
258 0.618273 232.050742
259 0.618836 233.183456
260 0.619422 234.082319
261 0.620325 234.985335
262 0.620895 235.88303
263 0.621533 236.78565
264 0.62235 237.687403
265 0.62293 238.58309
266 0.623444 239.480582
267 0.624335 240.372614
268 0.625032 241.268839
269 0.625666 242.16981
270 0.626137 243.06003
271 0.627169 243.950128
272 0.627934 244.844155
273 0.628405 245.746574
274 0.629197 246.636835
275 0.62997 247.761337
276 0.630613 248.665944
277 0.631448 249.559531
278 0.631832 250.452005
279 0.632701 251.342085
280 0.633371 252.233865
281 0.63398 253.134186
282 0.63488 254.043694
283 0.63565 254.945399
284 0.636431 255.845727
285 0.637202 256.743914
286 0.638074 257.643271
287 0.638823 258.544537
288 0.639502 259.440223
289 0.640275 260.337664
290 0.641043 261.232352
291 0.641792 262.133716
292 0.642459 263.263254
293 0.643176 264.151551
294 0.643837 265.045843
295 0.644634 265.947419
296 0.645544 266.837468
297 0.646391 267.727051
298 0.647237 268.628137
299 0.647928 269.521214
300 0.648551 270.410833
301 0.649482 271.300391
302 0.650134 272.193053
303 0.650948 273.100372
304 0.651783 274.00248
305 0.652577 274.90218
306 0.6534 275.801478
307 0.654349 276.707711
308 0.655052 277.84181
309 0.655944 278.739623
310 0.656741 279.641907
311 0.657432 280.53383
312 0.658385 281.430199
313 0.659093 282.332005
314 0.659882 283.222903
315 0.660599 284.111807
316 0.661309 285.004973
317 0.662067 285.903129
318 0.662955 286.799777
319 0.663707 287.688643
320 0.664747 288.581857
321 0.66558 289.477891
322 0.666405 290.36756
323 0.667191 291.255433
324 0.667933 292.14694
325 0.668313 293.279105
326 0.669227 294.170228
327 0.669871 295.06255
328 0.670632 295.957415
329 0.671255 296.867122
330 0.67197 297.769316
331 0.672594 298.668338
332 0.673408 299.571565
333 0.674118 300.478373

Batch size is 512
Epoch & Fidelity & Runtime 
1 0.087431 0.892667
2 0.091399 1.816151
3 0.094 2.6948
4 0.096746 3.507096
5 0.099973 4.317378
6 0.103884 5.129153
7 0.108546 5.94557
8 0.11402 6.759313
9 0.120277 7.57296
10 0.127024 8.388419
11 0.134152 9.212171
12 0.141453 10.187204
13 0.148509 11.094767
14 0.155129 11.917267
15 0.161343 12.724579
16 0.166906 13.542185
17 0.171971 14.352191
18 0.176646 15.162898
19 0.181055 15.974375
20 0.185107 16.791734
21 0.188809 17.60206
22 0.192328 18.414925
23 0.195831 19.232094
24 0.199133 20.046534
25 0.202349 20.874449
26 0.205551 21.686254
27 0.208722 22.504379
28 0.211845 23.324802
29 0.214891 24.141302
30 0.217781 25.051201
31 0.220628 26.032751
32 0.223518 26.859069
33 0.226435 27.673316
34 0.229166 28.493097
35 0.231942 29.327981
36 0.23461 30.147575
37 0.23723 30.966659
38 0.239931 31.794886
39 0.242605 32.61177
40 0.245216 33.423385
41 0.24789 34.250567
42 0.250514 35.069631
43 0.253104 35.89582
44 0.255661 36.721255
45 0.25837 37.539914
46 0.260881 38.362447
47 0.263276 39.195962
48 0.265743 40.159197
49 0.268234 41.089153
50 0.270505 41.912855
51 0.272939 42.720616
52 0.27535 43.549395
53 0.277692 44.364102
54 0.280038 45.199094
55 0.282386 46.28563
56 0.284713 47.10888
57 0.286952 47.943501
58 0.289262 48.776709
59 0.291441 49.604652
60 0.293675 50.438855
61 0.295911 51.271831
62 0.298144 52.106187
63 0.300325 52.942208
64 0.302488 53.774149
65 0.304625 54.608515
66 0.306985 55.691083
67 0.309069 56.526776
68 0.311376 57.359877
69 0.313576 58.193933
70 0.315822 59.026424
71 0.318051 59.860633
72 0.320141 60.694044
73 0.322336 61.528279
74 0.324444 62.36657
75 0.326664 63.199649
76 0.328874 64.034228
77 0.330978 64.870564
78 0.333134 65.704328
79 0.33519 66.537989
80 0.337261 67.37814
81 0.33929 68.211898
82 0.341574 69.045158
83 0.343877 69.879759
84 0.345826 70.961684
85 0.348009 71.795617
86 0.350191 72.629287
87 0.352332 73.461219
88 0.354527 74.294362
89 0.356551 75.128478
90 0.358701 75.965792
91 0.360806 76.807361
92 0.362813 77.643508
93 0.36495 78.47927
94 0.366963 79.313467
95 0.369 80.149967
96 0.371158 81.007933
97 0.373214 81.841451
98 0.37534 82.690219
99 0.377424 83.526624
100 0.379439 84.371892
101 0.381478 85.462942
102 0.383436 86.301195
103 0.385431 87.136993
104 0.387441 87.980095
105 0.389623 88.816256
106 0.391572 89.650113
107 0.393817 90.49192
108 0.395936 91.333319
109 0.397892 92.173076
110 0.400102 93.007824
111 0.402184 93.843559
112 0.404386 94.682548
113 0.406205 95.516471
114 0.408263 96.351345
115 0.410336 97.18719
116 0.41217 98.023779
117 0.414153 98.857655
118 0.416141 99.697138
119 0.418122 100.786225
120 0.420108 101.616627
121 0.422056 102.455293
122 0.424031 103.290999
123 0.426079 104.125826
124 0.427874 104.96042
125 0.429765 105.794267
126 0.431685 106.62779
127 0.433734 107.462453
128 0.435626 108.296356
129 0.437576 109.130096
130 0.439406 109.962382
131 0.44115 110.809658
132 0.443016 111.654287
133 0.444853 112.489953
134 0.446753 113.33214
135 0.448707 114.167793
136 0.45044 115.139376
137 0.452091 116.09985
138 0.453944 116.938751
139 0.455633 117.771202
140 0.457268 118.604977
141 0.459063 119.441986
142 0.460564 120.277153
143 0.462062 121.111884
144 0.463524 121.950493
145 0.465359 122.786609
146 0.46686 123.620207
147 0.468405 124.454252
148 0.469911 125.285565
149 0.471444 126.121942
150 0.473001 126.956773
151 0.474587 127.790633
152 0.476124 128.626117
153 0.477596 129.459779
154 0.479068 130.544785
155 0.480471 131.382085
156 0.481911 132.217463
157 0.483155 133.052246
158 0.484607 133.888724
159 0.485912 134.721456
160 0.487167 135.555193
161 0.488483 136.387868
162 0.489951 137.221578
163 0.491134 138.055455
164 0.492296 138.887866
165 0.493552 139.721107
166 0.494867 140.554356
167 0.496209 141.387262
168 0.497367 142.223505
169 0.498456 143.056104
170 0.499687 143.890095
171 0.501059 144.732446
172 0.502151 145.822579
173 0.503244 146.664361
174 0.504468 147.506706
175 0.50551 148.348468
176 0.506658 149.188281
177 0.507688 150.027946
178 0.508695 150.865734
179 0.509782 151.702641
180 0.510817 152.541734
181 0.511682 153.381662
182 0.512748 154.222196
183 0.513807 155.064718
184 0.514664 155.903595
185 0.515765 156.74643
186 0.516683 157.586565
187 0.517606 158.437034
188 0.518482 159.284955
189 0.519312 160.385415
190 0.520192 161.235996
191 0.520908 162.082336
192 0.521828 162.92898
193 0.522733 163.783425
194 0.523532 164.632108
195 0.524429 165.479831
196 0.525286 166.331084
197 0.52605 167.17516
198 0.526803 168.022006
199 0.527571 168.869622
200 0.528368 169.712512
201 0.529141 170.549652
202 0.529984 171.390022
203 0.530708 172.228112
204 0.531535 173.065117
205 0.532416 173.90689
206 0.533118 174.752085
207 0.53391 175.851485
208 0.534545 176.6939
209 0.535242 177.532582
210 0.536024 178.372457
211 0.536674 179.211495
212 0.537209 180.050246
213 0.537866 180.902114
214 0.538405 181.750129
215 0.539092 182.598891
216 0.539757 183.451093
217 0.540346 184.303763
218 0.541049 185.148923
219 0.541734 186.002917
220 0.542369 186.846357
221 0.542951 187.692651
222 0.543588 188.542651
223 0.544116 189.38155
224 0.544588 190.493425
225 0.54521 191.334811
226 0.545771 192.174612
227 0.546342 193.015745
228 0.546844 193.854399
229 0.547332 194.696098
230 0.547933 195.545679
231 0.548501 196.386511
232 0.548931 197.234901
233 0.549535 198.077772
234 0.550072 198.917975
235 0.550615 199.75729
236 0.551094 200.610515
237 0.551629 201.460817
238 0.552121 202.309876
239 0.552627 203.158755
240 0.553084 204.005466
241 0.553641 204.856703
242 0.554089 205.97225
243 0.554423 206.825362
244 0.554936 207.669782
245 0.555566 208.5138
246 0.555982 209.360833
247 0.556487 210.479058
248 0.557114 211.321729
249 0.557491 212.162827
250 0.557872 213.006182
251 0.558108 213.845483
252 0.558782 214.688955
253 0.559293 215.536001
254 0.559711 216.376396
255 0.560145 217.222391
256 0.560513 218.065107
257 0.560876 218.906161
258 0.561392 219.748313
259 0.56193 220.873083
260 0.562367 221.72219
261 0.56278 222.571297
262 0.563229 223.4225
263 0.563593 224.268664
264 0.563951 225.121763
265 0.564317 225.972461
266 0.56491 226.815713
267 0.565361 227.663975
268 0.565769 228.518111
269 0.566202 229.368251
270 0.566536 230.214521
271 0.566965 231.056629
272 0.567253 231.900384
273 0.567485 232.741191
274 0.567946 233.579881
275 0.568305 234.418686
276 0.568725 235.528486
277 0.569053 236.369298
278 0.569496 237.208066
279 0.569878 238.047047
280 0.570325 238.88499
281 0.570748 239.723085
282 0.571188 240.560997
283 0.571608 241.397567
284 0.572053 242.236647
285 0.572295 243.07541
286 0.572593 243.912834
287 0.572897 244.751774
288 0.57337 245.590879
289 0.573714 246.431292
290 0.574053 247.273022
291 0.574513 248.114134
292 0.574886 248.953021
293 0.575229 249.791888
294 0.575718 250.910266
295 0.576108 251.7495
296 0.576432 252.59269
297 0.576896 253.447632
298 0.577187 254.296933
299 0.577388 255.156968
300 0.577789 256.004242
301 0.578189 256.848939
302 0.578772 257.702319
303 0.579109 258.550406
304 0.579418 259.40505
305 0.579768 260.252771
306 0.57995 261.100892
307 0.580343 261.953595
308 0.580841 262.79704
309 0.581397 263.63627
310 0.581704 264.478769
311 0.582043 265.594465
312 0.582393 266.443516
313 0.58276 267.288103
314 0.583081 268.128806
315 0.583387 268.980621
316 0.583774 269.824433
317 0.58433 270.665569
318 0.584551 271.505461
319 0.584979 272.346425
320 0.58542 273.1995
321 0.585854 274.049805
322 0.586142 274.908848
323 0.586464 275.756524
324 0.586913 276.601604
325 0.587291 277.456144
326 0.587669 278.30233
327 0.587986 279.148586
328 0.588395 280.280657
329 0.58887 281.129364
330 0.589205 281.982908
331 0.589648 282.823917
332 0.590095 283.664329
333 0.590476 284.509548
334 0.590907 285.352082
335 0.591353 286.199594
336 0.5917 287.046379
337 0.592179 287.888218
338 0.592476 288.743025
339 0.5929 289.588232
340 0.593312 290.429149
341 0.593815 291.267981
342 0.594158 292.124224
343 0.594516 292.975579
344 0.595043 293.823007
345 0.595489 294.679339
346 0.595833 295.820671
347 0.596138 296.665247
348 0.59652 297.522135
349 0.596952 298.373039
350 0.597421 299.228448
351 0.597843 300.073363

