Batch Sizes: 2 4 8 16 32 
Epoch & Fidelity & KL & Runtime 
1 0.669744 0.7047 1.063297
2 0.821137 0.350938 2.117641
3 0.900265 0.190964 3.167189
4 0.937127 0.121229 4.222625
5 0.959469 0.080369 5.275024
6 0.968707 0.063751 6.335202
7 0.974602 0.053471 7.388818
8 0.978972 0.04581 8.440655
9 0.983053 0.038883 9.49218
10 0.983794 0.037587 10.546918
11 0.984447 0.036514 11.598066
12 0.985159 0.035303 12.650104
13 0.985944 0.03411 13.712338
14 0.985998 0.034149 14.766429
15 0.986543 0.033095 15.815041
16 0.986687 0.032885 16.864626
17 0.986338 0.033508 17.912278
18 0.987088 0.03228 18.963927
19 0.987362 0.031871 20.016906
20 0.987234 0.03219 21.06433
21 0.987019 0.03268 22.113498
22 0.986617 0.03334 23.162346
23 0.987973 0.030782 24.212526
24 0.987833 0.031016 25.264982
25 0.988197 0.030242 26.312944
26 0.988298 0.030098 27.361613
27 0.988295 0.03 28.431555
28 0.988012 0.030508 29.483192
29 0.987998 0.030578 30.535904
30 0.987932 0.030714 31.587917
31 0.988392 0.029822 32.638261
32 0.988636 0.029311 33.690177
33 0.988517 0.029588 34.74137
34 0.988278 0.030175 35.793359
35 0.987291 0.032037 36.841661
36 0.988421 0.029865 37.891918
37 0.988448 0.029774 38.943801
38 0.98883 0.02905 39.991944
39 0.988105 0.030291 41.041362
40 0.987804 0.031018 42.093291
41 0.987651 0.03127 43.19094
42 0.988067 0.030521 44.244029
43 0.988614 0.029521 45.296103
44 0.988014 0.030612 46.354927
45 0.987942 0.031059 47.406518
46 0.987666 0.031354 48.457359
47 0.98796 0.030787 49.510892
48 0.988152 0.030326 50.560364
49 0.988671 0.029358 51.614344
50 0.989178 0.028514 52.66739
51 0.989072 0.028733 53.717864
52 0.989408 0.028016 54.771405
53 0.989208 0.028516 55.82493
54 0.989287 0.028341 56.879999
55 0.989052 0.028723 57.929053
56 0.989101 0.028802 59.012451
57 0.988868 0.029209 60.066974
58 0.988632 0.029555 61.118773
59 0.98905 0.028823 62.171147
60 0.989421 0.028068 63.221564
61 0.989175 0.02859 64.272743
62 0.988878 0.029075 65.32595
63 0.989952 0.027179 66.376493
64 0.98956 0.027944 67.428508
65 0.989166 0.028611 68.47975
66 0.989515 0.02795 69.52957
67 0.988927 0.029184 70.583352
68 0.989543 0.028079 71.634105
69 0.989369 0.028361 72.68666
70 0.989557 0.027893 73.778709
71 0.989648 0.027857 74.829969
72 0.989875 0.027508 75.894016
73 0.989171 0.028838 76.950252
74 0.989323 0.028501 78.004318
75 0.989129 0.028767 79.05971
76 0.98956 0.02799 80.112558
77 0.989667 0.027878 81.167669
78 0.990335 0.026641 82.223796
79 0.990099 0.027066 83.277139
80 0.990238 0.02673 84.329572
81 0.990305 0.026747 85.384004
82 0.990356 0.026529 86.44281
83 0.990482 0.026248 87.49743
84 0.989898 0.027256 88.609705
85 0.990811 0.025676 89.663039
86 0.990819 0.025618 90.719422
87 0.990905 0.025548 91.774108
88 0.990453 0.026301 92.830847
89 0.991078 0.025099 93.88922
90 0.990366 0.026562 94.942684
91 0.990473 0.026284 95.998409
92 0.990341 0.026553 97.056224
93 0.990607 0.026135 98.112221
94 0.990476 0.026446 99.166692
95 0.990735 0.025901 100.219741
96 0.990368 0.02667 101.274675
97 0.990343 0.026784 102.326895
98 0.990924 0.025728 103.434852
99 0.990662 0.026194 104.491088
100 0.990629 0.026338 105.544286
101 0.990432 0.026642 106.599866
102 0.989972 0.027546 107.651618
103 0.990226 0.027003 108.70384
104 0.990039 0.027387 109.756501
105 0.990459 0.026623 110.809094
106 0.991053 0.025492 111.864589
107 0.991181 0.025194 112.920437
108 0.991586 0.024296 113.983929
109 0.991663 0.024191 115.03882
110 0.991824 0.023934 116.092327
111 0.991381 0.024874 117.145363
112 0.991124 0.025309 118.259417
113 0.990569 0.026383 119.311474
114 0.990465 0.026593 120.363842
115 0.991063 0.025366 121.417246
116 0.991355 0.024895 122.470739
117 0.991377 0.024789 123.522103
118 0.991384 0.024731 124.572351
119 0.991204 0.025022 125.629252
120 0.990807 0.025718 126.683051
121 0.991005 0.025411 127.736455
122 0.990351 0.026752 128.78683
123 0.991491 0.024599 129.838526
124 0.99107 0.025449 130.889879
125 0.991669 0.024257 131.943033
126 0.991901 0.023836 133.066246
127 0.991475 0.024558 134.118072
128 0.991073 0.025544 135.170055
129 0.990765 0.026058 136.223128
130 0.991302 0.025037 137.27566
131 0.991377 0.02492 138.330669
132 0.9918 0.024074 139.386189
133 0.991128 0.025412 140.440894
134 0.991148 0.025435 141.493334
135 0.990867 0.025815 142.547534
136 0.990906 0.025766 143.601619
137 0.989855 0.027746 144.657405
138 0.990162 0.027023 145.709074
139 0.990373 0.026703 146.759327
140 0.99121 0.025092 147.809773
141 0.991653 0.024279 148.940945
142 0.991255 0.025073 149.992047
143 0.99123 0.025208 151.042754
144 0.99144 0.024845 152.092745
145 0.990746 0.026165 153.143846
146 0.990727 0.026146 154.196718
147 0.990938 0.025722 155.248686
148 0.991243 0.025122 156.300386
149 0.991459 0.02463 157.351178
150 0.991352 0.02489 158.40101
151 0.991586 0.024411 159.457412
152 0.991732 0.024226 160.508088
153 0.991886 0.023979 161.559484
154 0.99166 0.024259 162.610796
155 0.992087 0.02349 163.746972
156 0.991199 0.025228 164.801429
157 0.991133 0.025348 165.852543
158 0.99081 0.026086 166.902416
159 0.990245 0.027152 167.95244
160 0.99045 0.026733 169.006393
161 0.99055 0.026571 170.061176
162 0.990485 0.026683 171.111477
163 0.989912 0.027837 172.162578
164 0.989736 0.028127 173.213609
165 0.990735 0.026166 174.268338
166 0.991056 0.025646 175.31883
167 0.99116 0.025441 176.370148
168 0.992044 0.023735 177.423483
169 0.991367 0.025096 178.564221
170 0.991454 0.024898 179.618356
171 0.991413 0.024967 180.670127
172 0.991497 0.024907 181.721853
173 0.99158 0.024686 182.771926
174 0.991642 0.024608 183.823272
175 0.991551 0.024629 184.878495
176 0.991368 0.025165 185.929272
177 0.991345 0.025152 186.979316
178 0.991145 0.025435 188.031401
179 0.991334 0.025169 189.081863
180 0.991149 0.025436 190.146935
181 0.991486 0.024666 191.19752
182 0.991446 0.024744 192.247639
183 0.9915 0.024738 193.39447
184 0.991351 0.025031 194.448298
185 0.990775 0.026167 195.503313
186 0.990455 0.026767 196.554937
187 0.990237 0.027012 197.60807
188 0.991265 0.025056 198.658849
189 0.990472 0.026603 199.709618
190 0.990462 0.026593 200.763446
191 0.990114 0.027358 201.815104
192 0.991157 0.025391 202.865919
193 0.990569 0.026684 203.917112
194 0.990897 0.02598 204.969455
195 0.991616 0.024466 206.023817
196 0.991338 0.02493 207.076686
197 0.990957 0.025701 208.231268
198 0.991151 0.025239 209.285648
199 0.991327 0.024988 210.340917
200 0.991956 0.023939 211.392799
201 0.991451 0.024973 212.445737
202 0.99052 0.026711 213.499542
203 0.990938 0.025937 214.55264
204 0.990843 0.026119 215.604011
205 0.990984 0.025882 216.660356
206 0.990565 0.026702 217.714705
207 0.991095 0.02567 218.874717
208 0.991072 0.025664 219.927111
209 0.990581 0.026758 220.979057
210 0.990931 0.025979 222.032381
211 0.990382 0.027084 223.190928
212 0.990973 0.025912 224.244379
213 0.990706 0.026389 225.298954
214 0.990391 0.026947 226.355022
215 0.989926 0.027743 227.407807
216 0.990683 0.026262 228.458642
217 0.99073 0.026188 229.510606
218 0.990947 0.025811 230.561865
219 0.991457 0.024821 231.616762
220 0.991695 0.024298 232.670594
221 0.991345 0.024991 233.721794
222 0.991566 0.024692 234.771708
223 0.991804 0.024178 235.82165
224 0.991492 0.02478 236.873449
225 0.991209 0.025331 237.924731
226 0.991371 0.025043 239.089164
227 0.990448 0.026829 240.142384
228 0.990725 0.026387 241.193434
229 0.990746 0.026404 242.24601
230 0.989664 0.028481 243.296215
231 0.989975 0.027839 244.347918
232 0.990747 0.02629 245.403756
233 0.991013 0.025791 246.45551
234 0.99145 0.024889 247.509692
235 0.991442 0.024926 248.56174
236 0.991351 0.025113 249.613578
237 0.991599 0.024625 250.664792
238 0.991566 0.024706 251.717381
239 0.991622 0.024646 252.769573
240 0.991644 0.024656 253.941212
241 0.991492 0.024928 254.993091
242 0.991043 0.025723 256.043986
243 0.99104 0.025693 257.094817
244 0.989962 0.027697 258.148376
245 0.989746 0.028153 259.198982
246 0.989564 0.028546 260.250705
247 0.989656 0.028436 261.313964
248 0.989525 0.028716 262.365924
249 0.989908 0.027976 263.41799
250 0.990363 0.027206 264.469513
251 0.990228 0.027435 265.521773
252 0.990172 0.02738 266.57237
253 0.990691 0.026403 267.626104
254 0.990454 0.026754 268.805705
255 0.99018 0.027234 269.85706
256 0.990364 0.027088 270.908241
257 0.990315 0.02728 271.961608
258 0.989621 0.028873 273.014086
259 0.990278 0.027488 274.066897
260 0.9908 0.026509 275.120382
261 0.990539 0.026923 276.173329
262 0.990848 0.026189 277.226795
263 0.99134 0.025251 278.279392
264 0.991617 0.02467 279.335892
265 0.991429 0.025106 280.391166
266 0.990877 0.026194 281.441989
267 0.991185 0.025609 282.492125
268 0.991183 0.025674 283.677819
269 0.991461 0.025072 284.727975
270 0.991011 0.025986 285.780771
271 0.990635 0.026731 286.834754
272 0.9899 0.028069 287.888777
273 0.989576 0.02872 288.944806
274 0.988668 0.03041 289.997664
275 0.989399 0.029047 291.050495
276 0.98858 0.03069 292.105621
277 0.989987 0.027859 293.158666
278 0.989028 0.02953 294.213649
279 0.989899 0.028015 295.269777
280 0.990507 0.026756 296.326215
281 0.991026 0.02573 297.376808
282 0.990563 0.026647 298.564262
283 0.990281 0.02726 299.617867
284 0.990306 0.027129 300.669013

Epoch & Fidelity & KL & Runtime 
1 0.482404 1.277639 0.897454
2 0.644742 0.775288 1.798058
3 0.748167 0.515953 2.696806
4 0.814734 0.366942 3.594449
5 0.862023 0.268116 4.636059
6 0.894954 0.202366 5.534151
7 0.919391 0.15514 6.432607
8 0.936154 0.123635 7.331406
9 0.948435 0.100941 8.230027
10 0.957474 0.084394 9.129368
11 0.963458 0.073512 10.028471
12 0.969232 0.063162 10.928445
13 0.973243 0.056131 11.828547
14 0.976311 0.050711 12.875253
15 0.979204 0.045618 13.778332
16 0.981657 0.041301 14.683058
17 0.98271 0.039544 15.581973
18 0.984118 0.037124 16.482296
19 0.984414 0.03669 17.382288
20 0.984699 0.036154 18.279619
21 0.98511 0.035487 19.177368
22 0.985796 0.034266 20.078102
23 0.986272 0.033534 20.976452
24 0.986421 0.03328 21.874446
25 0.986722 0.032733 22.772069
26 0.98679 0.032674 23.67024
27 0.987432 0.031526 24.572644
28 0.98751 0.031434 25.470052
29 0.98768 0.031151 26.367984
30 0.98752 0.031546 27.418295
31 0.987518 0.031601 28.315519
32 0.987671 0.031347 29.212822
33 0.987839 0.031022 30.113992
34 0.987979 0.030775 31.013347
35 0.988034 0.030688 31.914411
36 0.988312 0.030128 32.813077
37 0.988254 0.030281 33.710173
38 0.988408 0.030011 34.609575
39 0.988315 0.030147 35.509597
40 0.988521 0.029759 36.408093
41 0.988345 0.030141 37.305879
42 0.988183 0.030466 38.203108
43 0.988057 0.030694 39.101422
44 0.988099 0.030608 39.999805
45 0.987824 0.031175 40.899205
46 0.987933 0.030955 41.799759
47 0.988156 0.030476 42.858027
48 0.988083 0.03058 43.760751
49 0.988007 0.03075 44.661172
50 0.987891 0.030969 45.562902
51 0.987975 0.030807 46.464401
52 0.987654 0.031445 47.365181
53 0.987878 0.030993 48.267138
54 0.987759 0.031284 49.173286
55 0.988146 0.030509 50.070471
56 0.988493 0.029865 50.971761
57 0.988381 0.030051 51.871533
58 0.988407 0.030072 52.771351
59 0.988356 0.030155 53.670341
60 0.98839 0.030147 54.569237
61 0.988393 0.030072 55.469336
62 0.988396 0.030074 56.369907
63 0.987938 0.030969 57.433499
64 0.987775 0.031301 58.333352
65 0.988201 0.030452 59.231146
66 0.988531 0.029802 60.129862
67 0.988689 0.029463 61.02758
68 0.988807 0.029239 61.926547
69 0.988763 0.029356 62.825542
70 0.988488 0.029842 63.723136
71 0.988374 0.030104 64.624692
72 0.988417 0.030066 65.524027
73 0.988427 0.030045 66.423815
74 0.988689 0.029511 67.321281
75 0.988721 0.029461 68.219475
76 0.988829 0.029265 69.118809
77 0.98905 0.028907 70.016654
78 0.989031 0.028948 70.91641
79 0.988891 0.029144 71.817403
80 0.988604 0.029594 72.884975
81 0.988665 0.029463 73.78384
82 0.988793 0.029254 74.685757
83 0.988829 0.029204 75.586456
84 0.989044 0.028843 76.486001
85 0.988984 0.028899 77.386672
86 0.98889 0.029147 78.286604
87 0.988883 0.029169 79.187937
88 0.988972 0.029023 80.088866
89 0.988881 0.029189 81.001325
90 0.988309 0.030392 81.906253
91 0.988347 0.030271 82.806878
92 0.98833 0.030483 83.708879
93 0.988282 0.030571 84.613744
94 0.988686 0.029718 85.512782
95 0.989025 0.02906 86.41217
96 0.988985 0.029138 87.487772
97 0.989374 0.028349 88.386595
98 0.989323 0.028414 89.285309
99 0.989508 0.028038 90.183816
100 0.989362 0.0283 91.082798
101 0.989516 0.027962 91.984119
102 0.989827 0.027435 92.885416
103 0.98975 0.027558 93.784213
104 0.989488 0.027975 94.684469
105 0.989086 0.028815 95.584272
106 0.989273 0.028446 96.486787
107 0.989235 0.028472 97.387706
108 0.989289 0.028363 98.291641
109 0.989684 0.027659 99.192706
110 0.989827 0.027414 100.090798
111 0.989543 0.02794 100.989875
112 0.989552 0.027914 101.88889
113 0.989536 0.027955 102.965803
114 0.989351 0.028322 103.866207
115 0.989746 0.027582 104.764796
116 0.989735 0.027606 105.662266
117 0.989631 0.027819 106.560105
118 0.989523 0.027999 107.462352
119 0.989776 0.027455 108.364163
120 0.9895 0.02795 109.262767
121 0.989424 0.028149 110.159948
122 0.989397 0.028212 111.058241
123 0.989428 0.028191 111.957027
124 0.989483 0.028122 112.85531
125 0.989656 0.027806 113.754839
126 0.989583 0.027894 114.652806
127 0.989772 0.027566 115.550582
128 0.989931 0.027296 116.449444
129 0.989673 0.027767 117.531948
130 0.989505 0.028069 118.431691
131 0.989954 0.027244 119.33023
132 0.990256 0.026624 120.228996
133 0.990021 0.027086 121.12638
134 0.990325 0.026489 122.023559
135 0.990237 0.026609 122.9211
136 0.990115 0.026906 123.820933
137 0.989882 0.027284 124.719149
138 0.989692 0.027695 125.617172
139 0.989576 0.027987 126.515841
140 0.989463 0.028205 127.413448
141 0.989902 0.027365 128.310251
142 0.990023 0.027143 129.210007
143 0.989978 0.027258 130.108043
144 0.989732 0.027755 131.006763
145 0.98967 0.02789 131.905697
146 0.989877 0.027511 132.991602
147 0.990045 0.027164 133.889653
148 0.990087 0.027099 134.789732
149 0.990112 0.027032 135.688348
150 0.990378 0.026491 136.586574
151 0.990759 0.025751 137.483297
152 0.990435 0.026392 138.380915
153 0.990267 0.026668 139.278008
154 0.990409 0.026446 140.178684
155 0.990667 0.025942 141.078707
156 0.990582 0.026053 141.97843
157 0.990771 0.02573 142.87681
158 0.990895 0.025434 143.774592
159 0.990911 0.025415 144.673651
160 0.991101 0.025114 145.571136
161 0.990696 0.025909 146.661775
162 0.990657 0.026079 147.751463
163 0.990673 0.026058 148.648764
164 0.990671 0.026004 149.549711
165 0.990424 0.026467 150.449641
166 0.990574 0.026143 151.349138
167 0.990391 0.026473 152.246253
168 0.990399 0.026436 153.143291
169 0.990893 0.025575 154.040375
170 0.990818 0.025742 154.939581
171 0.990694 0.025902 155.838856
172 0.990822 0.025686 156.73945
173 0.990756 0.025853 157.638858
174 0.990835 0.025676 158.539262
175 0.990943 0.02548 159.436413
176 0.990702 0.025964 160.335088
177 0.990739 0.025908 161.233051
178 0.990579 0.026327 162.132052
179 0.990613 0.026264 163.230852
180 0.990706 0.026026 164.131328
181 0.990504 0.026432 165.032121
182 0.990411 0.026533 165.933199
183 0.990495 0.026362 166.832135
184 0.990962 0.025504 167.731965
185 0.991006 0.025397 168.631244
186 0.990806 0.025815 169.534896
187 0.990848 0.025735 170.436571
188 0.990698 0.02603 171.336484
189 0.990883 0.025665 172.233332
190 0.991088 0.025292 173.130692
191 0.990965 0.025538 174.028553
192 0.991135 0.025202 174.929312
193 0.990932 0.025618 175.828665
194 0.99098 0.025541 176.728143
195 0.990962 0.025486 177.826475
196 0.99107 0.025264 178.724237
197 0.991155 0.025145 179.622842
198 0.990844 0.025692 180.521071
199 0.990802 0.025795 181.420968
200 0.990831 0.025706 182.318324
201 0.99091 0.025526 183.215403
202 0.991034 0.02531 184.11278
203 0.990935 0.025498 185.012798
204 0.991087 0.025202 185.915661
205 0.990994 0.025416 186.817153
206 0.990932 0.025523 187.718647
207 0.990846 0.025654 188.619346
208 0.990766 0.025827 189.521696
209 0.990939 0.025536 190.420955
210 0.990949 0.025491 191.31894
211 0.990993 0.02541 192.219664
212 0.990861 0.025639 193.32383
213 0.990788 0.025767 194.221729
214 0.990545 0.026264 195.120644
215 0.990818 0.025727 196.018133
216 0.990776 0.025817 196.91519
217 0.99089 0.025588 197.814004
218 0.990875 0.025593 198.711631
219 0.990829 0.025786 199.609293
220 0.990787 0.025913 200.506406
221 0.990924 0.025685 201.405751
222 0.990587 0.026345 202.304142
223 0.990819 0.025832 203.201796
224 0.990792 0.025885 204.09905
225 0.990929 0.025617 204.997748
226 0.99096 0.025602 205.895462
227 0.991138 0.025199 206.792678
228 0.991721 0.024024 207.900433
229 0.991768 0.02394 208.797885
230 0.991512 0.02443 209.696711
231 0.991499 0.024437 210.594777
232 0.991117 0.025102 211.492218
233 0.990804 0.025665 212.390834
234 0.991086 0.025184 213.29052
235 0.991083 0.025243 214.188419
236 0.991286 0.02495 215.087568
237 0.991421 0.024788 215.987847
238 0.991201 0.02518 216.88877
239 0.99152 0.024562 217.788069
240 0.991325 0.024916 218.688578
241 0.991273 0.024982 219.588204
242 0.99135 0.024825 220.487535
243 0.991458 0.024727 221.386289
244 0.991257 0.025086 222.497772
245 0.9913 0.02492 223.398492
246 0.991596 0.0244 224.296728
247 0.991578 0.024428 225.19878
248 0.991428 0.024739 226.096896
249 0.99105 0.025526 226.994315
250 0.991452 0.024754 227.895283
251 0.991417 0.024789 228.79491
252 0.991187 0.02522 229.693757
253 0.991129 0.02532 230.592678
254 0.991431 0.024824 231.492723
255 0.991694 0.024287 232.391675
256 0.991656 0.024363 233.289645
257 0.991725 0.024205 234.191816
258 0.991088 0.02546 235.092215
259 0.991039 0.025477 235.991693
260 0.991324 0.024941 236.891594
261 0.991539 0.024541 238.009661
262 0.991621 0.024365 238.90948
263 0.991761 0.024135 239.809854
264 0.991661 0.024341 240.710697
265 0.991519 0.024601 241.606997
266 0.991508 0.02454 242.505226
267 0.9915 0.02454 243.404188
268 0.991893 0.023753 244.302712
269 0.991693 0.024099 245.201544
270 0.991525 0.02447 246.099363
271 0.991194 0.025094 246.997072
272 0.991095 0.025407 247.894005
273 0.991363 0.024885 248.790325
274 0.991134 0.025349 249.689722
275 0.991474 0.02462 250.586705
276 0.991404 0.024735 251.484159
277 0.991759 0.024106 252.605285
278 0.991407 0.024793 253.503669
279 0.991178 0.025209 254.40068
280 0.991193 0.025142 255.298888
281 0.991399 0.02477 256.195657
282 0.991467 0.024648 257.103799
283 0.991392 0.024846 257.999791
284 0.99133 0.024914 258.896463
285 0.991401 0.024846 259.795006
286 0.991447 0.024714 260.691775
287 0.991402 0.024827 261.589242
288 0.991465 0.024687 262.484905
289 0.991549 0.024625 263.380637
290 0.991576 0.024597 264.276592
291 0.991671 0.024417 265.174372
292 0.991161 0.025396 266.070238
293 0.991409 0.024864 266.967957
294 0.991609 0.024492 268.094746
295 0.991562 0.02466 268.993367
296 0.99137 0.024965 269.893223
297 0.991676 0.024392 270.794436
298 0.991553 0.024581 271.693461
299 0.991416 0.024853 272.59306
300 0.99173 0.024228 273.491879
301 0.9917 0.024338 274.392141
302 0.991491 0.0247 275.292339
303 0.99133 0.025032 276.19269
304 0.991142 0.025414 277.090981
305 0.990684 0.026284 277.987885
306 0.990449 0.026807 278.886202
307 0.990577 0.026526 279.784766
308 0.990411 0.02685 280.682901
309 0.99044 0.026887 281.579926
310 0.990915 0.02592 282.707656
311 0.990737 0.02624 283.606295
312 0.991119 0.025446 284.504855
313 0.990842 0.025906 285.404155
314 0.99104 0.025531 286.302302
315 0.9914 0.024822 287.200176
316 0.991721 0.024128 288.099841
317 0.991501 0.024584 288.998546
318 0.991028 0.02545 289.898178
319 0.991117 0.025279 290.795546
320 0.991073 0.02536 291.694185
321 0.991277 0.025086 292.59182
322 0.990865 0.025882 293.49013
323 0.991041 0.025491 294.387786
324 0.991394 0.024831 295.285921
325 0.991449 0.024709 296.183989
326 0.991657 0.024341 297.082755
327 0.991672 0.024331 298.214809
328 0.991807 0.024069 299.111598
329 0.991626 0.024492 300.010809

Epoch & Fidelity & KL & Runtime 
1 0.334862 1.885099 0.822218
2 0.44932 1.388836 1.648288
3 0.543416 1.064896 2.473458
4 0.62151 0.834485 3.29618
5 0.68376 0.669695 4.356233
6 0.733749 0.547613 5.179557
7 0.77298 0.457165 6.002161
8 0.8068 0.382663 6.827098
9 0.836811 0.319054 7.650344
10 0.858065 0.275345 8.474421
11 0.877765 0.23572 9.298124
12 0.892609 0.20644 10.122013
13 0.905966 0.180581 10.951422
14 0.917264 0.158997 11.772896
15 0.926393 0.141732 12.833822
16 0.933637 0.128156 13.655802
17 0.94079 0.114863 14.477214
18 0.946061 0.105187 15.300097
19 0.951091 0.095974 16.121543
20 0.955707 0.087564 16.946107
21 0.959547 0.080641 17.769895
22 0.963193 0.074049 18.594172
23 0.965944 0.06915 19.419128
24 0.968341 0.064843 20.240428
25 0.970523 0.060937 21.061425
26 0.972042 0.058253 21.88509
27 0.973743 0.055277 22.708483
28 0.975135 0.052864 23.529183
29 0.976465 0.050505 24.352151
30 0.977369 0.048977 25.176511
31 0.978134 0.04767 25.999376
32 0.97901 0.046145 26.824935
33 0.98014 0.044157 27.893445
34 0.98099 0.042685 28.717434
35 0.981826 0.041263 29.542813
36 0.982668 0.039793 30.365738
37 0.983282 0.038734 31.189452
38 0.983494 0.038422 32.012622
39 0.984032 0.037475 32.835408
40 0.984469 0.036692 33.6587
41 0.98479 0.036163 34.48153
42 0.985204 0.035425 35.305346
43 0.985445 0.035016 36.127982
44 0.985576 0.034797 36.951066
45 0.985867 0.034266 37.772431
46 0.986089 0.033863 38.5964
47 0.986388 0.033342 39.420558
48 0.986366 0.033419 40.246681
49 0.986447 0.033275 41.07015
50 0.986494 0.033224 41.892234
51 0.986718 0.03282 42.965992
52 0.986847 0.032617 43.791149
53 0.987143 0.032103 44.615754
54 0.987036 0.032334 45.438383
55 0.986935 0.032523 46.265246
56 0.98715 0.032147 47.090012
57 0.987247 0.031999 47.911967
58 0.987156 0.032182 48.733626
59 0.987143 0.032169 49.556599
60 0.987244 0.032043 50.379208
61 0.987409 0.031755 51.202173
62 0.987528 0.031544 52.024955
63 0.987559 0.031518 52.848468
64 0.98762 0.031421 53.669692
65 0.987657 0.031365 54.492157
66 0.987672 0.031304 55.315074
67 0.987645 0.031349 56.13702
68 0.98778 0.031101 56.958718
69 0.987776 0.031117 58.032315
70 0.987784 0.031086 58.854922
71 0.98755 0.031505 59.678152
72 0.987555 0.031473 60.503413
73 0.987667 0.031272 61.327529
74 0.987858 0.030936 62.147844
75 0.987834 0.030968 62.969817
76 0.987879 0.030865 63.794152
77 0.987811 0.03102 64.617591
78 0.987924 0.030823 65.442346
79 0.987929 0.030841 66.264865
80 0.987851 0.031028 67.086299
81 0.98782 0.031023 67.909484
82 0.987739 0.031168 68.731479
83 0.987707 0.031214 69.555882
84 0.987831 0.031011 70.379184
85 0.987738 0.031221 71.201478
86 0.987852 0.03104 72.026079
87 0.987994 0.03076 73.103408
88 0.988 0.030793 73.926245
89 0.988144 0.030506 74.749641
90 0.988153 0.030507 75.574969
91 0.988133 0.030523 76.397354
92 0.988192 0.030394 77.219869
93 0.988373 0.030079 78.042055
94 0.988337 0.030132 78.865075
95 0.988556 0.029713 79.687785
96 0.988662 0.029502 80.512183
97 0.988558 0.02971 81.33501
98 0.988576 0.029679 82.15708
99 0.988378 0.030029 82.979977
100 0.988284 0.030246 83.80531
101 0.988177 0.030465 84.630705
102 0.98811 0.030579 85.454226
103 0.988043 0.030731 86.276418
104 0.98823 0.0304 87.098104
105 0.988251 0.030335 88.181461
106 0.988117 0.030548 89.003402
107 0.98809 0.030566 89.829289
108 0.988091 0.030582 90.654441
109 0.98813 0.030547 91.481873
110 0.987995 0.030786 92.306579
111 0.9881 0.030583 93.129494
112 0.988079 0.030642 93.952113
113 0.988144 0.030527 94.778071
114 0.988324 0.030192 95.604521
115 0.988367 0.030129 96.431717
116 0.988399 0.03007 97.257812
117 0.988277 0.030253 98.084954
118 0.988132 0.03053 98.910973
119 0.988084 0.030599 99.737987
120 0.988135 0.030523 100.562243
121 0.988214 0.030355 101.385081
122 0.988198 0.03037 102.222494
123 0.988202 0.030352 103.298321
124 0.988212 0.030342 104.123867
125 0.988313 0.030221 104.950063
126 0.988172 0.030493 105.772767
127 0.988231 0.030414 106.594369
128 0.98811 0.030673 107.421016
129 0.988012 0.030913 108.244468
130 0.987983 0.030971 109.067167
131 0.987887 0.031134 109.889126
132 0.988041 0.030799 110.712755
133 0.988214 0.030477 111.535906
134 0.988233 0.03042 112.35859
135 0.988285 0.030305 113.180858
136 0.988411 0.030109 114.001909
137 0.988291 0.03037 114.824722
138 0.988294 0.030359 115.645899
139 0.988419 0.030054 116.468491
140 0.988438 0.030004 117.55874
141 0.988514 0.029873 118.382783
142 0.988385 0.03015 119.204367
143 0.988326 0.030282 120.026199
144 0.98836 0.030261 120.847774
145 0.988456 0.030081 121.670769
146 0.988644 0.029722 122.493149
147 0.988588 0.029827 123.316296
148 0.988594 0.029807 124.137085
149 0.988636 0.02974 124.958889
150 0.988675 0.029696 125.780564
151 0.988783 0.029477 126.603082
152 0.988929 0.029159 127.425161
153 0.988873 0.029258 128.246778
154 0.988919 0.029207 129.067423
155 0.988967 0.029109 129.889282
156 0.988959 0.029121 130.71142
157 0.989151 0.028777 131.532952
158 0.989214 0.028662 132.62595
159 0.989284 0.028533 133.447914
160 0.989323 0.028468 134.26855
161 0.989248 0.028605 135.09266
162 0.98921 0.028624 135.914566
163 0.989098 0.02883 136.736068
164 0.9892 0.028637 137.558489
165 0.989175 0.0287 138.380725
166 0.989117 0.028804 139.200472
167 0.98913 0.028831 140.021817
168 0.989093 0.028909 140.844309
169 0.989108 0.028905 141.667646
170 0.989341 0.028486 142.48908
171 0.989383 0.028397 143.311339
172 0.989196 0.028745 144.132668
173 0.989245 0.028679 144.954335
174 0.989324 0.028503 145.777659
175 0.989267 0.028635 146.6008
176 0.989186 0.028775 147.699643
177 0.989194 0.028753 148.800088
178 0.989173 0.028777 149.624196
179 0.989161 0.028793 150.447328
180 0.989249 0.028666 151.273468
181 0.989141 0.028897 152.094517
182 0.989129 0.028907 152.915011
183 0.989291 0.028562 153.736665
184 0.989322 0.0285 154.558978
185 0.989404 0.028347 155.381518
186 0.989329 0.02849 156.202912
187 0.989323 0.028498 157.024662
188 0.98925 0.028657 157.845945
189 0.989263 0.028632 158.667684
190 0.989452 0.028287 159.489968
191 0.989432 0.028327 160.310605
192 0.989371 0.028429 161.132642
193 0.989595 0.028023 161.954921
194 0.989764 0.027677 163.057025
195 0.989723 0.027753 163.879988
196 0.989633 0.027953 164.702414
197 0.989714 0.027789 165.527668
198 0.989658 0.027856 166.348641
199 0.989497 0.028159 167.170318
200 0.989472 0.028227 167.991127
201 0.989476 0.028236 168.814422
202 0.989637 0.027941 169.638991
203 0.989707 0.027795 170.461868
204 0.989696 0.027812 171.284756
205 0.989859 0.027523 172.108891
206 0.989774 0.027686 172.931621
207 0.989671 0.027834 173.755049
208 0.989761 0.027645 174.57814
209 0.989891 0.027389 175.403095
210 0.989943 0.027273 176.228483
211 0.989971 0.027262 177.05024
212 0.989927 0.02737 178.156096
213 0.989904 0.027444 178.976921
214 0.990012 0.02723 179.799533
215 0.989968 0.027328 180.622031
216 0.990078 0.02715 181.442365
217 0.990069 0.027176 182.263391
218 0.990014 0.02724 183.085583
219 0.990058 0.027159 183.908146
220 0.990192 0.026896 184.729641
221 0.990139 0.027007 185.551049
222 0.990067 0.027151 186.374656
223 0.990046 0.027216 187.195696
224 0.989931 0.02744 188.016398
225 0.989841 0.027625 188.838155
226 0.989865 0.0276 189.660236
227 0.98986 0.02763 190.481541
228 0.989831 0.027659 191.303898
229 0.989885 0.027554 192.124301
230 0.989631 0.028026 193.233616
231 0.989697 0.027844 194.054057
232 0.989722 0.027797 194.877735
233 0.989864 0.0275 195.700135
234 0.989871 0.027502 196.522512
235 0.989948 0.027344 197.343796
236 0.989898 0.02742 198.165538
237 0.990059 0.027119 198.986366
238 0.990052 0.027125 199.808456
239 0.990038 0.02715 200.631093
240 0.990187 0.026874 201.453907
241 0.9901 0.02706 202.277029
242 0.990143 0.026977 203.097944
243 0.990025 0.027201 203.921364
244 0.989964 0.027277 204.743101
245 0.990043 0.02713 205.564551
246 0.990037 0.027171 206.387486
247 0.989962 0.027304 207.222584
248 0.989989 0.027285 208.32249
249 0.99005 0.027144 209.144351
250 0.990101 0.027081 209.967471
251 0.990028 0.027199 210.789365
252 0.990252 0.026824 211.612696
253 0.990162 0.026986 212.435057
254 0.990149 0.027003 213.256221
255 0.990002 0.027311 214.076789
256 0.989831 0.027641 214.901041
257 0.989706 0.027874 215.724086
258 0.989774 0.027693 216.546324
259 0.989859 0.027502 217.368841
260 0.989861 0.027528 218.190984
261 0.989787 0.027652 219.014228
262 0.990082 0.027096 219.838309
263 0.990108 0.027076 220.660717
264 0.990014 0.027226 221.483855
265 0.989855 0.027535 222.60198
266 0.989913 0.027407 223.424495
267 0.989909 0.027409 224.245378
268 0.989973 0.027274 225.066866
269 0.989984 0.027216 225.888153
270 0.990046 0.02715 226.709369
271 0.989998 0.027236 227.53297
272 0.989865 0.027455 228.35468
273 0.989742 0.027708 229.175347
274 0.98983 0.027555 229.997253
275 0.98983 0.027523 230.81924
276 0.989707 0.027803 231.641658
277 0.989684 0.027832 232.463857
278 0.989545 0.028105 233.28671
279 0.989561 0.02807 234.107857
280 0.989476 0.028219 234.933007
281 0.989701 0.027772 235.754176
282 0.989741 0.027692 236.576818
283 0.989761 0.027672 237.701453
284 0.989825 0.027547 238.524899
285 0.989858 0.027483 239.34804
286 0.989868 0.027464 240.172278
287 0.989866 0.027472 240.994358
288 0.990006 0.027195 241.818134
289 0.989948 0.02734 242.639046
290 0.989877 0.027501 243.460796
291 0.989899 0.027464 244.28303
292 0.989824 0.027574 245.104421
293 0.989643 0.027909 245.926513
294 0.989648 0.027913 246.749435
295 0.989711 0.027767 247.570989
296 0.989648 0.027885 248.391848
297 0.989595 0.027972 249.213449
298 0.989707 0.027745 250.035877
299 0.989798 0.02756 251.161741
300 0.990038 0.027094 251.982825
301 0.990111 0.026944 253.107588
302 0.990072 0.027014 253.929088
303 0.990142 0.026907 254.751024
304 0.990101 0.026986 255.574401
305 0.990081 0.02703 256.39686
306 0.990118 0.027018 257.216765
307 0.990183 0.026903 258.037647
308 0.99018 0.02692 258.860365
309 0.990343 0.026612 259.682554
310 0.990426 0.026421 260.504762
311 0.990428 0.026396 261.326975
312 0.990358 0.026515 262.149228
313 0.990393 0.026483 262.971664
314 0.990481 0.026347 263.792435
315 0.990668 0.026019 264.613198
316 0.990767 0.025809 265.436609
317 0.990583 0.026173 266.258502
318 0.99068 0.025979 267.080029
319 0.990598 0.026137 268.209946
320 0.990497 0.026328 269.032333
321 0.990382 0.026592 269.855872
322 0.990517 0.026349 270.68072
323 0.990417 0.026522 271.503114
324 0.990452 0.026484 272.325482
325 0.990605 0.026218 273.147458
326 0.990495 0.02642 273.970817
327 0.990409 0.0266 274.793669
328 0.990631 0.026149 275.621042
329 0.990576 0.026268 276.443335
330 0.990722 0.025977 277.264198
331 0.990647 0.026103 278.084962
332 0.990626 0.026173 278.906363
333 0.990653 0.026114 279.728213
334 0.990753 0.0259 280.551625
335 0.990747 0.025917 281.372972
336 0.990841 0.025703 282.196101
337 0.990875 0.025624 283.32941
338 0.990871 0.025634 284.150844
339 0.990784 0.025795 284.973195
340 0.990629 0.026093 285.795861
341 0.990495 0.026344 286.619021
342 0.990359 0.026663 287.441183
343 0.990546 0.026264 288.263579
344 0.990681 0.026036 289.086317
345 0.990609 0.026169 289.910115
346 0.990633 0.026125 290.733751
347 0.990544 0.026308 291.561357
348 0.990661 0.026083 292.384534
349 0.990551 0.026299 293.209026
350 0.990647 0.026134 294.031779
351 0.990605 0.026205 294.856638
352 0.990479 0.02645 295.681098
353 0.990594 0.026213 296.506036
354 0.990516 0.026369 297.649426
355 0.990556 0.026293 298.471557
356 0.990484 0.026439 299.294754
357 0.990616 0.026133 300.117587

Epoch & Fidelity & KL & Runtime 
1 0.319382 1.971169 0.785407
2 0.379525 1.679181 1.568886
3 0.43649 1.441518 2.356659
4 0.48839 1.249912 3.143795
5 0.533785 1.097634 3.930523
6 0.573539 0.974262 4.71709
7 0.608784 0.871725 5.502339
8 0.642769 0.777837 6.288401
9 0.67212 0.700607 7.073342
10 0.698696 0.63341 7.859711
11 0.723391 0.572941 8.645747
12 0.746325 0.518728 9.430073
13 0.766186 0.472974 10.213381
14 0.783889 0.433144 10.999754
15 0.800765 0.396043 11.786273
16 0.816105 0.362909 12.88997
17 0.829835 0.333864 13.674228
18 0.842021 0.308395 14.778307
19 0.853743 0.284247 15.563259
20 0.863864 0.263691 16.349324
21 0.873664 0.243932 17.13424
22 0.882337 0.226643 17.919173
23 0.88902 0.213433 18.703345
24 0.895615 0.200536 19.489165
25 0.901893 0.188331 20.273664
26 0.908271 0.176026 21.060189
27 0.914391 0.164317 21.846961
28 0.919885 0.153834 22.63403
29 0.924483 0.145126 23.420625
30 0.928917 0.136765 24.207804
31 0.933372 0.128428 24.995071
32 0.936842 0.121957 25.781048
33 0.939908 0.116282 26.570681
34 0.942958 0.110642 27.681702
35 0.946242 0.104598 28.468601
36 0.949084 0.099374 29.252972
37 0.951501 0.094957 30.036911
38 0.953751 0.090851 30.820044
39 0.955821 0.087092 31.604458
40 0.957863 0.083397 32.388123
41 0.96007 0.079388 33.172746
42 0.961885 0.076132 33.957687
43 0.96332 0.073568 34.741969
44 0.964803 0.070902 35.525028
45 0.966015 0.06873 36.309181
46 0.967168 0.066673 37.093509
47 0.968481 0.064323 37.876761
48 0.969189 0.063054 38.662851
49 0.97032 0.061055 39.446234
50 0.971683 0.058634 40.230188
51 0.972422 0.057329 41.014035
52 0.973481 0.055448 41.798126
53 0.974011 0.054523 42.913075
54 0.974607 0.053483 43.700849
55 0.975422 0.052044 44.488977
56 0.976005 0.051021 45.275313
57 0.976727 0.049766 46.063051
58 0.977394 0.048611 46.849164
59 0.977702 0.048076 47.634204
60 0.978268 0.047078 48.417763
61 0.978833 0.046082 49.205202
62 0.979244 0.045372 49.99185
63 0.979742 0.044492 50.777505
64 0.980157 0.043766 51.565176
65 0.980471 0.043221 52.349711
66 0.98097 0.042352 53.135427
67 0.981127 0.042072 53.919791
68 0.981488 0.041446 54.705281
69 0.981918 0.040698 55.49268
70 0.982315 0.040037 56.277466
71 0.982556 0.039631 57.077411
72 0.982924 0.039 58.181739
73 0.983233 0.038492 58.9688
74 0.983397 0.038205 59.75774
75 0.983562 0.037929 60.54469
76 0.983731 0.037645 61.334252
77 0.984019 0.037155 62.120443
78 0.984184 0.036881 62.90733
79 0.984432 0.036456 63.696512
80 0.984437 0.036463 64.483198
81 0.984383 0.036562 65.271547
82 0.984696 0.036014 66.05673
83 0.984727 0.035967 66.842109
84 0.9847 0.036021 67.627913
85 0.984795 0.035869 68.413449
86 0.984922 0.035671 69.199035
87 0.984985 0.03558 69.985272
88 0.985127 0.035323 70.772661
89 0.985303 0.035021 71.558124
90 0.985436 0.034795 72.680994
91 0.985551 0.034601 73.46611
92 0.985645 0.034438 74.249792
93 0.985698 0.034361 75.033661
94 0.985877 0.034069 75.821362
95 0.986012 0.033843 76.607903
96 0.986114 0.033669 77.394343
97 0.986171 0.033567 78.180229
98 0.986184 0.033552 78.967203
99 0.986263 0.033427 79.755298
100 0.986312 0.033352 80.539878
101 0.98634 0.033307 81.32782
102 0.98643 0.033167 82.114165
103 0.986463 0.033115 82.898511
104 0.986584 0.032912 83.684478
105 0.986581 0.032933 84.469991
106 0.986584 0.032922 85.256628
107 0.986677 0.032781 86.04333
108 0.986612 0.032888 86.828108
109 0.986644 0.032819 87.951721
110 0.986729 0.032675 88.739809
111 0.986761 0.032614 89.527727
112 0.98679 0.032566 90.316241
113 0.986798 0.032568 91.103731
114 0.986864 0.032454 91.893543
115 0.986969 0.032287 92.681563
116 0.987017 0.032224 93.469564
117 0.987112 0.032057 94.257723
118 0.987158 0.031973 95.046974
119 0.987166 0.031954 95.834172
120 0.987246 0.031797 96.62452
121 0.987301 0.031725 97.409817
122 0.987413 0.031506 98.193733
123 0.987449 0.031461 98.982448
124 0.987457 0.031454 99.770708
125 0.987479 0.03143 100.558528
126 0.987516 0.031384 101.345177
127 0.987454 0.031504 102.473304
128 0.987618 0.031228 103.261435
129 0.987564 0.031346 104.044562
130 0.987592 0.031294 104.828342
131 0.987587 0.03131 105.614523
132 0.987553 0.031367 106.401839
133 0.987545 0.031405 107.18784
134 0.987534 0.03143 107.973794
135 0.98752 0.031452 108.759434
136 0.987505 0.031466 109.545336
137 0.987579 0.031334 110.330273
138 0.987597 0.03131 111.11689
139 0.987566 0.031382 111.903085
140 0.987613 0.031299 112.68907
141 0.987666 0.031212 113.473909
142 0.987703 0.031141 114.259509
143 0.987684 0.031175 115.045236
144 0.987666 0.03121 115.83524
145 0.987601 0.031322 116.61886
146 0.987621 0.031286 117.749315
147 0.987677 0.031184 118.535176
148 0.987738 0.031066 119.320379
149 0.987734 0.031053 120.105341
150 0.987683 0.03114 120.89071
151 0.987701 0.031119 121.67453
152 0.987721 0.031084 122.458591
153 0.987682 0.031158 123.243762
154 0.987628 0.031262 124.027702
155 0.987658 0.031239 124.810644
156 0.987706 0.031148 125.595347
157 0.98777 0.03104 126.381308
158 0.987698 0.031171 127.165515
159 0.987645 0.03127 127.948992
160 0.987687 0.031199 128.734053
161 0.987716 0.031145 129.517827
162 0.987733 0.031137 130.303218
163 0.987702 0.031192 131.086823
164 0.987701 0.031195 131.87015
165 0.98777 0.031065 133.002749
166 0.987785 0.031043 133.787683
167 0.987793 0.031034 134.572105
168 0.987763 0.031093 135.357317
169 0.987757 0.031104 136.141972
170 0.987799 0.031026 136.92703
171 0.987855 0.030942 137.714406
172 0.987891 0.030856 138.498527
173 0.987967 0.030706 139.28335
174 0.98808 0.03049 140.066847
175 0.988104 0.030442 140.849799
176 0.988121 0.030428 141.634956
177 0.988233 0.030198 142.419426
178 0.98823 0.030225 143.204668
179 0.988326 0.030051 143.989597
180 0.988383 0.029952 144.774559
181 0.988466 0.029793 145.558387
182 0.988428 0.029863 146.342253
183 0.988337 0.030022 147.479915
184 0.988281 0.030112 148.264677
185 0.988287 0.030093 149.049819
186 0.988279 0.030112 149.835279
187 0.988302 0.030067 150.618778
188 0.988302 0.030087 151.403992
189 0.988179 0.030322 152.545992
190 0.988144 0.030388 153.332508
191 0.988203 0.03029 154.118416
192 0.988245 0.030229 154.904738
193 0.988173 0.030385 155.692622
194 0.98806 0.030612 156.481402
195 0.988057 0.030625 157.266474
196 0.988043 0.03065 158.050566
197 0.988087 0.030559 158.837356
198 0.988156 0.030434 159.622342
199 0.988132 0.030477 160.408347
200 0.988164 0.030423 161.193607
201 0.988203 0.030331 161.978544
202 0.98823 0.030278 163.123784
203 0.988222 0.030307 163.909209
204 0.988253 0.030229 164.695972
205 0.988289 0.030152 165.483987
206 0.98831 0.030119 166.271681
207 0.988287 0.03016 167.056946
208 0.988289 0.030159 167.84192
209 0.988304 0.030152 168.625412
210 0.988363 0.03004 169.40866
211 0.988331 0.030079 170.193751
212 0.988328 0.03007 170.981514
213 0.988349 0.030033 171.76527
214 0.988289 0.030149 172.550701
215 0.988376 0.029999 173.334698
216 0.988396 0.029968 174.119159
217 0.988449 0.029874 174.903289
218 0.988444 0.029864 175.690405
219 0.988465 0.029845 176.478059
220 0.988531 0.029739 177.62356
221 0.988554 0.029687 178.408944
222 0.988526 0.02975 179.1927
223 0.988467 0.029842 179.977685
224 0.98847 0.029845 180.761458
225 0.988532 0.02975 181.548488
226 0.988467 0.029864 182.332947
227 0.988503 0.029789 183.115688
228 0.98847 0.029848 183.899235
229 0.988451 0.029895 184.683043
230 0.988432 0.029941 185.468723
231 0.988397 0.029998 186.255821
232 0.988452 0.029885 187.042633
233 0.988419 0.029957 187.82789
234 0.988475 0.029858 188.613588
235 0.988427 0.029944 189.399067
236 0.988442 0.029914 190.183502
237 0.988515 0.02977 190.969422
238 0.988438 0.029922 191.756078
239 0.988347 0.030084 192.909848
240 0.988435 0.029917 193.696621
241 0.988437 0.029916 194.480879
242 0.988519 0.029768 195.267202
243 0.988493 0.029825 196.052577
244 0.988465 0.029893 196.837674
245 0.988393 0.030041 197.623054
246 0.988439 0.029954 198.407584
247 0.988342 0.030127 199.190975
248 0.988369 0.03008 199.977287
249 0.988411 0.029985 200.760999
250 0.988432 0.029948 201.545651
251 0.988454 0.029905 202.329198
252 0.988488 0.02985 203.113941
253 0.988455 0.029916 203.896948
254 0.988409 0.029988 204.682165
255 0.988417 0.029981 205.466165
256 0.98842 0.029982 206.250331
257 0.988389 0.030053 207.034706
258 0.988458 0.029931 208.188177
259 0.988526 0.029792 208.971398
260 0.988582 0.02969 209.755448
261 0.988604 0.029664 210.539307
262 0.988549 0.029755 211.322962
263 0.988563 0.029745 212.109283
264 0.988557 0.029755 212.908815
265 0.988572 0.029739 213.709618
266 0.988551 0.029776 214.507943
267 0.988589 0.029715 215.306336
268 0.988698 0.02953 216.104381
269 0.988678 0.029563 216.901615
270 0.988743 0.029423 217.698837
271 0.988821 0.029253 218.497071
272 0.988838 0.029217 219.294616
273 0.988819 0.029242 220.092345
274 0.988854 0.029183 220.889256
275 0.988965 0.028955 221.687729
276 0.988934 0.029013 222.864472
277 0.988903 0.029086 223.66233
278 0.989033 0.028847 224.461344
279 0.989101 0.028729 225.259403
280 0.989032 0.028854 226.056247
281 0.988958 0.028982 226.854354
282 0.989005 0.028903 227.652801
283 0.98902 0.028868 228.452519
284 0.98907 0.028779 229.249828
285 0.989002 0.02891 230.046309
286 0.989054 0.028824 230.843765
287 0.989029 0.028865 231.6406
288 0.988967 0.02898 232.438562
289 0.988912 0.029076 233.235738
290 0.98889 0.029134 234.032204
291 0.988828 0.02924 234.829667
292 0.988908 0.029108 235.62829
293 0.988866 0.029182 236.426403
294 0.98889 0.029131 237.611819
295 0.988902 0.029096 238.41147
296 0.988824 0.029245 239.20821
297 0.988794 0.029294 240.006798
298 0.988766 0.029365 240.802706
299 0.988787 0.029327 241.60113
300 0.988722 0.029431 242.398751
301 0.988663 0.029544 243.194701
302 0.988671 0.029511 243.991699
303 0.988642 0.029574 244.786671
304 0.98862 0.029623 245.583678
305 0.988561 0.029748 246.380273
306 0.988614 0.029645 247.178387
307 0.98858 0.02972 247.975642
308 0.988687 0.029516 248.772734
309 0.98868 0.029531 249.568729
310 0.988641 0.029618 250.36512
311 0.988671 0.029538 251.161671
312 0.98873 0.02942 251.958186
313 0.988702 0.029457 253.151379
314 0.988757 0.029352 253.946785
315 0.988818 0.029225 254.745268
316 0.988805 0.029248 255.542555
317 0.98871 0.029402 256.33832
318 0.988702 0.029422 257.134363
319 0.988626 0.029554 257.92922
320 0.988671 0.029483 258.725111
321 0.988676 0.029475 259.520793
322 0.988686 0.029468 260.318014
323 0.988635 0.029594 261.114751
324 0.988685 0.029495 261.911093
325 0.988666 0.02951 262.707278
326 0.9886 0.029621 263.50347
327 0.988606 0.0296 264.300227
328 0.988588 0.029622 265.098308
329 0.988582 0.029638 265.895305
330 0.988586 0.029633 266.695108
331 0.988639 0.029537 267.891519
332 0.988683 0.029461 268.688122
333 0.988714 0.0294 269.484487
334 0.988778 0.029299 270.282243
335 0.988752 0.029358 271.077497
336 0.988782 0.029322 271.875763
337 0.988808 0.029256 272.671815
338 0.988869 0.029151 273.470403
339 0.988891 0.029126 274.267081
340 0.988855 0.029193 275.062816
341 0.988897 0.029115 275.859111
342 0.98891 0.029086 276.658669
343 0.988974 0.028966 277.456003
344 0.989027 0.028879 278.253147
345 0.988988 0.028936 279.049025
346 0.989064 0.028801 279.845942
347 0.98906 0.028803 280.643793
348 0.989169 0.028598 281.439687
349 0.989176 0.028591 282.643152
350 0.989127 0.028677 283.440182
351 0.98909 0.028745 284.237111
352 0.989061 0.028801 285.032494
353 0.989086 0.028772 285.829376
354 0.989171 0.028627 286.625377
355 0.989122 0.028715 287.425985
356 0.989097 0.028768 288.222685
357 0.989121 0.028736 289.019053
358 0.989059 0.028852 289.815724
359 0.988968 0.029036 290.613148
360 0.989013 0.028955 291.409295
361 0.989004 0.02896 292.206971
362 0.988951 0.029057 293.003788
363 0.988954 0.02905 293.801284
364 0.989004 0.028959 294.59867
365 0.989024 0.028932 295.395028
366 0.989084 0.02881 296.190902
367 0.989137 0.028714 296.98648
368 0.989158 0.028651 298.19628
369 0.989193 0.028592 298.99198
370 0.989244 0.028497 299.790251
371 0.989252 0.028494 300.586539

Epoch & Fidelity & KL & Runtime 
1 0.296269 2.072928 0.776755
2 0.327069 1.908983 1.555295
3 0.357486 1.761065 2.335269
4 0.386227 1.632004 3.116302
5 0.413779 1.516703 3.895311
6 0.440354 1.412177 5.088006
7 0.465674 1.318119 5.867699
8 0.489154 1.235228 6.646224
9 0.512238 1.157349 7.426038
10 0.533765 1.087631 8.206185
11 0.554133 1.024005 8.985708
12 0.574142 0.963674 9.764593
13 0.59276 0.909267 10.543507
14 0.61015 0.859907 11.323641
15 0.626743 0.814108 12.520278
16 0.641847 0.773377 13.297774
17 0.656824 0.733896 14.07709
18 0.670706 0.698074 14.855336
19 0.684533 0.663107 15.63332
20 0.69808 0.629539 16.412794
21 0.710686 0.598749 17.192031
22 0.722649 0.570031 17.973574
23 0.733504 0.544378 18.753988
24 0.744063 0.519752 19.535108
25 0.753868 0.497196 20.314791
26 0.763761 0.474721 21.093875
27 0.77299 0.453997 21.87112
28 0.781599 0.434867 22.650954
29 0.78973 0.416974 23.430638
30 0.797552 0.399943 24.211083
31 0.80468 0.384557 24.98859
32 0.811925 0.369036 25.767934
33 0.819327 0.353367 26.967004
34 0.825704 0.339954 27.746011
35 0.831795 0.327261 28.52875
36 0.837893 0.314626 29.310548
37 0.843599 0.302852 30.091989
38 0.849245 0.291314 30.874841
39 0.854683 0.28029 31.654364
40 0.859548 0.270454 32.436391
41 0.864888 0.259744 33.218807
42 0.869257 0.251003 34.000875
43 0.873746 0.242066 34.781658
44 0.877704 0.234225 35.560354
45 0.881839 0.226096 36.339847
46 0.885811 0.218332 37.118416
47 0.889436 0.211235 37.900119
48 0.892688 0.204918 38.681065
49 0.896238 0.19804 39.464339
50 0.899601 0.191557 40.24406
51 0.90265 0.185675 41.023672
52 0.905576 0.180065 42.230267
53 0.908192 0.175051 43.010454
54 0.91099 0.169729 43.789368
55 0.913746 0.164494 44.572361
56 0.916287 0.159684 45.352861
57 0.919094 0.154397 46.132407
58 0.921437 0.150002 46.913494
59 0.92379 0.145593 47.693491
60 0.92576 0.141918 48.472531
61 0.927862 0.137989 49.253616
62 0.929946 0.134114 50.035772
63 0.932065 0.130175 50.816088
64 0.934055 0.126509 51.596797
65 0.935755 0.123351 52.375313
66 0.937575 0.119987 53.154945
67 0.939092 0.117201 53.934706
68 0.940459 0.114688 54.714511
69 0.941945 0.111976 55.495878
70 0.943453 0.109223 56.276462
71 0.945099 0.106226 57.486567
72 0.946514 0.103646 58.267559
73 0.947958 0.101008 59.047619
74 0.949085 0.098965 59.82672
75 0.950418 0.096549 60.604466
76 0.951565 0.094467 61.383206
77 0.952938 0.091981 62.162462
78 0.954104 0.08988 62.941292
79 0.95508 0.088128 63.720686
80 0.955927 0.086599 64.497458
81 0.956902 0.084847 65.273883
82 0.957817 0.083209 66.05383
83 0.958735 0.081576 66.833683
84 0.959611 0.080015 67.613764
85 0.960303 0.078782 68.392989
86 0.961088 0.077389 69.171487
87 0.961964 0.075821 69.951127
88 0.962845 0.074252 70.728985
89 0.963624 0.072864 71.943924
90 0.964309 0.071648 72.722837
91 0.965058 0.070314 73.500347
92 0.96573 0.069124 74.278983
93 0.966366 0.068002 75.058776
94 0.96696 0.066958 75.835878
95 0.967521 0.065973 76.618429
96 0.968078 0.064994 77.397948
97 0.968653 0.063975 78.178936
98 0.969248 0.062927 78.957477
99 0.969751 0.062042 79.737647
100 0.970384 0.060923 80.519182
101 0.970838 0.060126 81.297538
102 0.97127 0.059375 82.079611
103 0.971652 0.058701 82.859353
104 0.972173 0.057778 83.637762
105 0.972543 0.057135 84.416299
106 0.973002 0.056325 85.193538
107 0.973478 0.055491 85.971726
108 0.973915 0.054723 87.199313
109 0.974361 0.053942 87.97924
110 0.974638 0.053464 88.756859
111 0.974948 0.052921 89.534428
112 0.975197 0.052502 90.315784
113 0.975491 0.051992 91.097059
114 0.975689 0.051651 91.876919
115 0.975885 0.051316 92.655063
116 0.976193 0.05079 93.431896
117 0.976534 0.050211 94.208368
118 0.97671 0.049912 94.985877
119 0.977037 0.049357 95.766199
120 0.977168 0.049136 96.543375
121 0.977375 0.048795 97.320806
122 0.977561 0.048478 98.099898
123 0.977795 0.04806 98.879932
124 0.977918 0.047853 99.658504
125 0.978126 0.047494 100.436571
126 0.978312 0.047161 101.215393
127 0.978529 0.046783 102.44514
128 0.978814 0.046287 103.225752
129 0.979023 0.045933 104.005956
130 0.97921 0.045614 104.784929
131 0.979358 0.045363 105.564955
132 0.979639 0.044875 106.344053
133 0.979793 0.044615 107.122318
134 0.979984 0.044286 107.901181
135 0.980143 0.044015 108.67971
136 0.980355 0.043657 109.45872
137 0.980542 0.043333 110.236452
138 0.980703 0.043072 111.015082
139 0.980749 0.042999 111.793107
140 0.980903 0.042737 112.573723
141 0.980962 0.042655 113.351935
142 0.98113 0.042372 114.130226
143 0.981275 0.042124 114.907736
144 0.981457 0.04181 115.686938
145 0.981607 0.041552 116.923021
146 0.981742 0.04132 117.702097
147 0.981849 0.041137 118.479953
148 0.981967 0.040934 119.258765
149 0.982058 0.040797 120.03916
150 0.982187 0.04058 120.818972
151 0.982233 0.040492 121.598486
152 0.982334 0.040322 122.375928
153 0.982434 0.040143 123.156107
154 0.982534 0.039978 123.932859
155 0.982644 0.039791 124.712016
156 0.982803 0.039516 125.490609
157 0.982869 0.039416 126.269999
158 0.982919 0.039349 127.050671
159 0.983018 0.03918 127.83086
160 0.983048 0.039133 128.608835
161 0.983085 0.03908 129.386936
162 0.9832 0.038888 130.16394
163 0.983264 0.038774 130.942482
164 0.983307 0.038705 132.185419
165 0.983388 0.038574 132.965209
166 0.983479 0.038418 133.744818
167 0.983525 0.038349 134.523041
168 0.983563 0.038292 135.301836
169 0.983595 0.038254 136.081107
170 0.983565 0.038315 136.858814
171 0.983597 0.038267 137.636474
172 0.983603 0.03825 138.41485
173 0.983701 0.038088 139.193194
174 0.983705 0.038085 139.97182
175 0.983794 0.037935 140.750039
176 0.983795 0.03794 141.528108
177 0.983909 0.037759 142.30731
178 0.983934 0.037716 143.085416
179 0.984011 0.037584 143.864886
180 0.984053 0.037518 144.641582
181 0.984103 0.037429 145.419074
182 0.984205 0.037244 146.197358
183 0.984218 0.037229 147.443345
184 0.984264 0.037151 148.221736
185 0.984302 0.037085 149.002072
186 0.984364 0.036968 149.780473
187 0.984369 0.036967 150.560257
188 0.984398 0.03693 151.338675
189 0.984414 0.036904 152.57899
190 0.984503 0.036748 153.364389
191 0.984523 0.036712 154.142195
192 0.984575 0.03663 154.922439
193 0.984619 0.036567 155.70033
194 0.984645 0.036519 156.481149
195 0.98465 0.036511 157.258497
196 0.984672 0.036482 158.037403
197 0.984702 0.036434 158.817824
198 0.984726 0.036403 159.596184
199 0.984744 0.036369 160.377492
200 0.984779 0.036327 161.157528
201 0.984821 0.036262 162.409444
202 0.984867 0.036174 163.190909
203 0.984935 0.036051 163.968699
204 0.984973 0.03598 164.748606
205 0.985025 0.035894 165.526371
206 0.985035 0.035882 166.302794
207 0.985111 0.035753 167.080446
208 0.985181 0.035634 167.857379
209 0.985214 0.03558 168.63491
210 0.985211 0.035602 169.412455
211 0.985232 0.035563 170.190885
212 0.985193 0.035641 170.968602
213 0.985251 0.035529 171.745049
214 0.985329 0.035384 172.514511
215 0.985368 0.03531 173.28447
216 0.985419 0.035222 174.051613
217 0.985476 0.035123 174.821647
218 0.98546 0.035163 175.59207
219 0.985494 0.035102 176.364217
220 0.985484 0.035127 177.61315
221 0.985509 0.035094 178.386312
222 0.985538 0.03504 179.158046
223 0.985574 0.034974 179.927495
224 0.985606 0.034912 180.698211
225 0.985624 0.034878 181.467733
226 0.985646 0.034842 182.235188
227 0.985699 0.03474 183.004845
228 0.985697 0.034737 183.775284
229 0.985678 0.034769 184.544215
230 0.985707 0.034744 185.314246
231 0.985732 0.034701 186.095539
232 0.985738 0.0347 186.886109
233 0.98572 0.034731 187.664467
234 0.985718 0.03474 188.447059
235 0.985753 0.034691 189.223461
236 0.985741 0.034707 190.000785
237 0.985784 0.034624 190.780142
238 0.985865 0.03448 192.050903
239 0.985916 0.03439 192.827593
240 0.98596 0.034308 193.605504
241 0.985991 0.034258 194.385541
242 0.986002 0.034236 195.16496
243 0.986014 0.034226 195.940889
244 0.986017 0.034228 196.720923
245 0.986028 0.034213 197.502923
246 0.986069 0.034145 198.282072
247 0.98611 0.03407 199.064857
248 0.986117 0.034069 199.841793
249 0.98618 0.033969 200.622806
250 0.986183 0.033962 201.399841
251 0.986196 0.033943 202.178805
252 0.986222 0.033895 202.958016
253 0.986234 0.033883 203.736856
254 0.986226 0.033915 204.518123
255 0.986248 0.033888 205.297615
256 0.986296 0.033813 206.079786
257 0.986307 0.033804 207.359629
258 0.986331 0.03375 208.137104
259 0.986349 0.033722 208.916099
260 0.986402 0.033618 209.694437
261 0.986418 0.033593 210.480078
262 0.98644 0.033556 211.261213
263 0.986423 0.033598 212.042519
264 0.986422 0.033599 212.823425
265 0.986422 0.033598 213.604043
266 0.986411 0.033615 214.383892
267 0.986442 0.033557 215.169161
268 0.986445 0.033551 215.955208
269 0.986502 0.033436 216.735811
270 0.986518 0.033413 217.520667
271 0.986545 0.033358 218.299263
272 0.986483 0.033478 219.077191
273 0.986487 0.033462 219.85425
274 0.986476 0.033478 220.632018
275 0.986483 0.033469 221.410303
276 0.986498 0.033442 222.705551
277 0.986522 0.033401 223.483783
278 0.986516 0.033421 224.263862
279 0.986536 0.033378 225.042186
280 0.986532 0.033384 225.823133
281 0.986524 0.033407 226.600971
282 0.986545 0.033366 227.377236
283 0.986559 0.033339 228.154742
284 0.986569 0.033326 228.932949
285 0.986613 0.033247 229.71055
286 0.986624 0.033227 230.488182
287 0.986649 0.033195 231.260109
288 0.986674 0.033147 232.03107
289 0.9867 0.033111 232.801126
290 0.986716 0.033074 233.571738
291 0.98677 0.032982 234.342172
292 0.986771 0.032991 235.112926
293 0.986753 0.033017 235.883744
294 0.986755 0.03301 237.178147
295 0.98674 0.033045 237.950437
296 0.986731 0.033052 238.720623
297 0.986757 0.033005 239.490637
298 0.986759 0.033001 240.260043
299 0.986766 0.032986 241.030776
300 0.986761 0.033006 241.800827
301 0.98676 0.033023 242.572883
302 0.986775 0.033005 243.343353
303 0.986761 0.033029 244.113404
304 0.986748 0.033047 244.885271
305 0.986808 0.032932 245.655763
306 0.986797 0.032945 246.428282
307 0.986839 0.032868 247.200062
308 0.98688 0.032789 247.972564
309 0.986902 0.032752 248.74245
310 0.986891 0.032785 249.512306
311 0.98689 0.032805 250.282341
312 0.986904 0.032781 251.052827
313 0.986896 0.032792 252.354607
314 0.986879 0.03282 253.126334
315 0.986892 0.032794 253.896705
316 0.986889 0.032796 254.666775
317 0.986926 0.032738 255.437255
318 0.986881 0.032821 256.208583
319 0.986873 0.032835 256.978501
320 0.986905 0.032773 257.748492
321 0.986871 0.032838 258.520773
322 0.986906 0.032763 259.29009
323 0.986917 0.032754 260.061302
324 0.986916 0.032746 260.831666
325 0.986975 0.032637 261.60215
326 0.986996 0.032596 262.372523
327 0.987061 0.032477 263.145971
328 0.987085 0.032429 263.917512
329 0.987053 0.032488 264.690202
330 0.987055 0.032485 265.462188
331 0.987043 0.032505 266.234835
332 0.98707 0.032462 267.54625
333 0.987068 0.032463 268.317604
334 0.987066 0.032476 269.091046
335 0.98706 0.032477 269.864336
336 0.987042 0.032505 270.637915
337 0.987065 0.03246 271.407974
338 0.987073 0.032443 272.178653
339 0.987065 0.032461 272.948093
340 0.987011 0.032564 273.719569
341 0.98697 0.032644 274.490996
342 0.986967 0.032655 275.261288
343 0.986958 0.032664 276.032655
344 0.987003 0.032578 276.801939
345 0.986995 0.032588 277.571705
346 0.987015 0.032553 278.34153
347 0.98701 0.032567 279.113935
348 0.987002 0.03258 279.885774
349 0.987034 0.032521 280.655768
350 0.987065 0.032464 281.425939
351 0.987071 0.032462 283.294577
352 0.987033 0.032536 284.064006
353 0.987038 0.032529 284.831707
354 0.987038 0.032542 285.602946
355 0.987046 0.03253 286.370206
356 0.987042 0.032539 287.138571
357 0.987056 0.032509 287.909117
358 0.987015 0.032589 288.67827
359 0.986995 0.032625 289.449781
360 0.98701 0.032606 290.221908
361 0.986972 0.032678 290.996696
362 0.987012 0.032606 291.764937
363 0.98704 0.032556 292.536262
364 0.987069 0.032506 293.304811
365 0.987081 0.032472 294.074754
366 0.98707 0.032489 294.844379
367 0.9871 0.032426 295.615074
368 0.987086 0.032454 296.385265
369 0.987111 0.032405 297.713166
370 0.987092 0.032437 298.483237
371 0.987129 0.032373 299.252083
372 0.987143 0.032337 300.025928

