Learning Rates: 1e-05 0.0001 0.001 0.01 0.1 1 
Epoch & Fidelity & KL & Runtime 
1 0.043564 3.858363 10.480304
2 0.043683 3.854863 20.924719
3 0.043801 3.851403 31.434347
4 0.043921 3.847895 41.852324
5 0.04404 3.844441 52.363268
6 0.044158 3.841013 62.962677
7 0.044276 3.837595 73.376882
8 0.044394 3.834187 83.98186
9 0.044512 3.830775 94.511956
10 0.044629 3.827401 105.078523
11 0.044748 3.824002 115.615839
12 0.044865 3.820646 126.044896
13 0.044982 3.817298 136.616511
14 0.045099 3.813973 147.22136
15 0.045216 3.810668 157.720011
16 0.045332 3.807359 168.216982
17 0.045449 3.804075 178.629472
18 0.045566 3.800775 189.016106
19 0.045682 3.797503 199.628227
20 0.045798 3.79426 210.228088
21 0.045913 3.791034 220.673605
22 0.046029 3.787819 231.153858
23 0.046145 3.784587 241.601562
24 0.046261 3.781377 252.195799
25 0.046375 3.778205 262.755466
26 0.04649 3.775047 273.248607
27 0.046605 3.771879 283.784491
28 0.046719 3.768739 294.181498
29 0.046833 3.765613 304.601454
30 0.046948 3.762484 315.229947
31 0.047062 3.75937 325.830353
32 0.047176 3.756272 336.218194
33 0.047289 3.753192 346.731688
34 0.047403 3.750111 357.160188
35 0.047516 3.747076 367.741901
36 0.047629 3.744031 378.32573
37 0.047742 3.740999 388.841378
38 0.047855 3.737971 399.302313
39 0.047967 3.734967 409.691626
40 0.048079 3.731989 420.074272
41 0.048191 3.729004 430.653543
42 0.048303 3.726027 441.220381
43 0.048415 3.723067 451.627542
44 0.048526 3.72012 462.120282
45 0.048638 3.717172 472.536379
46 0.04875 3.71423 483.148718
47 0.048861 3.711307 493.781741
48 0.048971 3.708416 504.324046

Epoch & Fidelity & KL & Runtime 
1 0.080511 3.227331 10.426434
2 0.080738 3.219136 21.007045
3 0.080961 3.21113 31.493999
4 0.081175 3.203433 42.065876
5 0.081387 3.195917 52.648716
6 0.08159 3.188665 63.244537
7 0.08179 3.181569 73.659891
8 0.081981 3.174792 84.24172
9 0.082171 3.168125 94.781495
10 0.082354 3.161706 105.235272
11 0.082532 3.155445 115.789142
12 0.082705 3.149381 126.315549
13 0.082873 3.143435 136.738914
14 0.083038 3.137722 147.312619
15 0.083197 3.132158 157.886068
16 0.083353 3.126725 168.399808
17 0.083507 3.121398 178.972486
18 0.083655 3.116288 189.583838
19 0.083798 3.111384 200.161391
20 0.08394 3.106524 210.748631
21 0.084078 3.101782 221.319203
22 0.084213 3.097175 231.860369
23 0.084342 3.092768 242.346061
24 0.084471 3.088419 252.862944
25 0.084596 3.084178 263.364447
26 0.084718 3.08007 273.920764
27 0.084836 3.076032 284.503728
28 0.084954 3.072068 295.125632
29 0.085066 3.068276 305.744084
30 0.085177 3.06461 316.321842
31 0.085283 3.061 326.751796
32 0.085388 3.057476 337.30702
33 0.08549 3.054039 347.875636
34 0.085593 3.050674 358.415046
35 0.085694 3.047404 369.036403
36 0.08579 3.044245 379.652923
37 0.085884 3.041127 390.243164
38 0.085978 3.038065 400.801418
39 0.086071 3.035106 411.319417
40 0.086161 3.032275 421.940063
41 0.086249 3.029459 432.480068
42 0.086336 3.026686 443.063654
43 0.08642 3.024018 453.658312
44 0.086503 3.021378 464.196973
45 0.086583 3.018847 474.816219
46 0.086663 3.016314 485.353657
47 0.086742 3.013839 495.845776
48 0.086819 3.011473 506.428992

Epoch & Fidelity & KL & Runtime 
1 0.085618 3.071257 10.385367
2 0.086718 3.03127 21.031209
3 0.087632 3.000445 31.589018
4 0.088405 2.97599 42.074904
5 0.089063 2.956669 52.635569
6 0.089654 2.94042 63.250597
7 0.090186 2.926937 73.865621
8 0.090686 2.91511 84.490769
9 0.091161 2.904377 95.080288
10 0.09162 2.894456 105.552567
11 0.09207 2.885089 116.149948
12 0.092518 2.875979 126.668864
13 0.092963 2.867279 137.22873
14 0.093411 2.858658 147.874462
15 0.093864 2.849932 158.387048
16 0.094322 2.841123 168.925046
17 0.094792 2.83222 179.538562
18 0.095272 2.823148 190.008533
19 0.095767 2.813804 200.472164
20 0.096275 2.804224 210.970079
21 0.096798 2.794352 221.572943
22 0.097339 2.784241 232.140711
23 0.097893 2.773882 242.618675
24 0.098467 2.763135 253.118144
25 0.099064 2.752104 263.528333
26 0.099687 2.740709 274.147663
27 0.100324 2.729056 284.602901
28 0.100984 2.717009 295.086262
29 0.101664 2.704728 305.611542
30 0.102369 2.692074 316.169009
31 0.103104 2.678979 326.64616
32 0.103856 2.665686 337.241089
33 0.104642 2.651976 347.687449
34 0.105449 2.638051 358.151994
35 0.106293 2.6237 368.573163
36 0.107161 2.60902 378.980999
37 0.108059 2.594146 389.570574
38 0.108992 2.578941 400.18422
39 0.109952 2.563482 410.803675
40 0.110936 2.547967 421.305749
41 0.111965 2.531983 431.745703
42 0.113016 2.515964 442.362591
43 0.114113 2.499507 452.791433
44 0.115242 2.482951 463.309137
45 0.116394 2.46637 473.758812
46 0.117581 2.449667 484.348361
47 0.118795 2.432882 494.903939
48 0.120048 2.415975 505.437924

Epoch & Fidelity & KL & Runtime 
1 0.093946 2.850771 10.380044
2 0.099322 2.740683 20.841334
3 0.105966 2.62323 31.457983
4 0.114976 2.48816 41.888849
5 0.126244 2.351601 52.350729
6 0.138905 2.231934 62.915244
7 0.151139 2.140719 73.444482
8 0.161624 2.073986 83.943783
9 0.170621 2.020443 94.330328
10 0.178106 1.973233 104.757069
11 0.184786 1.928504 115.269815
12 0.191041 1.885786 125.829901
13 0.197313 1.845164 136.441779
14 0.203355 1.809356 147.038417
15 0.20934 1.776324 157.643384
16 0.215056 1.745882 168.202913
17 0.220422 1.718471 178.824347
18 0.225817 1.691862 189.468693
19 0.230902 1.666868 200.055646
20 0.235803 1.642715 210.647243
21 0.240595 1.618158 221.263131
22 0.245386 1.594018 231.836467
23 0.250116 1.570258 242.433639
24 0.255119 1.546106 252.907535
25 0.259718 1.52186 263.326318
26 0.26446 1.497921 273.91793
27 0.269279 1.475179 284.534329
28 0.274272 1.451261 295.048345
29 0.27895 1.428023 305.630183
30 0.283976 1.405646 316.260482
31 0.288807 1.38372 326.87791
32 0.293479 1.361605 337.379846
33 0.298626 1.340034 347.822681
34 0.303541 1.319387 358.321946
35 0.308655 1.298502 368.766494
36 0.314001 1.277997 379.256611
37 0.318955 1.258009 389.827216
38 0.324074 1.238848 400.391575
39 0.329184 1.219603 410.984519
40 0.33438 1.201232 421.652636
41 0.339564 1.182329 432.158299
42 0.344711 1.164704 442.669373
43 0.349968 1.147399 453.122889
44 0.355146 1.130488 463.73263
45 0.359981 1.113745 474.189712
46 0.364878 1.097567 484.642265
47 0.370029 1.081802 495.29518
48 0.374896 1.066541 505.888115

Epoch & Fidelity & KL & Runtime 
1 0.173335 2.002859 10.569329
2 0.231342 1.614661 21.033371
3 0.283824 1.392612 31.621964
4 0.329186 1.217776 42.087522
5 0.375946 1.065855 52.499486
6 0.422458 0.935194 62.968281
7 0.465791 0.838307 73.594566
8 0.498355 0.780315 84.076979
9 0.524069 0.740171 94.59962
10 0.543931 0.712168 105.242037
11 0.556447 0.690064 115.890886
12 0.569201 0.670913 126.452723
13 0.578535 0.655724 137.04943
14 0.588305 0.632401 147.6235
15 0.597531 0.616865 158.056944
16 0.604647 0.604346 168.655349
17 0.611725 0.581469 179.301934
18 0.619919 0.564481 189.666274
19 0.628224 0.545462 200.28689
20 0.636413 0.531011 210.956394
21 0.643806 0.514129 221.53709
22 0.652003 0.496904 232.141144
23 0.660877 0.483808 242.674526
24 0.667622 0.465676 253.252932
25 0.675155 0.455767 263.846917
26 0.681846 0.439847 274.364734
27 0.691132 0.427258 284.804926
28 0.69757 0.416423 295.400738
29 0.705824 0.403447 305.86813
30 0.711138 0.393027 316.398572
31 0.716981 0.386112 327.029144
32 0.721437 0.379198 337.64427
33 0.724003 0.377685 348.163862
34 0.730882 0.364106 358.809711
35 0.735647 0.354777 369.404512
36 0.740985 0.351589 380.052357
37 0.743207 0.349961 390.619505
38 0.746056 0.341918 401.159439
39 0.748346 0.341791 411.603606
40 0.750308 0.339815 422.266265
41 0.753113 0.335786 432.766592
42 0.758137 0.328446 443.388726
43 0.757747 0.333129 453.876971
44 0.762884 0.321002 464.397363
45 0.767477 0.312783 474.911257
46 0.767436 0.314334 485.512553
47 0.767924 0.31441 496.022962
48 0.769751 0.313028 506.600197

Epoch & Fidelity & KL & Runtime 
1 0.528411 0.731797 10.587149
2 0.608055 0.596343 21.046879
3 0.669205 0.494986 31.695975
4 0.730364 0.375491 42.224005
5 0.745206 0.369652 52.847906
6 0.749575 0.368569 63.352937
7 0.72928 0.430217 74.024319
8 0.713682 0.463302 84.716618
9 0.67734 0.517631 95.417372
10 0.64798 0.598631 106.080498
11 0.633605 0.623461 116.669616
12 0.59514 0.693625 127.138816
13 0.597626 0.754167 137.638372
14 0.570717 0.881553 148.294586
15 0.635765 0.660958 158.740408
16 0.595217 0.755144 169.318765
17 0.581362 0.7938 179.8528
18 0.574034 0.795939 190.401583
19 0.435539 1.301375 200.981353
20 0.411147 1.358738 211.571773
21 0.326897 1.752689 222.147304
22 0.352151 1.620617 232.611486
23 0.312618 1.798895 243.080267
24 0.338022 1.636522 253.769454
25 0.319493 1.677295 264.398625
26 0.354632 1.442522 274.98679
27 0.298581 1.500264 285.669827
28 0.284691 1.563055 296.302573
29 0.289334 1.535887 306.926708
30 0.2976 1.546618 317.500672
31 0.228378 1.795827 327.999746
32 0.268084 1.712307 338.513758
33 0.255069 1.845678 349.19275
34 0.238277 1.820673 359.750422
35 0.22444 1.918392 370.426936
36 0.193361 2.087096 380.915556
37 0.187744 2.05664 391.585076
38 0.178593 2.100011 402.219958
39 0.188949 2.114041 412.899299
40 0.177693 2.194854 423.597331
41 0.164406 2.263018 434.180517
42 0.182076 2.254004 444.627165
43 0.178716 2.261938 455.341801
44 0.17851 2.337994 465.892059
45 0.18071 2.426377 476.357972
46 0.173619 2.346539 487.043256
47 0.168551 2.411732 497.713676
48 0.172495 2.385854 508.288971

