Learning Rates: 1e-05 0.0001 0.001 0.01 0.1 1 
Epoch & Fidelity & KL & Runtime 
1 0.568685 1.285328 24.429989
2 0.636547 1.072191 48.857249
3 0.694658 0.906844 73.317074
4 0.741766 0.782573 97.720909
5 0.781312 0.68415 122.279513
6 0.814499 0.605305 146.687588
7 0.841422 0.543523 171.174472
8 0.86242 0.496709 195.731089
9 0.881234 0.455587 220.194789
10 0.89714 0.421539 244.797295
11 0.910227 0.393974 269.560406
12 0.921033 0.371495 294.045267
13 0.930624 0.35177 318.672534
14 0.938815 0.335084 343.429344
15 0.944858 0.322876 368.129862
16 0.950863 0.310813 392.82895
17 0.955595 0.301374 417.601196
18 0.95961 0.293406 442.37552
19 0.963664 0.285407 467.15113
20 0.967409 0.278079 491.799932
21 0.970237 0.272548 516.593792

Epoch & Fidelity & KL & Runtime 
1 0.894711 0.429721 24.88428
2 0.968116 0.277741 49.821007
3 0.986117 0.24252 74.736969
4 0.988168 0.238763 99.633833
5 0.990269 0.234629 124.4051
6 0.991072 0.233089 149.563149
7 0.990705 0.234061 174.507362
8 0.990552 0.234371 199.512739
9 0.990667 0.234194 224.47277
10 0.991394 0.232731 249.48905
11 0.991028 0.233431 274.281363
12 0.991152 0.233149 299.335962
13 0.991501 0.232427 324.376456
14 0.991768 0.231881 349.482824
15 0.991258 0.232945 374.584003
16 0.991167 0.233156 399.683836
17 0.992178 0.231128 424.629725
18 0.992269 0.230934 449.768471
19 0.992358 0.230745 474.875167
20 0.992007 0.231457 500.068145

Epoch & Fidelity & KL & Runtime 
1 0.982513 0.250563 25.168187
2 0.977089 0.26218 50.385298
3 0.981592 0.252198 75.394621
4 0.988165 0.239195 100.649264
5 0.976572 0.263189 125.944978
6 0.987406 0.240689 150.89023
7 0.982759 0.250044 176.53674
8 0.987028 0.241364 201.852406
9 0.983598 0.248754 227.176248
10 0.981536 0.252862 252.30028
11 0.981328 0.252518 277.676314
12 0.984658 0.246059 303.412601
13 0.977234 0.261456 328.513555
14 0.983292 0.249466 354.110476
15 0.980949 0.253938 379.676478
16 0.983141 0.248592 404.843308
17 0.96699 0.281303 430.464185
18 0.977347 0.26047 456.158506
19 0.981975 0.251935 481.774939
20 0.985713 0.244199 507.020645

Epoch & Fidelity & KL & Runtime 
1 0.934469 0.349181 25.720858
2 0.939432 0.337639 51.976332
3 0.964834 0.286061 77.234603
4 0.948074 0.322747 103.524319
5 0.957121 0.300805 129.413996
6 0.92796 0.366669 155.307012
7 0.949129 0.319081 180.72138
8 0.952454 0.313271 206.605449
9 0.963689 0.288339 232.473794
10 0.949052 0.320893 258.434358
11 0.928722 0.357991 284.460381
12 0.950668 0.314481 310.39439
13 0.950271 0.317298 336.399152
14 0.95984 0.298129 361.820095
15 0.954213 0.308923 387.876479
16 0.957016 0.299461 414.56698
17 0.946208 0.324073 440.679315
18 0.942269 0.333268 466.348229
19 0.969946 0.276211 492.559435
20 0.969725 0.276859 518.791433

Epoch & Fidelity & KL & Runtime 
1 0.603828 1.295608 26.105645
2 0.568301 1.426427 51.685655
3 0.771496 0.760776 77.924864
4 0.741137 0.86467 104.198449
5 0.681881 1.009501 130.401562
6 0.670243 1.060636 155.921769
7 0.536548 1.494034 182.132421
8 0.748893 0.827683 208.362075
9 0.720259 0.887043 233.921307
10 0.732839 0.845811 260.157368
11 0.71831 0.905654 287.275674
12 0.494093 1.773085 314.372774
13 0.641174 1.122207 340.814926
14 0.587683 1.335681 366.59329
15 0.590212 1.265338 392.997305
16 0.748474 0.812506 419.426353
17 0.708099 0.906968 445.830613
18 0.628707 1.141845 471.455351
19 0.745263 0.823524 497.84521
20 0.65376 1.075719 524.171487

Epoch & Fidelity & KL & Runtime 
1 0.082473 5.404644 26.242879
2 0.044565 8.321499 51.82036
3 0.07561 6.073899 78.861074
4 0.032745 7.184823 105.238803
5 0.028958 9.14491 131.558408
6 0.13461 5.193173 157.154474
7 0.098626 5.632386 184.286958
8 0.08432 6.559858 210.61717
9 0.242828 3.630766 236.994229
10 0.10557 5.441474 262.576556
11 0.05357 6.967029 289.735339
12 0.114775 5.075358 316.07919
13 0.14444 5.092915 342.487215
14 0.20574 3.922243 367.967469
15 0.045008 8.061513 395.144717
16 0.058022 7.583767 421.60774
17 0.05839 6.159672 448.371634
18 0.104881 5.298023 474.155042
19 0.04023 7.38986 501.688417

