samples: 10000
burn_in: 1000
steps: 100
Exact H:-2.25
   Fidelity  ROE       Mean      Median    CI Width LL on CI  UL on CI  mmRatio  Min Err  Max Err
1  0.976457  0.000734  -2.24835  -2.25300  0.00213  -2.25048  -2.24621  0.99793  0.00021  0.00168  
2  0.985404  0.000473  -2.24894  -2.25000  0.00191  -2.25084  -2.24703  0.99953  0.00037  0.00132  
3  0.987822  0.000861  -2.24806  -2.25000  0.00169  -2.24975  -2.24637  0.99914  0.00011  0.00161  
4  0.988145  0.001416  -2.24681  -2.24969  0.00162  -2.24844  -2.24519  0.99872  0.00069  0.00214  
5  0.989078  0.000199  -2.24955  -2.25000  0.00160  -2.25115  -2.24795  0.99980  0.00051  0.00091  
6  0.988264  0.000908  -2.24796  -2.24875  0.00162  -2.24958  -2.24634  0.99965  0.00019  0.00163  
7  0.989497  0.000356  -2.24920  -2.25000  0.00166  -2.25085  -2.24754  0.99964  0.00038  0.00109  
8  0.990172  0.000532  -2.24880  -2.25000  0.00160  -2.25040  -2.24720  0.99947  0.00018  0.00124  
9  0.990213  0.000909  -2.24795  -2.25000  0.00154  -2.24950  -2.24641  0.99909  0.00022  0.00159  
10  0.990589  0.000677  -2.24848  -2.25000  0.00159  -2.25007  -2.24689  0.99932  0.00003  0.00138  
11  0.990653  0.000685  -2.24846  -2.25000  0.00151  -2.24996  -2.24695  0.99931  0.00002  0.00135  
12  0.991478  0.000283  -2.24936  -2.25000  0.00145  -2.25082  -2.24791  0.99972  0.00036  0.00093  
13  0.991255  0.000396  -2.24911  -2.25000  0.00154  -2.25065  -2.24757  0.99960  0.00029  0.00108  
14  0.991281  0.000994  -2.24776  -2.25000  0.00159  -2.24935  -2.24618  0.99901  0.00029  0.00170  
