samples: 1500
burn_in: 100
steps: 100
Exact H:-2.25
   Fidelity  ROE       Mean      Median    CI Width LL on CI  UL on CI  mmRatio  Min Err  Max Err
1  0.620135  0.023399  -2.19735  -2.17572  0.02106  -2.21841  -2.17630  1.00994  0.01404  0.03276  
2  0.815464  0.005481  -2.23767  -2.23890  0.01248  -2.25015  -2.22519  0.99945  0.00007  0.01103  
3  0.901197  0.001687  -2.24620  -2.24215  0.00877  -2.25497  -2.23743  1.00181  0.00221  0.00558  
4  0.941131  0.002169  -2.24512  -2.25000  0.00659  -2.25171  -2.23853  0.99783  0.00076  0.00510  
5  0.961680  0.001859  -2.24582  -2.25000  0.00599  -2.25181  -2.23983  0.99814  0.00080  0.00452  
6  0.973209  0.001398  -2.24686  -2.25000  0.00481  -2.25167  -2.24204  0.99860  0.00074  0.00354  
7  0.979323  0.002269  -2.24490  -2.24869  0.00449  -2.24939  -2.24040  0.99831  0.00027  0.00427  
8  0.983278  0.000106  -2.25024  -2.25000  0.00468  -2.25492  -2.24556  1.00011  0.00197  0.00219  
9  0.985219  0.000735  -2.24835  -2.25000  0.00470  -2.25304  -2.24365  0.99926  0.00135  0.00282  
10  0.986106  0.001066  -2.24760  -2.25000  0.00440  -2.25201  -2.24320  0.99893  0.00089  0.00302  
11  0.987143  0.002742  -2.24383  -2.24604  0.00428  -2.24811  -2.23955  0.99902  0.00084  0.00464  
12  0.987517  0.002120  -2.24523  -2.24890  0.00456  -2.24979  -2.24067  0.99837  0.00010  0.00414  
13  0.987605  0.001109  -2.24750  -2.25000  0.00426  -2.25177  -2.24324  0.99889  0.00078  0.00300  
14  0.987607  0.002652  -2.24403  -2.25000  0.00482  -2.24886  -2.23921  0.99735  0.00051  0.00480  
15  0.987802  0.001424  -2.24680  -2.24757  0.00445  -2.25124  -2.24235  0.99966  0.00055  0.00340  
16  0.987835  0.001526  -2.24657  -2.24612  0.00447  -2.25104  -2.24210  1.00020  0.00046  0.00351  
17  0.988307  0.001038  -2.24767  -2.25000  0.00436  -2.25202  -2.24331  0.99896  0.00090  0.00297  
18  0.988162  0.001015  -2.24772  -2.25000  0.00466  -2.25238  -2.24306  0.99899  0.00106  0.00309  
19  0.988036  0.000809  -2.24818  -2.25000  0.00429  -2.25247  -2.24389  0.99919  0.00110  0.00271  
20  0.988086  0.001870  -2.24579  -2.25000  0.00453  -2.25032  -2.24127  0.99813  0.00014  0.00388  
21  0.987516  0.001192  -2.24732  -2.25000  0.00467  -2.25199  -2.24265  0.99881  0.00088  0.00327  
22  0.987559  0.001196  -2.24731  -2.25000  0.00449  -2.25180  -2.24282  0.99880  0.00080  0.00319  
23  0.988056  0.001060  -2.24761  -2.25000  0.00479  -2.25240  -2.24283  0.99894  0.00107  0.00319  
24  0.988349  0.000804  -2.24819  -2.25000  0.00409  -2.25228  -2.24410  0.99920  0.00101  0.00262  
25  0.988480  0.000844  -2.24810  -2.25000  0.00413  -2.25223  -2.24397  0.99916  0.00099  0.00268  
26  0.988275  0.001292  -2.24709  -2.25000  0.00416  -2.25125  -2.24294  0.99871  0.00055  0.00314  
27  0.987849  0.001561  -2.24649  -2.24962  0.00440  -2.25088  -2.24209  0.99861  0.00039  0.00352  
28  0.988799  0.000573  -2.25129  -2.25000  0.00401  -2.25530  -2.24728  1.00057  0.00121  0.00236  
29  0.988636  0.001269  -2.24714  -2.25000  0.00423  -2.25137  -2.24292  0.99873  0.00061  0.00315  
30  0.988612  0.002003  -2.24549  -2.24830  0.00420  -2.24969  -2.24129  0.99875  0.00014  0.00387  
31  0.989190  0.001955  -2.24560  -2.25000  0.00425  -2.24985  -2.24135  0.99804  0.00007  0.00384  
32  0.989126  0.000758  -2.24830  -2.25000  0.00385  -2.25214  -2.24445  0.99924  0.00095  0.00247  
33  0.988519  0.001685  -2.24621  -2.25000  0.00432  -2.25053  -2.24189  0.99832  0.00024  0.00361  
34  0.988714  0.001072  -2.24759  -2.25000  0.00436  -2.25195  -2.24323  0.99893  0.00087  0.00301  
35  0.988762  0.000883  -2.24801  -2.25000  0.00467  -2.25269  -2.24334  0.99912  0.00119  0.00296  
36  0.989032  0.000507  -2.24886  -2.25000  0.00457  -2.25343  -2.24429  0.99949  0.00152  0.00254  
37  0.989163  0.001252  -2.24718  -2.25000  0.00472  -2.25190  -2.24246  0.99875  0.00085  0.00335  
38  0.989370  0.001747  -2.24607  -2.25000  0.00458  -2.25065  -2.24149  0.99825  0.00029  0.00378  
39  0.989694  0.001582  -2.24644  -2.24932  0.00413  -2.25057  -2.24231  0.99872  0.00025  0.00342  
40  0.989810  0.000112  -2.24975  -2.25000  0.00387  -2.25361  -2.24588  0.99989  0.00161  0.00183  
41  0.989688  0.001941  -2.24563  -2.25000  0.00396  -2.24960  -2.24167  0.99806  0.00018  0.00370  
42  0.989725  0.000547  -2.25123  -2.25000  0.00394  -2.25517  -2.24729  1.00055  0.00120  0.00230  
43  0.989670  0.000782  -2.24824  -2.25000  0.00402  -2.25226  -2.24423  0.99922  0.00100  0.00257  
44  0.989670  0.001209  -2.24728  -2.25000  0.00397  -2.25125  -2.24331  0.99879  0.00056  0.00297  
45  0.989758  0.000868  -2.24805  -2.25000  0.00420  -2.25225  -2.24384  0.99913  0.00100  0.00274  
46  0.989378  0.001770  -2.24602  -2.25000  0.00462  -2.25064  -2.24140  0.99823  0.00028  0.00382  
47  0.989168  0.000684  -2.24846  -2.25000  0.00483  -2.25329  -2.24363  0.99932  0.00146  0.00283  
48  0.989298  0.001909  -2.24570  -2.25000  0.00445  -2.25016  -2.24125  0.99809  0.00007  0.00389  
49  0.989971  0.000509  -2.24885  -2.25000  0.00409  -2.25294  -2.24477  0.99949  0.00131  0.00233  
50  0.989529  0.000342  -2.24923  -2.25000  0.00442  -2.25366  -2.24481  0.99966  0.00162  0.00231  
51  0.989807  0.000935  -2.24790  -2.25000  0.00413  -2.25203  -2.24377  0.99907  0.00090  0.00277  
52  0.989757  0.002164  -2.24513  -2.24778  0.00447  -2.24960  -2.24066  0.99882  0.00018  0.00415  
53  0.989326  0.001775  -2.24601  -2.25000  0.00442  -2.25043  -2.24158  0.99823  0.00019  0.00374  
54  0.990066  0.001665  -2.24625  -2.24840  0.00389  -2.25014  -2.24236  0.99904  0.00006  0.00339  
55  0.989969  0.000805  -2.24819  -2.25000  0.00456  -2.25274  -2.24363  0.99920  0.00122  0.00283  
56  0.989221  0.002387  -2.24463  -2.24879  0.00515  -2.24977  -2.23948  0.99815  0.00010  0.00467  
57  0.989133  0.000771  -2.24826  -2.25000  0.00507  -2.25333  -2.24320  0.99923  0.00148  0.00302  
58  0.989871  0.000457  -2.24897  -2.25000  0.00436  -2.25333  -2.24461  0.99954  0.00148  0.00240  
59  0.989548  0.002392  -2.24462  -2.24975  0.00443  -2.24904  -2.24019  0.99772  0.00043  0.00436  
60  0.989726  0.000891  -2.24799  -2.25000  0.00400  -2.25200  -2.24399  0.99911  0.00089  0.00267  
61  0.989580  0.000538  -2.24879  -2.25000  0.00386  -2.25265  -2.24492  0.99946  0.00118  0.00226  
62  0.989749  0.001686  -2.24621  -2.25000  0.00392  -2.25013  -2.24229  0.99831  0.00006  0.00343  
63  0.989701  0.000462  -2.24896  -2.24889  0.00379  -2.25275  -2.24517  1.00003  0.00122  0.00215  
64  0.990397  0.001433  -2.24677  -2.25000  0.00370  -2.25047  -2.24308  0.99857  0.00021  0.00308  
65  0.990254  0.001618  -2.24636  -2.25000  0.00404  -2.25040  -2.24232  0.99838  0.00018  0.00341  
66  0.990051  0.000788  -2.24823  -2.25000  0.00435  -2.25258  -2.24387  0.99921  0.00115  0.00272  
67  0.990400  0.001403  -2.24684  -2.25000  0.00431  -2.25116  -2.24253  0.99860  0.00051  0.00332  
68  0.990211  0.000906  -2.24796  -2.25000  0.00432  -2.25229  -2.24364  0.99909  0.00102  0.00283  
69  0.989988  0.001672  -2.24624  -2.25000  0.00453  -2.25077  -2.24171  0.99833  0.00034  0.00369  
70  0.989592  0.000401  -2.24910  -2.25000  0.00479  -2.25389  -2.24431  0.99960  0.00173  0.00253  
71  0.989420  0.000927  -2.24791  -2.25000  0.00510  -2.25302  -2.24281  0.99907  0.00134  0.00319  
72  0.989930  0.001571  -2.24646  -2.25000  0.00452  -2.25099  -2.24194  0.99843  0.00044  0.00358  
73  0.990529  0.000734  -2.24835  -2.25000  0.00375  -2.25210  -2.24460  0.99927  0.00093  0.00240  
74  0.991228  0.000735  -2.24835  -2.25000  0.00362  -2.25197  -2.24472  0.99927  0.00088  0.00234  
75  0.990989  0.002238  -2.24497  -2.24362  0.00383  -2.24880  -2.24113  1.00060  0.00053  0.00394  
76  0.990986  0.001125  -2.24747  -2.25000  0.00372  -2.25119  -2.24375  0.99888  0.00053  0.00278  
77  0.991281  0.000681  -2.24847  -2.25000  0.00383  -2.25230  -2.24464  0.99932  0.00102  0.00238  
78  0.991032  0.002673  -2.24399  -2.25000  0.00387  -2.24786  -2.24012  0.99733  0.00095  0.00439  
79  0.990879  0.000193  -2.24957  -2.25000  0.00394  -2.25351  -2.24563  0.99981  0.00156  0.00194  
80  0.990800  0.000662  -2.24851  -2.25000  0.00393  -2.25244  -2.24458  0.99934  0.00108  0.00241  
81  0.990369  0.000817  -2.24816  -2.24876  0.00402  -2.25218  -2.24414  0.99973  0.00097  0.00261  
