k Values: 1 2 4 8 16 
Epoch & Fidelity & KL & Runtime 
1 0.871764 0.476402 24.38113
2 0.962162 0.288861 48.715384
3 0.984178 0.245905 73.018533
4 0.988563 0.237774 97.360368
5 0.99014 0.234914 121.713422
6 0.990993 0.233281 146.103922
7 0.990472 0.234437 170.477816
8 0.989343 0.23679 194.828538
9 0.991535 0.232316 219.150527
10 0.991544 0.232339 243.570247
11 0.990411 0.234547 268.029115
12 0.991455 0.232438 292.520298
13 0.991827 0.231691 317.108068
14 0.992905 0.22956 341.529265
15 0.992231 0.230954 366.06226
16 0.993026 0.229376 390.630019
17 0.992373 0.230653 415.15709
18 0.992398 0.230561 439.794673
19 0.99168 0.232007 464.552488
20 0.992937 0.229522 489.08062
21 0.993287 0.228816 513.751746

Epoch & Fidelity & KL & Runtime 
1 0.884527 0.450854 24.71322
2 0.963603 0.286588 49.532594
3 0.98287 0.248827 74.306541
4 0.987889 0.239165 98.945628
5 0.989366 0.236434 123.967929
6 0.989366 0.236474 148.78939
7 0.988875 0.237527 173.454039
8 0.989353 0.236586 198.310426
9 0.989928 0.23547 223.221079
10 0.988974 0.237338 248.122477
11 0.988964 0.237372 273.066972
12 0.990818 0.233669 298.025654
13 0.990089 0.235138 322.777184
14 0.990257 0.234766 348.010536
15 0.990006 0.23534 373.013347
16 0.98945 0.236463 398.057108
17 0.989779 0.235807 423.114995
18 0.988802 0.237753 448.209079
19 0.989678 0.236018 472.93455
20 0.991302 0.232727 498.038298
21 0.990649 0.234076 523.147524

Epoch & Fidelity & KL & Runtime 
1 0.89508 0.428586 25.267308
2 0.970088 0.273705 50.545707
3 0.985249 0.244035 75.867503
4 0.987809 0.239344 101.164589
5 0.991034 0.233164 126.153827
6 0.990584 0.234097 151.456267
7 0.990091 0.235187 177.135894
8 0.991468 0.232422 202.204681
9 0.991381 0.232657 227.951477
10 0.991237 0.232951 253.320889
11 0.991533 0.232404 278.371777
12 0.99127 0.232838 303.796703
13 0.992432 0.230517 329.249543
14 0.991579 0.232223 354.394299
15 0.992341 0.230685 379.860874
16 0.991993 0.231396 405.342996
17 0.991287 0.232806 431.210857
18 0.992516 0.230322 456.327773
19 0.992385 0.230606 481.869442
20 0.992615 0.230114 507.873018

Epoch & Fidelity & KL & Runtime 
1 0.908067 0.399139 25.363175
2 0.969485 0.274492 51.199305
3 0.983876 0.246674 77.091596
4 0.988633 0.237621 102.592317
5 0.989453 0.236307 128.519321
6 0.990432 0.234465 154.520596
7 0.991902 0.231579 180.536222
8 0.991808 0.231801 206.058543
9 0.991685 0.232078 232.662965
10 0.99135 0.232758 258.792086
11 0.990845 0.233745 284.975833
12 0.991849 0.231686 311.147708
13 0.991243 0.232918 337.354052
14 0.992147 0.231115 363.60412
15 0.98962 0.23628 389.909671
16 0.990154 0.235164 416.248568
17 0.990496 0.234352 442.586092
18 0.991033 0.233375 468.965747
19 0.99048 0.234509 495.393958
20 0.989355 0.236815 521.144252

Epoch & Fidelity & KL & Runtime 
1 0.858358 0.508759 26.798489
2 0.960048 0.293609 53.617236
3 0.98284 0.248878 81.131292
4 0.988129 0.238679 107.983505
5 0.990738 0.233625 134.13781
6 0.992215 0.230815 161.010478
7 0.992125 0.231039 187.912332
8 0.991334 0.232737 215.562253
9 0.992564 0.230249 242.516605
10 0.991894 0.231514 268.729061
11 0.990578 0.23419 295.727855
12 0.99004 0.235304 322.711547
13 0.991512 0.2323 349.691233
14 0.990436 0.234424 377.479343
15 0.991887 0.231531 403.720224
16 0.992084 0.231114 430.734839
17 0.991035 0.233306 457.766275
18 0.992057 0.231274 484.835797
19 0.99169 0.232008 512.746829

