Batch size is 2
Epoch & Fidelity & Runtime 
1 0.226431 27.521134
2 0.313273 54.896711
3 0.365074 82.356035
4 0.397317 109.836244
5 0.415102 137.477141
6 0.454007 165.067162
7 0.462594 192.72733
8 0.475104 220.199045
9 0.498585 247.843994
10 0.507736 275.456794
11 0.501356 303.139668

Batch size is 4
Epoch & Fidelity & Runtime 
1 0.166068 24.768772
2 0.239795 49.354229
3 0.279831 74.271133
4 0.319506 99.45181
5 0.355864 124.309123
6 0.379884 150.13318
7 0.4044 176.262169
8 0.414077 202.231835
9 0.434691 228.39527
10 0.453234 254.596182
11 0.46109 281.033374
12 0.470792 307.110274

Batch size is 8
Epoch & Fidelity & Runtime 
1 0.103552 24.695401
2 0.165681 49.712817
3 0.20931 74.787748
4 0.244796 99.897857
5 0.275465 124.976938
6 0.303755 150.28056
7 0.327107 175.498715
8 0.348291 200.962759
9 0.367154 226.436609
10 0.382932 251.921686
11 0.399267 277.419501
12 0.413952 302.91404

Batch size is 16
Epoch & Fidelity & Runtime 
1 0.070175 24.226927
2 0.105388 48.192261
3 0.140573 73.195371
4 0.166088 97.672409
5 0.186369 122.414428
6 0.202859 147.358829
7 0.219712 172.273838
8 0.234835 197.474617
9 0.249203 222.90216
10 0.261801 247.859563
11 0.275256 273.096545
12 0.28401 298.305974
13 0.295798 323.312654

Batch size is 32
Epoch & Fidelity & Runtime 
1 0.05953 24.297748
2 0.067493 48.615101
3 0.080769 73.392541
4 0.099069 97.895136
5 0.117672 122.693538
6 0.135126 147.433277
7 0.150665 172.048999
8 0.163694 197.521878
9 0.175145 222.655787
10 0.186469 247.484294
11 0.196607 272.642375
12 0.206852 297.838993
13 0.215737 322.715823

Batch size is 64
Epoch & Fidelity & Runtime 
1 0.057984 24.037033
2 0.062269 48.747842
3 0.068198 73.158992
4 0.075438 97.902268
5 0.084273 122.603177
6 0.093572 147.342004
7 0.103501 172.387365
8 0.112367 197.479433
9 0.121197 222.224381
10 0.129359 247.331779
11 0.136898 272.493934
12 0.144237 297.721516
13 0.150761 322.915811

Batch size is 128
Epoch & Fidelity & Runtime 
1 0.056472 24.055726
2 0.059641 48.731616
3 0.061756 73.146335
4 0.063817 98.33639
5 0.066224 123.240318
6 0.069216 147.691129
7 0.072198 172.802113
8 0.075523 198.024727
9 0.079081 222.865804
10 0.083133 248.072159
11 0.087203 273.704145
12 0.091131 298.551549
13 0.095509 323.824756

Batch size is 256
Epoch & Fidelity & Runtime 
1 0.05024 24.265392
2 0.054244 48.511864
3 0.056376 73.782131
4 0.057798 98.764394
5 0.058929 123.341823
6 0.060026 148.322612
7 0.061065 173.464453
8 0.062204 198.348557
9 0.063304 224.053625
10 0.064441 249.369238
11 0.065708 274.311407
12 0.066993 299.615636
13 0.068423 324.958857

Batch size is 512
Epoch & Fidelity & Runtime 
1 0.045714 24.975808
2 0.050283 49.191351
3 0.052964 74.163325
4 0.054711 99.099555
5 0.055987 123.645416
6 0.056916 148.660398
7 0.057699 174.437855
8 0.058379 199.368645
9 0.059021 224.80465
10 0.059578 250.320847
11 0.060158 275.378694
12 0.060759 300.932236

