Learning Rates: 1e-05 0.0001 0.001 0.01 0.1 1 
Epoch & Fidelity & KL & Runtime 
1 0.323617 2.356123 25.282354
2 0.334928 2.291751 50.49271
3 0.345992 2.230886 75.768847
4 0.357183 2.171205 101.049686
5 0.368379 2.11333 126.343055
6 0.379354 2.058307 151.656996
7 0.390244 2.005284 176.986173
8 0.401127 1.953688 202.30949
9 0.41128 1.906779 227.556109
10 0.421793 1.859355 252.910048
11 0.432064 1.81413 278.39817
12 0.442066 1.771143 303.708495
13 0.452223 1.728424 329.084495
14 0.462006 1.688159 354.569161
15 0.471539 1.649716 379.825969
16 0.481131 1.61179 405.28124
17 0.490382 1.575893 430.838605
18 0.499457 1.541279 456.127746
19 0.508483 1.507505 481.569962
20 0.517399 1.474714 507.008246

Epoch & Fidelity & KL & Runtime 
1 0.472907 1.645735 25.478739
2 0.556644 1.337039 51.037603
3 0.627548 1.109541 76.534626
4 0.686921 0.93731 102.069961
5 0.735351 0.807251 127.441468
6 0.77602 0.704212 152.984994
7 0.80829 0.626045 178.544632
8 0.83543 0.562536 203.910631
9 0.857957 0.511286 229.71994
10 0.877939 0.466862 255.315527
11 0.894682 0.430354 280.939963
12 0.907535 0.402813 306.320189
13 0.919174 0.378211 331.948367
14 0.928653 0.358388 357.856543
15 0.936116 0.342869 383.27081
16 0.943333 0.327987 408.941756
17 0.950318 0.313721 434.632274
18 0.955659 0.302873 460.343053
19 0.959963 0.29415 485.756756
20 0.964186 0.285702 511.537988

Epoch & Fidelity & KL & Runtime 
1 0.873283 0.474266 26.020295
2 0.960588 0.292264 51.433809
3 0.98086 0.252561 77.17092
4 0.986963 0.240901 102.933649
5 0.987471 0.240012 128.704054
6 0.990405 0.234373 154.516889
7 0.989301 0.236578 180.279513
8 0.989732 0.235661 206.055637
9 0.988577 0.237925 231.537716
10 0.990163 0.234938 257.705343
11 0.990825 0.23362 283.5498
12 0.991367 0.232579 309.719191
13 0.990867 0.233569 335.212537
14 0.990415 0.23447 361.063494
15 0.992378 0.230529 386.92468
16 0.992479 0.230287 412.417889
17 0.993205 0.22891 438.28868
18 0.992703 0.229899 464.55826
19 0.993555 0.228224 490.462711
20 0.992773 0.229735 515.975771

Epoch & Fidelity & KL & Runtime 
1 0.983736 0.248261 25.926348
2 0.981267 0.253 51.865714
3 0.975418 0.264577 77.796293
4 0.982137 0.250964 103.759249
5 0.977215 0.261917 129.712565
6 0.977755 0.26059 155.706652
7 0.981474 0.252971 181.26955
8 0.980566 0.254674 207.252017
9 0.980256 0.255438 233.254224
10 0.986848 0.241829 259.805211
11 0.984931 0.245269 285.418858
12 0.98601 0.243593 311.475729
13 0.974411 0.267154 337.610767
14 0.981841 0.251907 363.682741
15 0.977829 0.260269 389.287079
16 0.983314 0.249095 415.868844
17 0.980884 0.253913 441.933977
18 0.978164 0.260106 468.10341
19 0.980991 0.253802 493.74712
20 0.983675 0.248174 519.877547

Epoch & Fidelity & KL & Runtime 
1 0.945311 0.324345 26.699302
2 0.950787 0.316475 52.845888
3 0.937152 0.34594 78.49342
4 0.952426 0.313221 104.669348
5 0.961346 0.294247 131.40957
6 0.943629 0.332263 157.602094
7 0.967524 0.28086 183.836108
8 0.942431 0.334017 210.070104
9 0.955445 0.305407 236.306866
10 0.938774 0.339808 262.637352
11 0.968547 0.278756 288.345726
12 0.969777 0.276663 314.609777
13 0.965548 0.28653 341.436024
14 0.941782 0.334458 367.709749
15 0.924964 0.36919 393.429837
16 0.950615 0.31829 419.748539
17 0.92625 0.368937 446.087242
18 0.941787 0.33681 473.008876
19 0.943952 0.330171 498.817782
20 0.937443 0.343679 525.759452

Epoch & Fidelity & KL & Runtime 
1 0.519216 1.630593 26.359524
2 0.609581 1.238002 52.725339
3 0.675891 0.981238 78.470226
4 0.693191 0.962814 104.880811
5 0.583341 1.361737 131.332666
6 0.440618 1.86877 157.72078
7 0.741336 0.811296 183.577204
8 0.704583 0.942216 210.632894
9 0.651386 1.121355 237.070844
10 0.690196 1.055312 264.150932
11 0.571119 1.415677 289.930427
12 0.733814 0.877377 316.35864
13 0.673453 1.040844 342.882176
14 0.581404 1.397459 369.410685
15 0.652307 0.996213 395.233107
16 0.689527 0.992649 422.445944
17 0.573308 1.444441 448.940952
18 0.716288 0.885409 475.524886
19 0.445837 1.843277 502.086933

