Learning rate is 0.1

Optimizer is Adadelta
Epoch & Fidelity & Runtime 
1 0.088431 1.274338
2 0.095082 2.543327
3 0.102372 3.807805
4 0.112557 5.072451
5 0.125358 6.33475
6 0.13848 7.60198
7 0.151582 8.863379
8 0.1626 10.130376
9 0.171639 11.393955
10 0.179911 12.656204
11 0.188032 13.928792
12 0.195173 15.195336
13 0.203578 16.456752
14 0.210049 17.719334
15 0.217498 18.980682
16 0.224559 20.247174
17 0.231231 21.50949
18 0.237262 22.774867
19 0.24378 24.034303
20 0.249829 25.301513
21 0.256172 26.562281
22 0.262303 27.823411
23 0.268073 29.104734
24 0.274918 30.365777
25 0.281754 31.626346
26 0.287755 32.889183
27 0.293952 34.147017
28 0.300191 35.406163
29 0.30713 36.696778
30 0.31429 37.961169
31 0.32044 39.225024
32 0.328301 40.492714
33 0.335613 41.760689
34 0.341522 43.025909
35 0.350161 44.314973
36 0.358165 45.580772
37 0.366097 46.846912
38 0.372333 48.114213
39 0.3785 49.384211
40 0.384962 50.654233
41 0.392494 51.925557
42 0.399061 53.193739
43 0.4062 54.462024
44 0.412946 55.731233
45 0.418084 57.001752
46 0.424347 58.303694
47 0.430489 59.571503
48 0.435073 60.841632
49 0.440921 62.112485
50 0.445418 63.383893
51 0.450053 64.652941
52 0.455115 65.923864
53 0.460486 67.194965
54 0.46459 68.465193
55 0.468228 69.734701
56 0.472508 71.00288
57 0.477733 72.272853
58 0.482035 73.579763
59 0.48521 74.847677
60 0.488316 76.122054
61 0.491234 77.390896
62 0.495429 78.661019
63 0.498537 79.924687
64 0.501986 81.233305
65 0.505287 82.498475
66 0.507813 83.762803
67 0.510502 85.030027
68 0.513211 86.301305
69 0.515377 87.567439
70 0.517716 88.875855
71 0.520794 90.141702
72 0.522578 91.410635
73 0.524832 92.67593
74 0.527503 93.941803
75 0.529391 95.206392
76 0.531569 96.471661
77 0.53288 97.735936
78 0.535456 98.999226
79 0.537479 100.261626
80 0.537928 101.523589
81 0.539563 102.787787
82 0.541662 104.103594
83 0.543113 105.367472
84 0.543755 106.633824
85 0.544639 107.900898
86 0.547205 109.164408
87 0.547996 110.426222
88 0.549315 111.690422
89 0.550572 112.95756
90 0.552355 114.222839
91 0.553536 115.486636
92 0.553149 116.752139
93 0.55555 118.015731
94 0.556638 119.334603
95 0.55716 120.620457
96 0.558068 121.88662
97 0.55938 123.149737
98 0.5599 124.413455
99 0.560614 125.680782
100 0.560861 126.945542
101 0.562465 128.208528
102 0.564026 129.476311
103 0.564487 130.740895
104 0.565969 132.009145
105 0.566261 133.332229
106 0.567071 134.599964
107 0.567567 135.865417
108 0.569551 137.131926
109 0.570608 138.398114
110 0.570892 139.664955
111 0.57329 140.927947
112 0.573561 142.193287
113 0.573659 143.460152
114 0.575101 144.725396
115 0.575946 145.987177
116 0.576426 147.256607
117 0.577558 148.583655
118 0.578082 149.84743
119 0.579025 151.11821
120 0.580368 152.381723
121 0.580745 153.644566
122 0.580272 154.910541
123 0.581788 156.176199
124 0.582306 157.442595
125 0.581837 158.712591
126 0.58308 159.979307
127 0.583201 161.245309
128 0.582775 162.510504
129 0.583032 163.840294
130 0.582377 165.105395
131 0.585412 166.371016
132 0.584681 167.634038
133 0.587128 168.899052
134 0.587086 170.164877
135 0.589088 171.429135
136 0.590363 172.691944
137 0.592429 173.959993
138 0.593224 175.223337
139 0.592027 176.485049
140 0.591529 177.750912
141 0.594439 179.091766
142 0.597583 180.356412
143 0.59815 181.624293
144 0.599049 182.889648
145 0.599395 184.154411
146 0.600591 185.418446
147 0.60148 186.683886
148 0.604503 187.948235
149 0.605802 189.213941
150 0.605314 190.481388
151 0.606261 191.744609
152 0.604971 193.007657
153 0.60693 194.355099
154 0.608109 195.624876
155 0.610419 196.890615
156 0.612289 198.155288
157 0.611159 199.422564
158 0.613847 200.687967
159 0.612064 201.955492
160 0.615344 203.223133
161 0.6147 204.488735
162 0.61678 205.768907
163 0.619558 207.037775
164 0.619369 208.388446
165 0.622346 209.655018
166 0.623485 210.922513
167 0.623114 212.274257
168 0.623859 213.539752
169 0.625644 214.805686
170 0.626159 216.069495
171 0.627533 217.336885
172 0.629019 218.599935
173 0.632558 219.864371
174 0.633724 221.132011
175 0.635349 222.397632
176 0.635475 223.748652
177 0.636454 225.017487
178 0.636976 226.281271
179 0.638906 227.545394
180 0.638198 228.808775
181 0.640046 230.079673
182 0.642519 231.34333
183 0.643664 232.606669
184 0.64575 233.872399
185 0.647533 235.13664
186 0.646852 236.400953
187 0.648167 237.665538
188 0.650322 239.02562
189 0.651311 240.290285
190 0.652016 241.555507
191 0.653595 242.824918
192 0.654665 244.089824
193 0.657366 245.353542
194 0.658644 246.616971
195 0.660984 247.885061
196 0.661891 249.146556
197 0.662755 250.414651
198 0.663482 251.682198
199 0.66421 252.947534
200 0.664376 254.313445
201 0.666694 255.580734
202 0.667884 256.843947
203 0.667958 258.109441
204 0.669304 259.373795
205 0.670513 260.640402
206 0.671766 261.905175
207 0.673704 263.169888
208 0.674049 264.434559
209 0.674834 265.698541
210 0.676699 266.961658
211 0.678113 268.226334
212 0.678903 269.59421
213 0.681164 270.859747
214 0.682714 272.122108
215 0.682404 273.390038
216 0.684733 274.653744
217 0.685341 275.918636
218 0.685633 277.183586
219 0.685976 278.448711
220 0.688123 279.713084
221 0.68917 280.981811
222 0.689127 282.248146
223 0.689088 283.619125
224 0.690014 284.883067
225 0.690184 286.148686
226 0.691364 287.41301
227 0.692704 288.678246
228 0.694351 289.954743
229 0.693204 291.225116
230 0.693103 292.490089
231 0.691076 293.756423
232 0.690494 295.024196
233 0.695756 296.292254
234 0.69603 297.556161
235 0.696799 298.926379
236 0.698892 300.194629

Optimizer is Adam
Epoch & Fidelity & Runtime 
1 0.498742 1.227896
2 0.533058 2.430661
3 0.262591 3.628275
4 0.223358 4.828022
5 0.228079 6.138251
6 0.312903 7.336325
7 0.221578 8.554998
8 0.13588 9.754038
9 0.155334 10.953558
10 0.089854 12.156025
11 0.048952 13.358703
12 0.246536 14.561951
13 0.124513 15.761698
14 0.168659 16.960554
15 0.167585 18.161671
16 0.082413 19.361802
17 0.019576 20.561425
18 0.284555 21.872922
19 0.010491 23.071794
20 0.008574 24.274813
21 0.017451 25.478296
22 0.004752 26.681116
23 0.006585 27.888872
24 0.003784 29.122921
25 0.0795 30.355623
26 0.057509 31.587404
27 0.011215 32.818943
28 0.222838 34.050712
29 0.158978 35.279625
30 0.000405 36.616287
31 0.000511 37.849128
32 0.093865 39.082049
33 0.000162 40.313126
34 0.038287 41.546303
35 0.039223 42.779681
36 0.00214 43.996742
37 0.025008 45.227151
38 0.000288 46.460285
39 5.2e-05 47.691626
40 0.002276 48.921296
41 0.007095 50.15141
42 0.001362 51.490785
43 4.4e-05 52.693647
44 0.000116 53.918274
45 3.4e-05 55.118421
46 9.2e-05 56.32807
47 3.4e-05 57.558163
48 1.3e-05 58.789077
49 0.000734 60.017126
50 0.000263 61.244328
51 0.000287 62.47789
52 0.000576 63.704772
53 1.8e-05 64.934673
54 0.000101 66.270234
55 0.004634 67.497207
56 0.000399 68.724815
57 0.000159 69.952495
58 6.5e-05 71.180005
59 9e-05 72.515307
60 7.1e-05 73.740654
61 9.5e-05 74.969652
62 8.9e-05 76.198211
63 8.1e-05 77.426905
64 7.8e-05 78.655172
65 0.002942 79.881818
66 0.00235 81.220956
67 0.002542 82.45199
68 0.005089 83.684057
69 0.024614 84.915692
70 0.019082 86.147939
71 0.018195 87.377531
72 0.021857 88.604353
73 0.006108 89.830902
74 0.006876 91.062424
75 0.028841 92.291718
76 0.000707 93.521121
77 0.002563 94.748215
78 0.008889 96.07007
79 0.030205 97.311072
80 0.000588 98.541469
81 0.007786 99.769214
82 0.000371 100.994205
83 0.000289 102.224209
84 0.000324 103.452382
85 0.00045 104.683155
86 1.7e-05 105.912609
87 1.8e-05 107.141057
88 0.0001 108.370466
89 0.001312 109.596074
90 0.000156 110.824667
91 0.000557 112.159288
92 0.055229 113.388986
93 0.008055 114.616191
94 0.06038 115.842506
95 0.015036 117.069892
96 0.006106 118.30064
97 0.011463 119.530172
98 0.042918 120.757512
99 0.061107 121.985814
100 0.074214 123.215102
101 0.017837 124.440139
102 0.008865 125.668463
103 0.014106 127.006854
104 0.018115 128.238203
105 0.011669 129.466531
106 0.031661 130.694244
107 0.065505 131.92318
108 0.035427 133.153319
109 0.035262 134.381409
110 0.03678 135.638469
111 0.056015 136.871802
112 0.055536 138.105219
113 0.043125 139.336861
114 0.019801 140.572328
115 0.072078 141.911971
116 0.01925 143.142037
117 0.047069 144.37108
118 0.026005 145.6001
119 0.003371 146.83411
120 0.011279 148.073521
121 0.00228 149.313213
122 0.00775 150.560277
123 0.001476 151.804149
124 0.011712 153.047637
125 0.029053 154.291975
126 0.010289 155.536049
127 0.020506 156.887023
128 0.034721 158.131254
129 0.020926 159.374242
130 0.025677 160.617479
131 0.002264 161.859766
132 0.000793 163.103593
133 0.000128 164.345874
134 0.006296 165.587478
135 0.000211 166.830081
136 0.0 168.07518
137 0.025742 169.316666
138 0.000123 170.561716
139 8.2e-05 171.91849
140 0.000203 173.161147
141 0.000131 174.407511
142 1.7e-05 175.649866
143 0.000213 176.896389
144 0.006024 178.139142
145 0.011675 179.38107
146 0.010425 180.626445
147 0.011415 181.871675
148 8.5e-05 183.117512
149 0.012055 184.363758
150 2.5e-05 185.605777
151 9e-06 186.968835
152 9e-06 188.213065
153 2.2e-05 189.458865
154 0.031442 190.699784
155 0.000399 191.941936
156 0.000141 193.188505
157 1.9e-05 194.429694
158 0.013389 195.67207
159 0.015863 196.914626
160 0.003643 198.156114
161 0.006482 199.399318
162 0.001449 200.64055
163 0.002047 202.001725
164 0.011493 203.24505
165 0.006184 204.598979
166 0.003479 205.845845
167 0.002344 207.09005
168 0.005239 208.330561
169 0.00442 209.5728
170 0.000927 210.820098
171 0.015407 212.060935
172 0.008332 213.301545
173 0.023239 214.541275
174 0.000252 215.783026
175 0.000467 217.146251
176 0.0006 218.389032
177 0.001397 219.656817
178 0.000984 220.901184
179 0.000936 222.147871
180 0.00141 223.393364
181 0.001619 224.640135
182 0.002889 225.883855
183 0.00076 227.127614
184 0.001166 228.371279
185 0.000694 229.616593
186 0.000435 230.859501
187 0.000562 232.230738
188 0.00025 233.474478
189 0.001018 234.715228
190 0.022255 235.955583
191 0.005772 237.196194
192 0.039767 238.436984
193 0.028013 239.684862
194 0.003619 240.930601
195 0.00012 242.176112
196 0.000357 243.422724
197 0.005314 244.666164
198 0.008099 246.031353
199 1.7e-05 247.27601
200 0.001793 248.519612
201 0.030576 249.763125
202 6e-06 251.00653
203 0.002669 252.25136
204 0.003766 253.494478
205 0.009205 254.740016
206 0.034471 255.986087
207 0.008737 257.231008
208 0.03337 258.471628
209 0.011234 259.714969
210 0.001724 261.08108
211 2.8e-05 262.325947
212 0.008076 263.568465
213 0.010865 264.812333
214 0.006242 266.053698
215 0.004696 267.299594
216 0.008423 268.541039
217 0.005021 269.785392
218 0.007434 271.030009
219 0.00055 272.273778
220 0.029352 273.516333
221 0.035024 274.760112
222 0.02466 276.131627
223 0.006682 277.375744
224 1.4e-05 278.617557
225 5.5e-05 279.857574
226 0.000413 281.098017
227 0.000799 282.343699
228 0.003454 283.586987
229 1.4e-05 284.837337
230 0.00029 286.082181
231 0.00014 287.330358
232 4.8e-05 288.578453
233 2.6e-05 289.829756
234 2e-05 291.211559
235 0.000178 292.459298
236 0.005844 293.705207
237 0.003348 294.956156
238 0.0 296.202767
239 3e-05 297.450567
240 2e-06 298.696708
241 3e-06 299.947206
242 6e-06 301.193906

Optimizer is Adamax
Epoch & Fidelity & Runtime 
1 0.523975 1.418655
2 0.596294 2.744892
3 0.585663 4.038274
4 0.634632 5.326257
5 0.678773 6.614741
6 0.650019 7.902332
7 0.475447 9.189485
8 0.576845 10.478699
9 0.677918 11.76466
10 0.669071 13.194087
11 0.625434 14.485166
12 0.613804 15.772518
13 0.494446 17.06406
14 0.655785 18.353812
15 0.616664 19.680469
16 0.519845 20.966142
17 0.676707 22.264906
18 0.480718 23.566366
19 0.438941 24.864477
20 0.723949 26.168962
21 0.779143 27.591517
22 0.483173 28.908117
23 0.553645 30.196088
24 0.504766 31.500571
25 0.743842 32.790834
26 0.574736 34.096921
27 0.506957 35.403343
28 0.535082 36.694485
29 0.700111 38.009799
30 0.416643 39.313323
31 0.411054 40.630994
32 0.62736 41.943018
33 0.559623 43.398249
34 0.599708 44.716047
35 0.591699 46.031899
36 0.653903 47.350668
37 0.524102 48.669279
38 0.617536 49.987358
39 0.470712 51.305735
40 0.582892 52.626828
41 0.587709 53.945631
42 0.287708 55.261866
43 0.377657 56.582385
44 0.331028 58.033858
45 0.540189 59.35252
46 0.334508 60.668067
47 0.48727 61.984293
48 0.363319 63.298623
49 0.484413 64.615922
50 0.629854 65.930097
51 0.598993 67.243742
52 0.509492 68.561509
53 0.41263 69.900232
54 0.242133 71.216761
55 0.1121 72.67132
56 0.264241 73.989222
57 0.303019 75.30593
58 0.279482 76.62448
59 0.198509 77.944629
60 0.302971 79.266282
61 0.402346 80.584765
62 0.506084 81.902497
63 0.228339 83.220915
64 0.369585 84.539654
65 0.250653 85.856122
66 0.450396 87.16846
67 0.34518 88.621177
68 0.156571 89.942511
69 0.272578 91.259598
70 0.35331 92.575703
71 0.286134 93.890612
72 0.22597 95.208972
73 0.227508 96.52417
74 0.295146 97.842467
75 0.508815 99.158442
76 0.348069 100.475848
77 0.542771 101.798743
78 0.40984 103.251236
79 0.31879 104.569007
80 0.280832 105.887265
81 0.280818 107.204289
82 0.259205 108.517833
83 0.200541 109.833078
84 0.302186 111.14851
85 0.201047 112.46238
86 0.215077 113.776021
87 0.288953 115.089781
88 0.262889 116.402689
89 0.171568 117.853115
90 0.157372 119.167227
91 0.246465 120.484243
92 0.082376 121.80069
93 0.223182 123.118228
94 0.18127 124.434648
95 0.152688 125.748113
96 0.160979 127.064956
97 0.138392 128.380626
98 0.16488 129.695645
99 0.283164 131.017059
100 0.154734 132.431422
101 0.16631 133.789805
102 0.101464 135.108485
103 0.119723 136.428026
104 0.106657 137.742884
105 0.156996 139.057417
106 0.139026 140.371181
107 0.054175 141.692486
108 0.160076 143.007507
109 0.094274 144.331126
110 0.067158 145.655626
111 0.165224 146.977129
112 0.179741 148.438959
113 0.118135 149.76149
114 0.112411 151.085365
115 0.222769 152.406661
116 0.180232 153.718299
117 0.025607 155.032415
118 0.072948 156.349375
119 0.016307 157.68658
120 0.049626 159.007333
121 0.017337 160.323776
122 0.053625 161.639832
123 0.023912 163.09471
124 0.024644 164.554609
125 0.050677 165.884538
126 0.021534 167.214783
127 0.018794 168.543998
128 0.065774 169.872576
129 0.0244 171.199987
130 0.026028 172.526003
131 0.013899 173.856688
132 0.02855 175.186889
133 0.025643 176.515778
134 0.038598 177.986059
135 0.011904 179.316504
136 0.048748 180.645908
137 0.089346 181.974073
138 0.023664 183.306249
139 0.038995 184.634697
140 0.082128 185.96352
141 0.016056 187.291082
142 0.083096 188.617172
143 0.125579 189.944853
144 0.022838 191.270227
145 0.03456 192.73548
146 0.01687 194.062129
147 0.077076 195.388479
148 0.008918 196.856062
149 0.023575 198.185943
150 0.018314 199.515953
151 0.015358 200.845873
152 0.019088 202.174904
153 0.051382 203.502198
154 0.036745 204.831753
155 0.019337 206.161379
156 0.023394 207.631453
157 0.024683 208.959233
158 0.027291 210.285982
159 0.024944 211.610164
160 0.058285 212.936647
161 0.031872 214.263503
162 0.078919 215.58884
163 0.025834 216.914751
164 0.01912 218.240663
165 0.02632 219.564373
166 0.012145 220.889858
167 0.01539 222.2172
168 0.010226 223.695009
169 0.008871 225.025733
170 0.009643 226.351627
171 0.009141 227.67716
172 0.025278 229.003524
173 0.056313 230.33137
174 0.042813 231.657198
175 0.021051 232.981983
176 0.030668 234.307338
177 0.0191 235.633472
178 0.017799 236.957695
179 0.076637 238.434918
180 0.020815 239.762648
181 0.102837 241.09355
182 0.108584 242.420647
183 0.07075 243.74456
184 0.049883 245.071522
185 0.091397 246.404119
186 0.012017 247.757531
187 0.019096 249.085408
188 0.011056 250.412949
189 0.010218 251.738568
190 0.014593 253.217702
191 0.024842 254.54243
192 0.03131 255.867549
193 0.02311 257.196661
194 0.011033 258.52097
195 0.040704 259.850466
196 0.013766 261.177675
197 0.032896 262.506097
198 0.01248 263.832769
199 0.019686 265.158317
200 0.018767 266.484698
201 0.007459 267.95848
202 0.03107 269.284168
203 0.009891 270.610379
204 0.015238 271.935244
205 0.008703 273.26319
206 0.010128 274.591653
207 0.008737 275.918098
208 0.008847 277.245059
209 0.011058 278.573508
210 0.011635 279.89771
211 0.009188 281.223798
212 0.010416 282.701177
213 0.009647 284.030266
214 0.007677 285.356367
215 0.010885 286.682651
216 0.009512 288.011149
217 0.008681 289.336823
218 0.005786 290.664209
219 0.010125 291.990488
220 0.003919 293.317635
221 0.008025 294.646646
222 0.020914 295.974074
223 0.008175 297.456988
224 0.007941 298.786052
225 0.10993 300.114351

Optimizer is SGD
Epoch & Fidelity & Runtime 
1 0.313075 1.275287
2 0.486907 2.478566
3 0.523552 3.627776
4 0.540219 4.771096
5 0.543229 6.075191
6 0.569922 7.217658
7 0.603953 8.358895
8 0.612264 9.507867
9 0.56901 10.651508
10 0.639234 11.799037
11 0.650522 12.944026
12 0.665353 14.092851
13 0.658634 15.23678
14 0.698155 16.390469
15 0.683599 17.534495
16 0.723111 18.688403
17 0.703077 19.848086
18 0.72504 21.143545
19 0.742383 22.2958
20 0.759817 23.442818
21 0.737874 24.602196
22 0.731277 25.758166
23 0.777582 26.902714
24 0.726611 28.082053
25 0.770265 29.238755
26 0.791466 30.397659
27 0.772784 31.557847
28 0.78766 32.729313
29 0.816196 33.893486
30 0.804318 35.049262
31 0.803624 36.377223
32 0.781815 37.540681
33 0.816317 38.706776
34 0.780159 39.869341
35 0.790248 41.037462
36 0.834393 42.179922
37 0.834102 43.348984
38 0.800908 44.516415
39 0.848296 45.686855
40 0.827791 46.855972
41 0.84104 48.023294
42 0.849272 49.19315
43 0.815881 50.519596
44 0.771241 51.686982
45 0.838119 52.842757
46 0.828367 54.010169
47 0.775692 55.178353
48 0.798779 56.346114
49 0.819128 57.674829
50 0.790544 58.843064
51 0.8165 60.013297
52 0.813487 61.18209
53 0.843189 62.349977
54 0.810609 63.518621
55 0.738566 64.686455
56 0.846807 66.015266
57 0.84138 67.185227
58 0.800737 68.355977
59 0.810945 69.523347
60 0.847682 70.695412
61 0.830468 71.866484
62 0.862376 73.036818
63 0.796337 74.206494
64 0.848674 75.376706
65 0.844588 76.546677
66 0.819104 77.715596
67 0.837645 78.88687
68 0.858693 80.055859
69 0.855752 81.381136
70 0.826676 82.551808
71 0.811894 83.719892
72 0.793893 84.888634
73 0.831525 86.058593
74 0.855619 87.227808
75 0.832748 88.39408
76 0.862456 89.56401
77 0.828837 90.734426
78 0.82043 91.902969
79 0.834281 93.072972
80 0.836297 94.245598
81 0.832521 95.572547
82 0.86395 96.744125
83 0.827155 97.913862
84 0.797668 99.083189
85 0.839384 100.253569
86 0.82623 101.422348
87 0.833573 102.591383
88 0.832936 103.762253
89 0.858965 104.92982
90 0.820168 106.100554
91 0.852219 107.293492
92 0.830114 108.460822
93 0.832135 109.626985
94 0.846979 110.952879
95 0.826673 112.124012
96 0.813122 113.291898
97 0.818683 114.46089
98 0.807978 115.627025
99 0.822539 116.794405
100 0.833199 117.96194
101 0.844891 119.13144
102 0.800118 120.299397
103 0.789183 121.466918
104 0.813445 122.638531
105 0.859996 123.807976
106 0.831143 124.981332
107 0.867243 126.3075
108 0.827596 127.477993
109 0.823794 128.647335
110 0.810603 129.816386
111 0.846794 130.986416
112 0.786444 132.1546
113 0.783364 133.327198
114 0.833009 134.495717
115 0.771149 135.671733
116 0.778462 136.85111
117 0.796823 138.032291
118 0.78417 139.213399
119 0.807551 140.549915
120 0.78733 141.730927
121 0.764112 142.9102
122 0.784976 144.089012
123 0.782485 145.269289
124 0.827287 146.449197
125 0.816302 147.629379
126 0.816809 148.807912
127 0.780561 149.985383
128 0.846022 151.162864
129 0.84004 152.343042
130 0.816294 153.523552
131 0.835716 154.701132
132 0.836666 156.036775
133 0.837715 157.218023
134 0.870671 158.394911
135 0.834963 159.572606
136 0.841736 160.751305
137 0.829953 161.927651
138 0.839868 163.106016
139 0.79176 164.283324
140 0.801124 165.464214
141 0.779018 166.643812
142 0.80548 167.82406
143 0.833232 169.003134
144 0.83793 170.182199
145 0.822687 171.522845
146 0.834547 172.701554
147 0.818078 173.879847
148 0.808937 175.060998
149 0.837067 176.239603
150 0.828595 177.422547
151 0.840227 178.602767
152 0.825799 179.785646
153 0.81537 180.966532
154 0.81005 182.147832
155 0.70653 183.328068
156 0.779292 184.50566
157 0.76009 185.871007
158 0.713377 187.047739
159 0.770623 188.226215
160 0.793984 189.407529
161 0.800792 190.590414
162 0.817787 191.93618
163 0.827488 193.115512
164 0.802852 194.297106
165 0.809734 195.47804
166 0.824212 196.660013
167 0.809236 197.839625
168 0.806028 199.019882
169 0.813457 200.358507
170 0.797945 201.542027
171 0.773314 202.722066
172 0.770877 203.900974
173 0.768564 205.081724
174 0.792862 206.262017
175 0.730466 207.444036
176 0.786047 208.623982
177 0.799845 209.804306
178 0.777956 210.983465
179 0.791544 212.161618
180 0.756807 213.341256
181 0.757273 214.520998
182 0.770607 215.865051
183 0.774244 217.047287
184 0.77718 218.230601
185 0.761589 219.412669
186 0.780385 220.595737
187 0.802451 221.777065
188 0.803265 222.957778
189 0.795892 224.13917
190 0.804858 225.321057
191 0.8009 226.501451
192 0.805799 227.681442
193 0.808673 228.861973
194 0.752889 230.044706
195 0.780284 231.399623
196 0.784058 232.581426
197 0.734409 233.76208
198 0.780363 234.941169
199 0.758406 236.122997
200 0.783408 237.30459
201 0.763431 238.485991
202 0.750935 239.668096
203 0.804867 240.849618
204 0.818041 242.030143
205 0.799225 243.213957
206 0.775114 244.396873
207 0.816283 245.750069
208 0.826249 246.932663
209 0.813941 248.11499
210 0.791806 249.298855
211 0.792845 250.480946
212 0.775632 251.659453
213 0.773009 252.838051
214 0.772498 254.015879
215 0.794776 255.194832
216 0.794896 256.374914
217 0.795298 257.554466
218 0.75883 258.745435
219 0.769855 259.931195
220 0.77935 261.295526
221 0.74284 262.483448
222 0.763021 263.6788
223 0.696541 264.861984
224 0.688842 266.0673
225 0.723397 267.246398
226 0.711194 268.426325
227 0.703413 269.603987
228 0.750548 270.784021
229 0.767008 271.96349
230 0.793885 273.142955
231 0.771003 274.322016
232 0.773571 275.677372
233 0.757434 276.855219
234 0.768172 278.033709
235 0.749312 279.211181
236 0.754064 280.38997
237 0.725411 281.568915
238 0.749377 282.746332
239 0.73275 283.924408
240 0.732764 285.104486
241 0.740828 286.283494
242 0.773694 287.461303
243 0.743997 288.641849
244 0.754918 289.821771
245 0.753195 291.182309
246 0.751119 292.361947
247 0.743072 293.543235
248 0.701648 294.72349
249 0.704982 295.90352
250 0.673231 297.082419
251 0.696797 298.260566
252 0.701852 299.439584
253 0.758068 300.617817

Optimizer is SGD $\gamma$ = 0.9
Epoch & Fidelity & Runtime 
1 0.36611 1.291558
2 0.451491 2.527143
3 0.410978 3.706381
4 0.571198 4.862509
5 0.654758 6.020141
6 0.705287 7.173764
7 0.572116 8.328846
8 0.698759 9.484571
9 0.709513 10.642134
10 0.372405 11.863527
11 0.685129 13.156101
12 0.655119 14.319207
13 0.587964 15.47832
14 0.62559 16.649532
15 0.578905 17.8144
16 0.562994 18.977822
17 0.617345 20.141523
18 0.623079 21.308437
19 0.555808 22.481308
20 0.744261 23.640687
21 0.499434 24.813327
22 0.45588 25.973608
23 0.525223 27.327305
24 0.527323 28.494572
25 0.742211 29.668072
26 0.591909 30.844114
27 0.681049 32.015028
28 0.582979 33.17783
29 0.436895 34.355144
30 0.641152 35.516933
31 0.714034 36.683573
32 0.43634 37.861932
33 0.494529 39.035766
34 0.739979 40.23081
35 0.60388 41.403126
36 0.664569 42.759965
37 0.704385 43.928123
38 0.572002 45.10356
39 0.506692 46.289789
40 0.568746 47.469684
41 0.450393 48.643712
42 0.504033 50.010472
43 0.571397 51.198138
44 0.385294 52.384289
45 0.515396 53.570321
46 0.585065 54.756387
47 0.250694 55.947399
48 0.443828 57.317372
49 0.617715 58.506813
50 0.398282 59.693004
51 0.571695 60.880625
52 0.545899 62.064648
53 0.536566 63.250499
54 0.621899 64.436792
55 0.506258 65.621723
56 0.347867 66.811373
57 0.377834 67.997278
58 0.478761 69.185022
59 0.589318 70.374591
60 0.55591 71.559054
61 0.495858 72.930837
62 0.458916 74.12136
63 0.421685 75.30681
64 0.582542 76.494704
65 0.474096 77.67874
66 0.673662 78.861801
67 0.663254 80.046087
68 0.628966 81.230504
69 0.576368 82.419686
70 0.53656 83.605322
71 0.585861 84.793028
72 0.548855 85.979455
73 0.453309 87.351017
74 0.450335 88.534414
75 0.474397 89.718112
76 0.41191 90.901945
77 0.565402 92.083957
78 0.616066 93.265568
79 0.436302 94.449114
80 0.523688 95.633735
81 0.675997 96.819834
82 0.454858 98.004034
83 0.46705 99.187798
84 0.520168 100.374662
85 0.645775 101.560522
86 0.37607 102.927937
87 0.630195 104.113067
88 0.491461 105.295878
89 0.509119 106.480163
90 0.499291 107.664993
91 0.478704 108.853316
92 0.476398 110.037319
93 0.275519 111.225069
94 0.520365 112.411263
95 0.589936 113.593461
96 0.568813 114.779385
97 0.417288 115.962877
98 0.459889 117.33151
99 0.501993 118.521229
100 0.320871 119.70896
101 0.588824 120.916829
102 0.569416 122.106515
103 0.596819 123.292964
104 0.593043 124.477751
105 0.417373 125.661905
106 0.46016 126.85795
107 0.365926 128.04734
108 0.408963 129.236171
109 0.466376 130.429007
110 0.509401 131.616727
111 0.447551 132.985586
112 0.465334 134.175731
113 0.454417 135.361045
114 0.495414 136.546613
115 0.261175 137.730247
116 0.335427 138.918083
117 0.243281 140.106172
118 0.436519 141.292589
119 0.474157 142.476443
120 0.381198 143.665845
121 0.306817 144.855187
122 0.519282 146.03992
123 0.523301 147.410203
124 0.604823 148.599808
125 0.523647 149.784462
126 0.454357 150.971603
127 0.515143 152.156154
128 0.547901 153.341063
129 0.645965 154.526597
130 0.578201 155.719298
131 0.46136 156.916257
132 0.64345 158.112128
133 0.564678 159.309671
134 0.618394 160.5014
135 0.543839 161.697002
136 0.540228 163.075831
137 0.593567 164.274355
138 0.589425 165.468416
139 0.534323 166.663082
140 0.585314 167.858301
141 0.554004 169.053774
142 0.468842 170.246272
143 0.407214 171.442702
144 0.57723 172.637301
145 0.507933 173.834043
146 0.547294 175.028821
147 0.517674 176.225154
148 0.429663 177.601819
149 0.552596 178.798275
150 0.513176 179.99138
151 0.532742 181.373164
152 0.543403 182.56777
153 0.536282 183.763406
154 0.431477 184.958054
155 0.391381 186.155569
156 0.389962 187.35171
157 0.35487 188.547633
158 0.448674 189.741723
159 0.492722 190.937845
160 0.437607 192.320672
161 0.483199 193.530954
162 0.402637 194.741581
163 0.374847 195.945848
164 0.327791 197.148068
165 0.415121 198.3507
166 0.396425 199.553997
167 0.394812 200.772504
168 0.417132 201.969173
169 0.567342 203.164662
170 0.541578 204.361672
171 0.465433 205.558256
172 0.569672 206.754202
173 0.60318 208.144127
174 0.698328 209.338623
175 0.512194 210.535103
176 0.628098 211.727664
177 0.616931 212.924736
178 0.543796 214.120303
179 0.579157 215.316008
180 0.607655 216.510102
181 0.643823 217.709639
182 0.620692 218.903951
183 0.603006 220.098918
184 0.625557 221.296289
185 0.658259 222.678734
186 0.535261 223.875217
187 0.610215 225.068179
188 0.572828 226.263773
189 0.451734 227.460896
190 0.537475 228.658561
191 0.408658 229.853398
192 0.52537 231.048115
193 0.499728 232.238832
194 0.477213 233.434973
195 0.41769 234.626984
196 0.384946 235.820836
197 0.405942 237.205494
198 0.359835 238.400922
199 0.392461 239.606325
200 0.4903 240.803619
201 0.515739 242.003303
202 0.603389 243.200648
203 0.562832 244.400617
204 0.512497 245.599553
205 0.439718 246.798579
206 0.424779 247.995645
207 0.39946 249.195181
208 0.4949 250.392142
209 0.483557 251.589238
210 0.532814 252.986349
211 0.491127 254.183446
212 0.472009 255.382191
213 0.452652 256.575479
214 0.433631 257.773221
215 0.4178 258.969835
216 0.548474 260.163931
217 0.45136 261.358928
218 0.579588 262.553935
219 0.560342 263.751811
220 0.377521 264.946717
221 0.430223 266.150465
222 0.462659 267.547433
223 0.460178 268.74454
224 0.375757 269.938278
225 0.412752 271.137868
226 0.520306 272.332185
227 0.575142 273.525633
228 0.388398 274.727656
229 0.316175 275.92403
230 0.369602 277.12207
231 0.334994 278.31618
232 0.329452 279.517303
233 0.432158 280.715275
234 0.466788 282.139668
235 0.514766 283.334175
236 0.445891 284.529831
237 0.401802 285.731157
238 0.532705 286.927307
239 0.551453 288.126815
240 0.585688 289.323972
241 0.551362 290.523393
242 0.375077 291.719917
243 0.401194 292.91944
244 0.403253 294.115693
245 0.42104 295.31231
246 0.431247 296.506318
247 0.494692 297.90907
248 0.494575 299.110827
249 0.487132 300.306825

Optimizer is NAG $\gamma$ = 0.9
Epoch & Fidelity & Runtime 
1 0.501358 1.28914
2 0.60451 2.571343
3 0.564257 3.771202
4 0.634935 5.152145
5 0.539192 6.321382
6 0.602554 7.495883
7 0.746302 8.66854
8 0.564696 9.84047
9 0.485342 11.015741
10 0.723649 12.193615
11 0.564719 13.371415
12 0.574937 14.54879
13 0.685248 15.730937
14 0.548009 16.911124
15 0.500521 18.08531
16 0.653821 19.470235
17 0.676748 20.64047
18 0.520441 21.818515
19 0.679936 23.008079
20 0.723079 24.20023
21 0.712401 25.390482
22 0.545781 26.574412
23 0.470483 27.754144
24 0.50525 28.945554
25 0.696985 30.137186
26 0.536202 31.334919
27 0.541319 32.515412
28 0.542839 33.703814
29 0.642275 35.10678
30 0.482075 36.303505
31 0.534063 37.489366
32 0.711827 38.690134
33 0.559532 39.886666
34 0.641475 41.07283
35 0.505762 42.272998
36 0.676449 43.471892
37 0.580915 44.75189
38 0.537137 46.059871
39 0.434749 47.260492
40 0.408372 48.460345
41 0.500261 49.86746
42 0.54862 51.067632
43 0.71801 52.268088
44 0.647569 53.46869
45 0.601765 54.666476
46 0.611803 55.863364
47 0.74915 57.060356
48 0.515457 58.282552
49 0.484427 59.481364
50 0.348056 60.678993
51 0.45282 61.873576
52 0.68527 63.066519
53 0.708187 64.466576
54 0.603312 65.660956
55 0.581512 66.855192
56 0.644781 68.051829
57 0.365837 69.248306
58 0.498617 70.443884
59 0.461762 71.637419
60 0.423181 72.834822
61 0.40211 74.031487
62 0.632681 75.226186
63 0.641159 76.421353
64 0.496825 77.615763
65 0.636638 78.81212
66 0.647494 80.215592
67 0.415763 81.408521
68 0.620861 82.602156
69 0.688348 83.79194
70 0.417807 84.986979
71 0.559613 86.18102
72 0.748437 87.37411
73 0.598933 88.566233
74 0.703424 89.760597
75 0.795326 90.958477
76 0.628208 92.155225
77 0.766071 93.34896
78 0.450434 94.752818
79 0.375313 95.949092
80 0.374464 97.150437
81 0.565202 98.351245
82 0.447277 99.549454
83 0.430091 100.747711
84 0.771932 101.943216
85 0.725578 103.137737
86 0.465496 104.336818
87 0.588398 105.535605
88 0.319033 106.731418
89 0.659224 107.92999
90 0.653019 109.327986
91 0.558866 110.537094
92 0.733492 111.735786
93 0.60339 112.931623
94 0.604388 114.12907
95 0.692802 115.327716
96 0.648709 116.52667
97 0.331972 117.723499
98 0.329667 118.924112
99 0.662345 120.1329
100 0.69821 121.341587
101 0.521117 122.552358
102 0.577898 123.757637
103 0.665744 125.169041
104 0.780689 126.370509
105 0.772947 127.568968
106 0.705194 128.769097
107 0.730563 129.970136
108 0.645601 131.175758
109 0.428183 132.379026
110 0.571111 133.580048
111 0.744343 134.779288
112 0.688914 135.979275
113 0.644155 137.183722
114 0.770295 138.387544
115 0.683037 139.814678
116 0.531159 141.018535
117 0.481934 142.222956
118 0.544463 143.427717
119 0.551343 144.631095
120 0.702959 145.833741
121 0.603986 147.040742
122 0.623063 148.242174
123 0.628081 149.4431
124 0.569024 150.648426
125 0.367593 151.85335
126 0.596891 153.057096
127 0.635835 154.463542
128 0.732688 155.677401
129 0.688022 156.888964
130 0.69802 158.104301
131 0.648559 159.315425
132 0.550788 160.526294
133 0.509163 161.735859
134 0.57439 162.942579
135 0.301923 164.149234
136 0.324717 165.358644
137 0.369981 166.567067
138 0.603116 167.774083
139 0.609757 169.187173
140 0.478035 170.394029
141 0.461534 171.599171
142 0.590005 172.807839
143 0.625831 174.216694
144 0.723877 175.425154
145 0.68429 176.631311
146 0.649013 177.836817
147 0.5923 179.042769
148 0.629325 180.250121
149 0.532354 181.453255
150 0.543301 182.659035
151 0.489707 183.866689
152 0.45451 185.283233
153 0.547983 186.488406
154 0.557869 187.695344
155 0.560115 188.900991
156 0.676207 190.106576
157 0.697872 191.314309
158 0.514732 192.519574
159 0.471537 193.726105
160 0.636652 194.932202
161 0.591776 196.13863
162 0.649664 197.342609
163 0.500768 198.546411
164 0.595185 199.961693
165 0.415223 201.166949
166 0.423514 202.373492
167 0.481382 203.581299
168 0.247878 204.789821
169 0.292681 205.996488
170 0.654499 207.204571
171 0.772248 208.419912
172 0.662694 209.640637
173 0.606189 210.861262
174 0.721323 212.080463
175 0.649807 213.304104
176 0.716594 214.731737
177 0.728675 215.945709
178 0.733382 217.155537
179 0.746878 218.37159
180 0.663881 219.578456
181 0.67696 220.807239
182 0.697982 222.010949
183 0.727238 223.21647
184 0.698313 224.423607
185 0.709968 225.630034
186 0.614036 226.834191
187 0.472438 228.041018
188 0.505124 229.457267
189 0.680005 230.662472
190 0.678831 231.868323
191 0.6895 233.076558
192 0.724705 234.281289
193 0.75376 235.489582
194 0.715872 236.695306
195 0.751445 237.902063
196 0.775823 239.107075
197 0.605608 240.312849
198 0.697932 241.521349
199 0.603922 242.734926
200 0.590518 244.155875
201 0.606391 245.373121
202 0.552051 246.797115
203 0.482299 248.009974
204 0.422679 249.218968
205 0.558252 250.430507
206 0.625285 251.63781
207 0.738783 252.846853
208 0.68751 254.054918
209 0.520083 255.267434
210 0.724353 256.476217
211 0.62488 257.687302
212 0.502182 258.897184
213 0.49428 260.324327
214 0.341091 261.530464
215 0.380753 262.737708
216 0.625594 263.944926
217 0.692566 265.152563
218 0.485266 266.362962
219 0.399881 267.57185
220 0.419002 268.781449
221 0.236674 269.99336
222 0.214882 271.21746
223 0.29311 272.42784
224 0.258876 273.63395
225 0.546673 275.070034
226 0.31435 276.276319
227 0.286683 277.487463
228 0.296055 278.696396
229 0.505697 279.907102
230 0.610169 281.113481
231 0.668053 282.321989
232 0.581147 283.528336
233 0.712091 284.73859
234 0.636264 285.953927
235 0.666395 287.167032
236 0.697273 288.3749
237 0.511406 289.804394
238 0.530954 291.014643
239 0.575263 292.224233
240 0.45341 293.434459
241 0.361877 294.643388
242 0.626197 295.850484
243 0.60795 297.057218
244 0.645703 298.273125
245 0.554729 299.497077
246 0.574438 300.717058

