-0.0000000000 0.0000000000
0.0000000000 0.0000000000
-0.0000000000 0.0000000000
0.0000000000 0.0000000000
0.0000000000 0.0000000000
-0.0000000000 0.0000000000
-0.0000000000 0.0000000000
-0.0000000000 0.0000000000
-0.0000000000 0.0000000000
-0.0000000000 0.0000000000
-0.0000000000 0.0000000000
0.0000000000 0.0000000000
-0.0000000000 0.0000000000
0.0000000000 0.0000000000
0.0000000000 0.0000000000
0.0001735286 0.0000000000
0.0000000000 0.0000000000
-0.0000000000 0.0000000000
-0.0000000000 0.0000000000
0.0000000000 0.0000000000
-0.0000000000 0.0000000000
0.0000000000 0.0000000000
0.0000000000 0.0000000000
0.0016051162 0.0000000000
0.0000000000 0.0000000000
-0.0000000000 0.0000000000
0.0000000000 0.0000000000
0.0057316739 0.0000000000
-0.0000000000 0.0000000000
0.0093871951 0.0000000000
0.0050871088 0.0000000000
-0.0000000000 0.0000000000
-0.0000000000 0.0000000000
0.0000000000 0.0000000000
-0.0000000000 0.0000000000
0.0000000000 0.0000000000
0.0000000000 0.0000000000
0.0000000000 0.0000000000
0.0000000000 0.0000000000
0.0057316739 0.0000000000
-0.0000000000 0.0000000000
0.0000000000 0.0000000000
0.0000000000 0.0000000000
0.0305615515 0.0000000000
0.0000000000 0.0000000000
0.0572371185 0.0000000000
0.0325807668 0.0000000000
-0.0000000000 0.0000000000
0.0000000000 0.0000000000
0.0000000000 0.0000000000
0.0000000000 0.0000000000
0.0345064402 0.0000000000
0.0000000000 0.0000000000
0.1098027453 0.0000000000
0.0711697489 0.0000000000
0.0000000000 0.0000000000
0.0000000000 0.0000000000
0.0479761735 0.0000000000
0.0576527379 0.0000000000
0.0000000000 0.0000000000
0.0139766494 0.0000000000
0.0000000000 0.0000000000
0.0000000000 0.0000000000
0.0000000000 0.0000000000
0.0000000000 0.0000000000
-0.0000000000 0.0000000000
-0.0000000000 0.0000000000
0.0000000000 0.0000000000
-0.0000000000 0.0000000000
0.0000000000 0.0000000000
0.0000000000 0.0000000000
0.0093871951 0.0000000000
0.0000000000 0.0000000000
0.0000000000 0.0000000000
0.0000000000 0.0000000000
0.0572371185 0.0000000000
0.0000000000 0.0000000000
0.1181548908 0.0000000000
0.0701314360 0.0000000000
0.0000000000 0.0000000000
-0.0000000000 0.0000000000
0.0000000000 0.0000000000
0.0000000000 0.0000000000
0.1098027453 0.0000000000
0.0000000000 0.0000000000
0.3655601144 0.0000000000
0.2447650731 0.0000000000
0.0000000000 0.0000000000
0.0000000000 0.0000000000
0.1803653091 0.0000000000
0.2271992564 0.0000000000
0.0000000000 0.0000000000
0.0576527379 0.0000000000
-0.0000000000 0.0000000000
-0.0000000000 0.0000000000
-0.0000000000 0.0000000000
0.0000000000 0.0000000000
0.0000000000 0.0000000000
0.0000000000 0.0000000000
0.0479761735 0.0000000000
0.0000000000 0.0000000000
0.1803653091 0.0000000000
0.1360446513 0.0000000000
0.0000000000 0.0000000000
-0.0000000000 0.0000000000
0.1701133400 0.0000000000
0.2447650731 0.0000000000
0.0000000000 0.0000000000
0.0711697489 0.0000000000
0.0000000000 0.0000000000
0.0000000000 0.0000000000
0.0000000000 0.0000000000
-0.0000000000 0.0000000000
0.0428113081 0.0000000000
0.0701314360 0.0000000000
0.0000000000 0.0000000000
0.0325807668 0.0000000000
0.0000000000 0.0000000000
0.0000000000 0.0000000000
0.0000000000 0.0000000000
0.0050871088 0.0000000000
0.0000000000 0.0000000000
0.0000000000 0.0000000000
0.0000000000 0.0000000000
0.0000000000 0.0000000000
-0.0000000000 0.0000000000
-0.0000000000 0.0000000000
0.0000000000 0.0000000000
-0.0000000000 0.0000000000
-0.0000000000 0.0000000000
-0.0000000000 0.0000000000
0.0000000000 0.0000000000
-0.0000000000 0.0000000000
0.0000000000 0.0000000000
0.0000000000 0.0000000000
0.0050871088 0.0000000000
-0.0000000000 0.0000000000
0.0000000000 0.0000000000
0.0000000000 0.0000000000
0.0325807668 0.0000000000
0.0000000000 0.0000000000
0.0701314360 0.0000000000
0.0428113081 0.0000000000
0.0000000000 0.0000000000
0.0000000000 0.0000000000
0.0000000000 0.0000000000
0.0000000000 0.0000000000
0.0711697489 0.0000000000
0.0000000000 0.0000000000
0.2447650731 0.0000000000
0.1701133400 0.0000000000
0.0000000000 0.0000000000
0.0000000000 0.0000000000
0.1360446513 0.0000000000
0.1803653091 0.0000000000
0.0000000000 0.0000000000
0.0479761735 0.0000000000
-0.0000000000 0.0000000000
-0.0000000000 0.0000000000
-0.0000000000 0.0000000000
-0.0000000000 0.0000000000
0.0000000000 0.0000000000
0.0000000000 0.0000000000
0.0576527379 0.0000000000
0.0000000000 0.0000000000
0.2271992564 0.0000000000
0.1803653091 0.0000000000
0.0000000000 0.0000000000
-0.0000000000 0.0000000000
0.2447650731 0.0000000000
0.3655601144 0.0000000000
0.0000000000 0.0000000000
0.1098027453 0.0000000000
0.0000000000 0.0000000000
0.0000000000 0.0000000000
-0.0000000000 0.0000000000
0.0000000000 0.0000000000
0.0701314360 0.0000000000
0.1181548908 0.0000000000
0.0000000000 0.0000000000
0.0572371185 0.0000000000
0.0000000000 0.0000000000
0.0000000000 0.0000000000
-0.0000000000 0.0000000000
0.0093871951 0.0000000000
0.0000000000 0.0000000000
0.0000000000 0.0000000000
-0.0000000000 0.0000000000
0.0000000000 0.0000000000
0.0000000000 0.0000000000
-0.0000000000 0.0000000000
0.0000000000 0.0000000000
0.0000000000 0.0000000000
-0.0000000000 0.0000000000
0.0000000000 0.0000000000
0.0139766494 0.0000000000
-0.0000000000 0.0000000000
0.0576527379 0.0000000000
0.0479761735 0.0000000000
0.0000000000 0.0000000000
-0.0000000000 0.0000000000
0.0711697489 0.0000000000
0.1098027453 0.0000000000
0.0000000000 0.0000000000
0.0345064402 0.0000000000
0.0000000000 0.0000000000
0.0000000000 0.0000000000
0.0000000000 0.0000000000
-0.0000000000 0.0000000000
0.0325807668 0.0000000000
0.0572371185 0.0000000000
0.0000000000 0.0000000000
0.0305615515 0.0000000000
0.0000000000 0.0000000000
0.0000000000 0.0000000000
-0.0000000000 0.0000000000
0.0057316739 0.0000000000
0.0000000000 0.0000000000
0.0000000000 0.0000000000
0.0000000000 0.0000000000
0.0000000000 0.0000000000
0.0000000000 0.0000000000
0.0000000000 0.0000000000
0.0000000000 0.0000000000
0.0000000000 0.0000000000
0.0050871088 0.0000000000
0.0093871951 0.0000000000
-0.0000000000 0.0000000000
0.0057316739 0.0000000000
-0.0000000000 0.0000000000
-0.0000000000 0.0000000000
0.0000000000 0.0000000000
0.0016051162 0.0000000000
-0.0000000000 0.0000000000
-0.0000000000 0.0000000000
-0.0000000000 0.0000000000
-0.0000000000 0.0000000000
-0.0000000000 0.0000000000
-0.0000000000 0.0000000000
0.0000000000 0.0000000000
0.0001735286 0.0000000000
0.0000000000 0.0000000000
-0.0000000000 0.0000000000
-0.0000000000 0.0000000000
0.0000000000 0.0000000000
-0.0000000000 0.0000000000
0.0000000000 0.0000000000
0.0000000000 0.0000000000
0.0000000000 0.0000000000
0.0000000000 0.0000000000
-0.0000000000 0.0000000000
0.0000000000 0.0000000000
0.0000000000 0.0000000000
0.0000000000 0.0000000000
0.0000000000 0.0000000000
-0.0000000000 0.0000000000
