samples: 5000
burn_in: 500
steps: 100
Exact H:-2.25
   Fidelity  ROE       Mean      Median    CI Width LL on CI  UL on CI  mmRatio  Min Err  Max Err
1  0.963524  0.000579  -2.24870  -2.25052  0.00258  -2.25127  -2.24612  0.99919  0.00057  0.00172  
2  0.986553  0.000903  -2.24797  -2.25000  0.00236  -2.25033  -2.24560  0.99910  0.00015  0.00195  
3  0.988885  0.000599  -2.24865  -2.25000  0.00237  -2.25102  -2.24628  0.99940  0.00045  0.00165  
4  0.989368  0.000621  -2.24860  -2.25004  0.00230  -2.25090  -2.24630  0.99936  0.00040  0.00164  
5  0.989972  0.000962  -2.24784  -2.25000  0.00220  -2.25004  -2.24563  0.99904  0.00002  0.00194  
6  0.990872  0.000486  -2.24891  -2.25000  0.00210  -2.25100  -2.24681  0.99951  0.00045  0.00142  
7  0.990822  0.000672  -2.24849  -2.25000  0.00233  -2.25082  -2.24616  0.99933  0.00036  0.00171  
8  0.991074  0.000392  -2.24912  -2.25000  0.00219  -2.25131  -2.24693  0.99961  0.00058  0.00137  
9  0.991367  0.001503  -2.24662  -2.25000  0.00214  -2.24876  -2.24448  0.99850  0.00055  0.00245  
10  0.991401  0.000618  -2.24861  -2.25000  0.00206  -2.25067  -2.24655  0.99938  0.00030  0.00153  
11  0.991863  0.000353  -2.24921  -2.25000  0.00200  -2.25121  -2.24720  0.99965  0.00054  0.00124  
12  0.991753  0.000782  -2.24824  -2.25000  0.00212  -2.25036  -2.24612  0.99922  0.00016  0.00172  
13  0.992449  0.000318  -2.24928  -2.25000  0.00199  -2.25128  -2.24729  0.99968  0.00057  0.00120  
14  0.992634  0.000736  -2.24834  -2.25000  0.00200  -2.25034  -2.24635  0.99926  0.00015  0.00162  
15  0.992059  0.000561  -2.24874  -2.25000  0.00219  -2.25092  -2.24655  0.99944  0.00041  0.00153  
16  0.992883  0.000962  -2.24783  -2.25188  0.00206  -2.24990  -2.24577  0.99820  0.00005  0.00188  
17  0.992457  0.000886  -2.24801  -2.25000  0.00200  -2.25001  -2.24601  0.99911  0.00000  0.00178  
18  0.993048  0.000450  -2.24899  -2.25000  0.00187  -2.25086  -2.24712  0.99955  0.00038  0.00128  
19  0.992846  0.000318  -2.24928  -2.25000  0.00222  -2.25150  -2.24707  0.99968  0.00067  0.00130  
20  0.993468  0.000191  -2.24957  -2.25000  0.00183  -2.25140  -2.24774  0.99981  0.00062  0.00101  
21  0.993629  0.000676  -2.24848  -2.25000  0.00185  -2.25033  -2.24663  0.99932  0.00015  0.00150  
22  0.993507  0.000163  -2.24963  -2.25121  0.00193  -2.25156  -2.24770  0.99930  0.00070  0.00102  
23  0.993751  0.000770  -2.24827  -2.25146  0.00200  -2.25026  -2.24627  0.99858  0.00012  0.00166  
24  0.993730  0.000842  -2.24811  -2.25173  0.00196  -2.25007  -2.24614  0.99839  0.00003  0.00171  
25  0.993498  0.000528  -2.24881  -2.24995  0.00174  -2.25055  -2.24707  0.99949  0.00025  0.00130  
26  0.993947  0.000497  -2.24888  -2.25000  0.00198  -2.25086  -2.24690  0.99950  0.00038  0.00138  
27  0.993918  0.000492  -2.24889  -2.25000  0.00180  -2.25069  -2.24709  0.99951  0.00031  0.00129  
28  0.993645  0.001005  -2.24774  -2.25000  0.00216  -2.24989  -2.24558  0.99900  0.00005  0.00196  
29  0.993928  0.000262  -2.24941  -2.25237  0.00192  -2.25133  -2.24750  0.99869  0.00059  0.00111  
30  0.993884  0.000333  -2.24925  -2.25000  0.00191  -2.25116  -2.24734  0.99967  0.00052  0.00118  
31  0.994310  0.001052  -2.24763  -2.25000  0.00180  -2.24943  -2.24584  0.99895  0.00025  0.00185  
32  0.994402  0.000568  -2.24872  -2.25049  0.00183  -2.25055  -2.24690  0.99921  0.00024  0.00138  
33  0.994148  0.000096  -2.24978  -2.24632  0.00200  -2.25178  -2.24778  1.00154  0.00079  0.00099  
34  0.994569  0.001118  -2.24748  -2.25000  0.00188  -2.24937  -2.24560  0.99888  0.00028  0.00196  
35  0.994213  0.000092  -2.24979  -2.25000  0.00183  -2.25162  -2.24796  0.99991  0.00072  0.00090  
36  0.994252  0.000229  -2.25052  -2.25082  0.00176  -2.25227  -2.24876  0.99987  0.00055  0.00101  
37  0.994591  0.000005  -2.25001  -2.25000  0.00181  -2.25182  -2.24820  1.00000  0.00080  0.00081  
38  0.993542  0.000497  -2.24888  -2.25000  0.00178  -2.25066  -2.24711  0.99950  0.00029  0.00129  
39  0.994089  0.000506  -2.24886  -2.25000  0.00177  -2.25064  -2.24709  0.99949  0.00028  0.00129  
40  0.994008  0.000557  -2.24875  -2.25000  0.00181  -2.25055  -2.24694  0.99944  0.00025  0.00136  
41  0.994466  0.000796  -2.24821  -2.25000  0.00186  -2.25007  -2.24635  0.99920  0.00003  0.00162  
42  0.994734  0.000266  -2.25060  -2.25000  0.00177  -2.25236  -2.24883  1.00027  0.00052  0.00105  
43  0.994607  0.000475  -2.24893  -2.25000  0.00174  -2.25067  -2.24719  0.99953  0.00030  0.00125  
44  0.994430  0.001280  -2.24712  -2.25000  0.00198  -2.24910  -2.24514  0.99872  0.00040  0.00216  
45  0.994477  0.000880  -2.24802  -2.25000  0.00184  -2.24986  -2.24618  0.99912  0.00006  0.00170  
46  0.994530  0.000588  -2.24868  -2.25000  0.00178  -2.25046  -2.24690  0.99941  0.00020  0.00138  
47  0.994778  0.000520  -2.24883  -2.25000  0.00176  -2.25059  -2.24707  0.99948  0.00026  0.00130  
48  0.994991  0.000531  -2.24881  -2.25344  0.00159  -2.25040  -2.24721  0.99794  0.00018  0.00124  
49  0.994881  0.000649  -2.24854  -2.25000  0.00168  -2.25022  -2.24686  0.99935  0.00010  0.00139  
50  0.995115  0.000635  -2.24857  -2.25000  0.00172  -2.25029  -2.24685  0.99937  0.00013  0.00140  
51  0.994917  0.001120  -2.24748  -2.25000  0.00168  -2.24916  -2.24580  0.99888  0.00037  0.00187  
52  0.994408  0.000296  -2.24934  -2.25000  0.00163  -2.25097  -2.24770  0.99970  0.00043  0.00102  
53  0.994518  0.000356  -2.24920  -2.25000  0.00168  -2.25088  -2.24752  0.99964  0.00039  0.00110  
54  0.995080  0.000582  -2.24869  -2.25000  0.00189  -2.25058  -2.24680  0.99942  0.00026  0.00142  
55  0.994833  0.000293  -2.24934  -2.25000  0.00186  -2.25120  -2.24748  0.99971  0.00053  0.00112  
56  0.995134  0.000370  -2.24917  -2.25000  0.00171  -2.25087  -2.24746  0.99963  0.00039  0.00113  
