Optimizers: Adadelta Adam Adamax NAG RMSprop SGD SGDM 
Learning Rates: 0.1 0.001 0.001 0.0001 0.001 0.001 0.0001 
Epoch & Fidelity & KL & Runtime 
1 0.867004 0.488374 27.369855
2 0.956625 0.299878 53.057315
3 0.980996 0.252285 79.682595
4 0.98446 0.245877 107.23049
5 0.987132 0.240738 133.848698
6 0.987985 0.239312 160.500433
7 0.989268 0.236722 187.164885
8 0.990897 0.233416 213.815105
9 0.988723 0.237783 240.475104
10 0.98966 0.235963 267.214733
11 0.989958 0.235276 292.972266
12 0.989587 0.236018 320.679697
13 0.989984 0.235267 347.445159
14 0.989989 0.235216 374.301754
15 0.990107 0.234914 400.134724
16 0.991408 0.232306 426.91864
17 0.9896 0.236081 454.832531
18 0.989901 0.235529 481.661635
19 0.990179 0.234992 509.590749

Epoch & Fidelity & KL & Runtime 
1 0.981243 0.251731 25.12246
2 0.986393 0.242589 50.814636
3 0.982938 0.249788 76.510753
4 0.982294 0.250872 101.664638
5 0.983992 0.247193 127.347146
6 0.984881 0.24551 153.676186
7 0.987095 0.241029 179.412374
8 0.982262 0.250983 204.584271
9 0.989636 0.235978 230.375376
10 0.984504 0.246419 256.758369
11 0.98623 0.242909 281.913698
12 0.987024 0.241497 308.327198
13 0.989078 0.237164 334.147261
14 0.985483 0.244651 359.985543
15 0.983102 0.249266 385.227325
16 0.986902 0.241626 411.080012
17 0.984791 0.246099 436.924611
18 0.98609 0.243013 462.814907
19 0.98408 0.247484 488.641934
20 0.988634 0.238245 514.546389

Epoch & Fidelity & KL & Runtime 
1 0.953854 0.305779 24.695114
2 0.98279 0.248996 49.895473
3 0.986837 0.241427 75.083008
4 0.987932 0.239522 99.829601
5 0.988965 0.237364 125.490061
6 0.988343 0.238534 150.715991
7 0.988627 0.238089 175.481904
8 0.990502 0.234278 200.754325
9 0.989712 0.235822 226.010342
10 0.987804 0.23975 251.357959
11 0.988568 0.238184 276.67873
12 0.988094 0.239255 302.562563
13 0.988739 0.23786 327.357864
14 0.986899 0.241664 352.724989
15 0.988358 0.238748 378.087408
16 0.98722 0.241078 403.481749
17 0.99018 0.235047 428.876168
18 0.990347 0.234675 454.376686
19 0.989313 0.236741 479.833876
20 0.989359 0.236641 504.695368

Epoch & Fidelity & KL & Runtime 
1 0.910057 0.39594 24.492381
2 0.975065 0.263661 49.822966
3 0.985152 0.244046 74.845874
4 0.988831 0.237193 99.495455
5 0.990624 0.233794 124.577392
6 0.990302 0.234562 149.751281
7 0.98981 0.235665 174.452658
8 0.990155 0.234959 199.60853
9 0.990717 0.233815 225.236916
10 0.991361 0.232576 250.021304
11 0.991002 0.233336 275.228992
12 0.989697 0.235998 300.512921
13 0.99056 0.234268 325.33219
14 0.990759 0.23383 350.664464
15 0.991343 0.232624 376.508578
16 0.992272 0.230744 401.353362
17 0.990985 0.233305 426.732738
18 0.990202 0.234953 452.176443
19 0.989299 0.236753 477.560117
20 0.990205 0.234934 502.470311

Epoch & Fidelity & KL & Runtime 
1 0.980831 0.253333 25.181637
2 0.988666 0.237773 50.351269
3 0.984176 0.246924 75.162389
4 0.987934 0.239478 100.423817
5 0.989066 0.237115 126.248472
6 0.988309 0.238748 150.979823
7 0.988897 0.237342 176.263824
8 0.989447 0.236364 201.559036
9 0.988683 0.237942 226.900221
10 0.9864 0.242594 252.255793
11 0.986479 0.242319 278.277136
12 0.985249 0.244941 303.052102
13 0.988194 0.23905 328.431267
14 0.985832 0.243913 353.825632
15 0.983974 0.247513 378.638496
16 0.982898 0.249889 404.087437
17 0.983292 0.248863 430.163178
18 0.987099 0.241177 455.705941
19 0.986092 0.243262 480.551902
20 0.988061 0.239379 506.035711

Epoch & Fidelity & KL & Runtime 
1 0.873283 0.474266 26.020295
2 0.960588 0.292264 51.433809
3 0.98086 0.252561 77.17092
4 0.986963 0.240901 102.933649
5 0.987471 0.240012 128.704054
6 0.990405 0.234373 154.516889
7 0.989301 0.236578 180.279513
8 0.989732 0.235661 206.055637
9 0.988577 0.237925 231.537716
10 0.990163 0.234938 257.705343
11 0.990825 0.23362 283.5498
12 0.991367 0.232579 309.719191
13 0.990867 0.233569 335.212537
14 0.990415 0.23447 361.063494
15 0.992378 0.230529 386.92468
16 0.992479 0.230287 412.417889
17 0.993205 0.22891 438.28868
18 0.992703 0.229899 464.55826
19 0.993555 0.228224 490.462711
20 0.992773 0.229735 515.975771

Epoch & Fidelity & KL & Runtime 
1 0.894711 0.429721 24.88428
2 0.968116 0.277741 49.821007
3 0.986117 0.24252 74.736969
4 0.988168 0.238763 99.633833
5 0.990269 0.234629 124.4051
6 0.991072 0.233089 149.563149
7 0.990705 0.234061 174.507362
8 0.990552 0.234371 199.512739
9 0.990667 0.234194 224.47277
10 0.991394 0.232731 249.48905
11 0.991028 0.233431 274.281363
12 0.991152 0.233149 299.335962
13 0.991501 0.232427 324.376456
14 0.991768 0.231881 349.482824
15 0.991258 0.232945 374.584003
16 0.991167 0.233156 399.683836
17 0.992178 0.231128 424.629725
18 0.992269 0.230934 449.768471
19 0.992358 0.230745 474.875167
20 0.992007 0.231457 500.068145