nh: 10
samples1: 20000
samples2: 5000
burn_in: 500
steps: 100
Exact H:-25.11
   Fidelity  ROE       Mean      Median    CI Width LL on CI  UL on CI  mmRatio  Min Err  Max Err
20     N/A    0.121594  -22.05676  -22.16552  0.13405  -22.19081  -21.92272  0.99509  0.11626  0.12693  
40     N/A    0.072772  -23.28269  -23.38434  0.11007  -23.39276  -23.17262  0.99565  0.06839  0.07716  
60     N/A    0.057214  -23.67336  -23.79599  0.09705  -23.77041  -23.57630  0.99485  0.05335  0.06108  
80     N/A    0.043549  -24.01647  -24.16721  0.08915  -24.10562  -23.92732  0.99376  0.04000  0.04710  
100     N/A    0.034298  -24.24879  -24.36537  0.07937  -24.32816  -24.16942  0.99522  0.03114  0.03746  
120     N/A    0.031883  -24.30941  -24.44385  0.07458  -24.38399  -24.23482  0.99450  0.02891  0.03485  
140     N/A    0.027630  -24.41621  -24.54457  0.07001  -24.48623  -24.34620  0.99477  0.02484  0.03042  
160     N/A    0.021918  -24.55964  -24.69975  0.06791  -24.62755  -24.49174  0.99433  0.01921  0.02462  
180     N/A    0.022354  -24.54868  -24.66992  0.06389  -24.61257  -24.48480  0.99509  0.01981  0.02490  
200     N/A    0.019378  -24.62343  -24.78207  0.06145  -24.68487  -24.56198  0.99360  0.01693  0.02182  
220     N/A    0.019887  -24.61064  -24.79704  0.05979  -24.67043  -24.55085  0.99248  0.01751  0.02227  
240     N/A    0.015952  -24.70944  -24.88671  0.05663  -24.76606  -24.65281  0.99288  0.01370  0.01821  
260     N/A    0.014891  -24.73608  -24.91378  0.05538  -24.79146  -24.68070  0.99287  0.01269  0.01710  
280     N/A    0.013206  -24.77840  -24.92939  0.05283  -24.83124  -24.72557  0.99394  0.01110  0.01531  
300     N/A    0.012214  -24.80329  -24.98609  0.05170  -24.85500  -24.75159  0.99268  0.01016  0.01427  
320     N/A    0.011518  -24.82079  -24.94755  0.04897  -24.86976  -24.77181  0.99492  0.00957  0.01347  
340     N/A    0.010438  -24.84791  -24.98339  0.04802  -24.89593  -24.79989  0.99458  0.00853  0.01235  
360     N/A    0.009182  -24.87943  -25.02599  0.04638  -24.92581  -24.83305  0.99414  0.00734  0.01103  
380     N/A    0.009424  -24.87336  -25.00286  0.04469  -24.91804  -24.82867  0.99482  0.00764  0.01120  
400     N/A    0.007773  -24.91482  -25.04422  0.04329  -24.95810  -24.87153  0.99483  0.00605  0.00950  
420     N/A    0.008376  -24.89968  -25.05404  0.04201  -24.94170  -24.85767  0.99384  0.00670  0.01005  
440     N/A    0.008703  -24.89146  -25.02972  0.04199  -24.93345  -24.84946  0.99448  0.00703  0.01038  
460     N/A    0.006628  -24.94357  -25.06444  0.03962  -24.98320  -24.90395  0.99518  0.00505  0.00821  
480     N/A    0.007183  -24.92964  -25.06178  0.04014  -24.96978  -24.88950  0.99473  0.00558  0.00878  
500     N/A    0.006285  -24.95218  -25.06234  0.03862  -24.99080  -24.91356  0.99560  0.00475  0.00782  
520     N/A    0.005911  -24.96156  -25.06829  0.03737  -24.99894  -24.92419  0.99574  0.00442  0.00740  
540     N/A    0.006367  -24.95013  -25.06610  0.03721  -24.98734  -24.91291  0.99537  0.00488  0.00785  
560     N/A    0.006907  -24.93657  -25.05155  0.03665  -24.97322  -24.89992  0.99541  0.00545  0.00837  
580     N/A    0.005428  -24.97371  -25.07772  0.03494  -25.00864  -24.93877  0.99585  0.00404  0.00682  
600     N/A    0.004961  -24.98543  -25.05853  0.03550  -25.02093  -24.94992  0.99708  0.00355  0.00638  
620     N/A    0.005206  -24.97928  -25.08744  0.03504  -25.01433  -24.94424  0.99569  0.00381  0.00660  
640     N/A    0.005423  -24.97382  -25.05995  0.03456  -25.00838  -24.93925  0.99656  0.00405  0.00680  
660     N/A    0.005644  -24.96829  -25.05716  0.03475  -25.00304  -24.93354  0.99645  0.00426  0.00703  
680     N/A    0.005475  -24.97253  -25.04667  0.03337  -25.00590  -24.93915  0.99704  0.00415  0.00680  
700     N/A    0.005158  -24.98049  -25.04543  0.03269  -25.01318  -24.94780  0.99741  0.00386  0.00646  
720     N/A    0.005159  -24.98045  -25.03824  0.03348  -25.01392  -24.94697  0.99769  0.00383  0.00649  
740     N/A    0.003435  -25.02376  -25.05542  0.03335  -25.05711  -24.99041  0.99874  0.00211  0.00476  
760     N/A    0.004488  -24.99730  -25.05542  0.03248  -25.02978  -24.96482  0.99768  0.00319  0.00578  
780     N/A    0.004959  -24.98547  -25.03430  0.03181  -25.01728  -24.95365  0.99805  0.00369  0.00623  
800     N/A    0.004401  -24.99949  -25.04944  0.03231  -25.03180  -24.96718  0.99801  0.00311  0.00569  
820     N/A    0.005179  -24.97996  -25.03074  0.03222  -25.01218  -24.94774  0.99797  0.00390  0.00646  
840     N/A    0.003729  -25.01637  -25.03851  0.03081  -25.04718  -24.98556  0.99912  0.00250  0.00496  
860     N/A    0.004732  -24.99117  -25.02736  0.03120  -25.02237  -24.95997  0.99855  0.00349  0.00598  
880     N/A    0.004972  -24.98516  -25.03861  0.03068  -25.01584  -24.95447  0.99786  0.00375  0.00619  
900     N/A    0.004376  -25.00013  -25.02345  0.03008  -25.03021  -24.97004  0.99907  0.00318  0.00557  
920     N/A    0.005332  -24.97612  -25.04102  0.03044  -25.00656  -24.94569  0.99741  0.00412  0.00654  
940     N/A    0.003560  -25.02060  -25.04464  0.02871  -25.04931  -24.99189  0.99904  0.00242  0.00470  
960     N/A    0.003896  -25.01218  -25.04657  0.02974  -25.04192  -24.98244  0.99863  0.00271  0.00508  
980     N/A    0.003565  -25.02049  -25.06240  0.02881  -25.04929  -24.99168  0.99833  0.00242  0.00471  
1000     N/A    0.003927  -25.01140  -25.05156  0.02889  -25.04029  -24.98252  0.99840  0.00278  0.00508  
1020     N/A    0.004215  -25.00417  -25.02864  0.02961  -25.03378  -24.97455  0.99902  0.00304  0.00539  
1040     N/A    0.003763  -25.01551  -25.04513  0.02861  -25.04413  -24.98690  0.99882  0.00262  0.00490  
1060     N/A    0.003749  -25.01585  -25.05393  0.02812  -25.04397  -24.98774  0.99848  0.00263  0.00487  
1080     N/A    0.003236  -25.02875  -25.05680  0.02860  -25.05735  -25.00015  0.99888  0.00210  0.00437  
1100     N/A    0.003185  -25.03002  -25.03979  0.02772  -25.05774  -25.00230  0.99961  0.00208  0.00429  
1120     N/A    0.003015  -25.03428  -25.04146  0.02757  -25.06185  -25.00671  0.99971  0.00192  0.00411  
1140     N/A    0.003863  -25.01301  -25.04586  0.02814  -25.04115  -24.98487  0.99869  0.00274  0.00498  
1160     N/A    0.002944  -25.03608  -25.05861  0.02648  -25.06256  -25.00959  0.99910  0.00189  0.00400  
1180     N/A    0.002558  -25.04578  -25.04559  0.02720  -25.07298  -25.01858  1.00001  0.00147  0.00364  
1200     N/A    0.002933  -25.03636  -25.06078  0.02669  -25.06305  -25.00967  0.99903  0.00187  0.00400  
1220     N/A    0.002984  -25.03507  -25.05049  0.02661  -25.06168  -25.00846  0.99938  0.00192  0.00404  
1240     N/A    0.002337  -25.05132  -25.05186  0.02542  -25.07674  -25.02590  0.99998  0.00132  0.00335  
1260     N/A    0.003107  -25.03198  -25.04986  0.02494  -25.05691  -25.00704  0.99929  0.00211  0.00410  
1280     N/A    0.003129  -25.03144  -25.04754  0.02517  -25.05661  -25.00626  0.99936  0.00213  0.00413  
1300     N/A    0.002772  -25.04039  -25.04759  0.02416  -25.06455  -25.01624  0.99971  0.00181  0.00373  
1320     N/A    0.002112  -25.05698  -25.06772  0.02351  -25.08048  -25.03347  0.99957  0.00118  0.00305  
1340     N/A    0.002605  -25.04459  -25.05935  0.02303  -25.06762  -25.02156  0.99941  0.00169  0.00352  
1360     N/A    0.003031  -25.03390  -25.06359  0.02334  -25.05724  -25.01056  0.99882  0.00210  0.00396  
1380     N/A    0.002526  -25.04656  -25.06030  0.02287  -25.06943  -25.02370  0.99945  0.00162  0.00344  
1400     N/A    0.001969  -25.06056  -25.06334  0.02238  -25.08294  -25.03818  0.99989  0.00108  0.00286  
1420     N/A    0.002217  -25.05432  -25.07027  0.02152  -25.07584  -25.03280  0.99936  0.00136  0.00307  
1440     N/A    0.002489  -25.04751  -25.06045  0.02112  -25.06863  -25.02639  0.99948  0.00165  0.00333  
1460     N/A    0.002368  -25.05054  -25.06642  0.02122  -25.07176  -25.02933  0.99937  0.00152  0.00321  
1480     N/A    0.002284  -25.05264  -25.06638  0.02071  -25.07335  -25.03194  0.99945  0.00146  0.00311  
1500     N/A    0.001696  -25.06742  -25.06996  0.01978  -25.08720  -25.04763  0.99990  0.00091  0.00248  
1520     N/A    0.002316  -25.05185  -25.07232  0.02005  -25.07190  -25.03180  0.99918  0.00152  0.00311  
1540     N/A    0.002512  -25.04693  -25.05515  0.01958  -25.06651  -25.02735  0.99967  0.00173  0.00329  
1560     N/A    0.002330  -25.05150  -25.04766  0.01852  -25.07001  -25.03298  1.00015  0.00159  0.00307  
1580     N/A    0.002327  -25.05158  -25.06535  0.01936  -25.07094  -25.03221  0.99945  0.00156  0.00310  
1600     N/A    0.001827  -25.06413  -25.05678  0.01852  -25.08265  -25.04561  1.00029  0.00109  0.00256  
1620     N/A    0.001395  -25.07496  -25.08361  0.01855  -25.09351  -25.05641  0.99966  0.00066  0.00213  
1640     N/A    0.001863  -25.06321  -25.07309  0.01724  -25.08044  -25.04597  0.99961  0.00118  0.00255  
1660     N/A    0.001874  -25.06293  -25.07835  0.01789  -25.08082  -25.04504  0.99939  0.00116  0.00259  
1680     N/A    0.001117  -25.08196  -25.07430  0.01704  -25.09900  -25.06493  1.00031  0.00044  0.00180  
1700     N/A    0.001525  -25.07171  -25.07995  0.01703  -25.08875  -25.05468  0.99967  0.00085  0.00220  
1720     N/A    0.001602  -25.06978  -25.07651  0.01747  -25.08725  -25.05231  0.99973  0.00091  0.00230  
1740     N/A    0.001066  -25.08324  -25.08775  0.01724  -25.10048  -25.06599  0.99982  0.00038  0.00175  
1760     N/A    0.001151  -25.08109  -25.08289  0.01675  -25.09784  -25.06434  0.99993  0.00048  0.00182  
1780     N/A    0.001793  -25.06499  -25.05943  0.01651  -25.08150  -25.04847  1.00022  0.00114  0.00245  
1800     N/A    0.001106  -25.08224  -25.08860  0.01644  -25.09868  -25.06580  0.99975  0.00045  0.00176  
1820     N/A    0.001359  -25.07588  -25.08311  0.01623  -25.09211  -25.05965  0.99971  0.00071  0.00201  
1840     N/A    0.000605  -25.09482  -25.08927  0.01654  -25.11136  -25.07827  1.00022  0.00005  0.00126  
1860     N/A    0.001665  -25.06819  -25.05709  0.01625  -25.08444  -25.05193  1.00044  0.00102  0.00231  
1880     N/A    0.001587  -25.07015  -25.08408  0.01571  -25.08586  -25.05445  0.99944  0.00096  0.00221  
1900     N/A    0.001242  -25.07881  -25.07590  0.01565  -25.09447  -25.06316  1.00012  0.00062  0.00187  
1920     N/A    0.001393  -25.07502  -25.08088  0.01559  -25.09061  -25.05943  0.99977  0.00077  0.00201  
1940     N/A    0.000550  -25.09620  -25.09686  0.01503  -25.11122  -25.08117  0.99997  0.00005  0.00115  
1960     N/A    0.001287  -25.07767  -25.08165  0.01498  -25.09265  -25.06270  0.99984  0.00069  0.00188  
1980     N/A    0.001384  -25.07525  -25.07512  0.01513  -25.09038  -25.06012  1.00000  0.00078  0.00199  
2000     N/A    0.001449  -25.07362  -25.08321  0.01540  -25.08902  -25.05822  0.99962  0.00084  0.00206  
2020     N/A    0.001331  -25.07658  -25.08157  0.01504  -25.09162  -25.06154  0.99980  0.00073  0.00193  
2040     N/A    0.000919  -25.08693  -25.08758  0.01477  -25.10170  -25.07215  0.99997  0.00033  0.00151  
2060     N/A    0.001035  -25.08402  -25.08224  0.01462  -25.09864  -25.06940  1.00007  0.00045  0.00162  
2080     N/A    0.001147  -25.08121  -25.08043  0.01449  -25.09570  -25.06673  1.00003  0.00057  0.00172  
2100     N/A    0.001553  -25.07100  -25.07014  0.01466  -25.08565  -25.05634  1.00003  0.00097  0.00214  
2120     N/A    0.001282  -25.07780  -25.08223  0.01452  -25.09232  -25.06329  0.99982  0.00070  0.00186  
2140     N/A    0.001519  -25.07186  -25.07334  0.01437  -25.08623  -25.05749  0.99994  0.00095  0.00209  
2160     N/A    0.001062  -25.08333  -25.09063  0.01470  -25.09803  -25.06863  0.99971  0.00048  0.00165  
2180     N/A    0.000984  -25.08529  -25.08648  0.01414  -25.09943  -25.07116  0.99995  0.00042  0.00155  
2200     N/A    0.001241  -25.07885  -25.07715  0.01414  -25.09298  -25.06471  1.00007  0.00068  0.00180  
2220     N/A    0.001213  -25.07954  -25.08144  0.01414  -25.09367  -25.06540  0.99992  0.00065  0.00178  
2240     N/A    0.000739  -25.09144  -25.08307  0.01417  -25.10561  -25.07727  1.00033  0.00017  0.00130  
2260     N/A    0.001148  -25.08119  -25.08572  0.01441  -25.09560  -25.06677  0.99982  0.00057  0.00172  
2280     N/A    0.001316  -25.07695  -25.07755  0.01410  -25.09105  -25.06285  0.99998  0.00075  0.00188  
2300     N/A    0.001268  -25.07817  -25.07235  0.01358  -25.09175  -25.06459  1.00023  0.00073  0.00181  
2320     N/A    0.001575  -25.07045  -25.07240  0.01415  -25.08459  -25.05630  0.99992  0.00101  0.00214  
2340     N/A    0.000831  -25.08914  -25.07148  0.01423  -25.10337  -25.07491  1.00070  0.00026  0.00140  
2360     N/A    0.000940  -25.08641  -25.08277  0.01413  -25.10054  -25.07227  1.00015  0.00038  0.00150  
2380     N/A    0.001563  -25.07075  -25.07398  0.01389  -25.08464  -25.05686  0.99987  0.00101  0.00212  
2400     N/A    0.000794  -25.09007  -25.08654  0.01390  -25.10396  -25.07617  1.00014  0.00024  0.00135  
2420     N/A    0.000886  -25.08774  -25.08079  0.01361  -25.10135  -25.07413  1.00028  0.00034  0.00143  
2440     N/A    0.000782  -25.09038  -25.08877  0.01343  -25.10380  -25.07695  1.00006  0.00025  0.00132  
2460     N/A    0.001206  -25.07973  -25.07078  0.01347  -25.09320  -25.06626  1.00036  0.00067  0.00174  
