nh: 10
samples1: 15000
samples2: 5000
burn_in: 500
steps: 100
Exact H:-25.11
   Fidelity  ROE       Mean      Median    CI Width LL on CI  UL on CI  mmRatio  Min Err  Max Err
20     N/A    0.142293  -21.53703  -21.62689  0.14261  -21.67964  -21.39443  0.99584  0.13661  0.14797  
40     N/A    0.091445  -22.81382  -22.95298  0.11956  -22.93338  -22.69425  0.99394  0.08668  0.09621  
60     N/A    0.069389  -23.36765  -23.56482  0.10864  -23.47628  -23.25901  0.99163  0.06506  0.07372  
80     N/A    0.052490  -23.79197  -23.97351  0.09619  -23.88816  -23.69578  0.99243  0.04866  0.05632  
100     N/A    0.041653  -24.06408  -24.25480  0.08887  -24.15296  -23.97521  0.99214  0.03811  0.04519  
120     N/A    0.036365  -24.19688  -24.34623  0.08108  -24.27796  -24.11580  0.99387  0.03314  0.03959  
140     N/A    0.032746  -24.28775  -24.43850  0.07673  -24.36448  -24.21102  0.99383  0.02969  0.03580  
160     N/A    0.027553  -24.41814  -24.54789  0.07304  -24.49117  -24.34510  0.99471  0.02464  0.03046  
180     N/A    0.025041  -24.48123  -24.60898  0.07061  -24.55184  -24.41062  0.99481  0.02223  0.02785  
200     N/A    0.024406  -24.49717  -24.63837  0.06852  -24.56569  -24.42865  0.99427  0.02168  0.02713  
220     N/A    0.022709  -24.53977  -24.64440  0.06615  -24.60592  -24.47361  0.99575  0.02007  0.02534  
240     N/A    0.023888  -24.51018  -24.66127  0.06430  -24.57448  -24.44589  0.99387  0.02133  0.02645  
260     N/A    0.020404  -24.59764  -24.70849  0.06259  -24.66023  -24.53506  0.99551  0.01791  0.02290  
280     N/A    0.016548  -24.69448  -24.83462  0.05971  -24.75419  -24.63476  0.99436  0.01417  0.01893  
300     N/A    0.015191  -24.72856  -24.88078  0.05776  -24.78632  -24.67080  0.99388  0.01289  0.01749  
320     N/A    0.015843  -24.71219  -24.86600  0.05635  -24.76853  -24.65584  0.99381  0.01360  0.01809  
340     N/A    0.013982  -24.75892  -24.88902  0.05424  -24.81316  -24.70469  0.99477  0.01182  0.01614  
360     N/A    0.012419  -24.79816  -24.90148  0.05239  -24.85055  -24.74577  0.99585  0.01033  0.01451  
380     N/A    0.011962  -24.80964  -24.90075  0.05151  -24.86115  -24.75814  0.99634  0.00991  0.01401  
400     N/A    0.010353  -24.85004  -24.94769  0.04963  -24.89967  -24.80041  0.99609  0.00838  0.01233  
420     N/A    0.012200  -24.80366  -24.91782  0.04868  -24.85234  -24.75498  0.99542  0.01026  0.01414  
440     N/A    0.009224  -24.87839  -24.95720  0.04725  -24.92563  -24.83114  0.99684  0.00734  0.01111  
460     N/A    0.009047  -24.88283  -25.00099  0.04505  -24.92787  -24.83778  0.99527  0.00725  0.01084  
480     N/A    0.010447  -24.84768  -24.96505  0.04438  -24.89207  -24.80330  0.99530  0.00868  0.01221  
500     N/A    0.007727  -24.91599  -25.00236  0.04414  -24.96012  -24.87185  0.99655  0.00597  0.00948  
520     N/A    0.008229  -24.90336  -25.00526  0.04278  -24.94613  -24.86058  0.99592  0.00653  0.00993  
540     N/A    0.008801  -24.88900  -25.00145  0.04303  -24.93202  -24.84597  0.99550  0.00709  0.01051  
560     N/A    0.009025  -24.88337  -24.99550  0.04149  -24.92486  -24.84188  0.99551  0.00737  0.01068  
580     N/A    0.008458  -24.89763  -25.00084  0.04216  -24.93979  -24.85547  0.99587  0.00678  0.01014  
600     N/A    0.009064  -24.88240  -24.97818  0.04118  -24.92357  -24.84122  0.99617  0.00742  0.01070  
620     N/A    0.007037  -24.93330  -25.04533  0.04057  -24.97386  -24.89273  0.99553  0.00542  0.00865  
640     N/A    0.008212  -24.90380  -25.01376  0.04136  -24.94516  -24.86244  0.99560  0.00656  0.00986  
660     N/A    0.007850  -24.91289  -25.00751  0.04031  -24.95319  -24.87258  0.99622  0.00624  0.00946  
680     N/A    0.006662  -24.94271  -25.05028  0.03963  -24.98234  -24.90308  0.99571  0.00508  0.00824  
700     N/A    0.006510  -24.94655  -25.04306  0.03821  -24.98475  -24.90834  0.99615  0.00499  0.00803  
720     N/A    0.005775  -24.96500  -25.06644  0.03829  -25.00329  -24.92670  0.99595  0.00425  0.00730  
740     N/A    0.007410  -24.92392  -25.02803  0.03770  -24.96163  -24.88622  0.99584  0.00591  0.00891  
760     N/A    0.007424  -24.92358  -25.04687  0.03853  -24.96212  -24.88505  0.99508  0.00589  0.00896  
780     N/A    0.007006  -24.93409  -25.00876  0.03651  -24.97060  -24.89758  0.99701  0.00555  0.00846  
800     N/A    0.005554  -24.97054  -25.05674  0.03603  -25.00657  -24.93451  0.99656  0.00412  0.00699  
820     N/A    0.005259  -24.97794  -25.04938  0.03610  -25.01404  -24.94184  0.99715  0.00382  0.00670  
840     N/A    0.007395  -24.92431  -25.02443  0.03749  -24.96179  -24.88682  0.99600  0.00590  0.00889  
860     N/A    0.006378  -24.94984  -25.04479  0.03620  -24.98605  -24.91364  0.99621  0.00494  0.00782  
880     N/A    0.005834  -24.96351  -25.06374  0.03532  -24.99884  -24.92819  0.99600  0.00443  0.00724  
900     N/A    0.006389  -24.94958  -25.04440  0.03514  -24.98472  -24.91444  0.99621  0.00499  0.00779  
920     N/A    0.005265  -24.97780  -25.04972  0.03547  -25.01327  -24.94233  0.99713  0.00385  0.00668  
940     N/A    0.005527  -24.97123  -25.05019  0.03576  -25.00699  -24.93547  0.99685  0.00410  0.00695  
960     N/A    0.005677  -24.96744  -25.03725  0.03542  -25.00286  -24.93202  0.99721  0.00427  0.00709  
980     N/A    0.005461  -24.97288  -25.04640  0.03452  -25.00740  -24.93836  0.99706  0.00409  0.00684  
1000     N/A    0.005375  -24.97503  -25.04515  0.03562  -25.01065  -24.93941  0.99720  0.00396  0.00679  
1020     N/A    0.005387  -24.97473  -25.04240  0.03472  -25.00946  -24.94001  0.99730  0.00400  0.00677  
1040     N/A    0.006042  -24.95828  -25.01233  0.03386  -24.99214  -24.92442  0.99784  0.00469  0.00739  
1060     N/A    0.007077  -24.93230  -25.01478  0.03440  -24.96669  -24.89790  0.99670  0.00571  0.00845  
1080     N/A    0.004487  -24.99733  -25.04812  0.03330  -25.03063  -24.96402  0.99797  0.00316  0.00581  
1100     N/A    0.005389  -24.97467  -25.03210  0.03403  -25.00870  -24.94065  0.99771  0.00403  0.00674  
1120     N/A    0.005067  -24.98276  -25.03396  0.03294  -25.01571  -24.94982  0.99796  0.00376  0.00638  
1140     N/A    0.004689  -24.99226  -25.04560  0.03360  -25.02585  -24.95866  0.99787  0.00335  0.00603  
1160     N/A    0.005003  -24.98436  -25.03041  0.03364  -25.01800  -24.95072  0.99816  0.00366  0.00634  
1180     N/A    0.004281  -25.00251  -25.03279  0.03344  -25.03596  -24.96907  0.99879  0.00295  0.00561  
1200     N/A    0.005181  -24.97990  -25.03331  0.03292  -25.01282  -24.94698  0.99787  0.00387  0.00649  
1220     N/A    0.004923  -24.98639  -25.04427  0.03327  -25.01966  -24.95311  0.99769  0.00360  0.00625  
1240     N/A    0.005032  -24.98366  -25.02674  0.03275  -25.01641  -24.95091  0.99828  0.00373  0.00634  
1260     N/A    0.004659  -24.99302  -25.03754  0.03236  -25.02539  -24.96066  0.99822  0.00337  0.00595  
1280     N/A    0.004423  -24.99893  -25.05229  0.03314  -25.03207  -24.96578  0.99787  0.00310  0.00574  
1300     N/A    0.004770  -24.99023  -25.03742  0.03263  -25.02286  -24.95759  0.99812  0.00347  0.00607  
1320     N/A    0.005274  -24.97756  -25.01910  0.03233  -25.00990  -24.94523  0.99834  0.00399  0.00656  
1340     N/A    0.004567  -24.99532  -25.04895  0.03218  -25.02750  -24.96315  0.99786  0.00329  0.00585  
1360     N/A    0.003955  -25.01070  -25.03278  0.03090  -25.04160  -24.97980  0.99912  0.00272  0.00519  
1380     N/A    0.004636  -24.99359  -25.05967  0.03146  -25.02506  -24.96213  0.99736  0.00338  0.00589  
1400     N/A    0.005227  -24.97874  -25.03136  0.03159  -25.01033  -24.94715  0.99790  0.00397  0.00649  
1420     N/A    0.004235  -25.00366  -25.04538  0.03026  -25.03392  -24.97340  0.99833  0.00303  0.00544  
1440     N/A    0.003902  -25.01202  -25.04700  0.03050  -25.04252  -24.98151  0.99860  0.00269  0.00512  
1460     N/A    0.003681  -25.01757  -25.04975  0.03071  -25.04828  -24.98686  0.99872  0.00246  0.00490  
1480     N/A    0.004667  -24.99280  -25.03929  0.03003  -25.02284  -24.96277  0.99814  0.00347  0.00586  
1500     N/A    0.004355  -25.00066  -25.04160  0.02968  -25.03033  -24.97098  0.99836  0.00317  0.00554  
1520     N/A    0.004011  -25.00930  -25.04514  0.02955  -25.03885  -24.97975  0.99857  0.00283  0.00519  
1540     N/A    0.003738  -25.01613  -25.06089  0.02934  -25.04547  -24.98680  0.99821  0.00257  0.00491  
1560     N/A    0.003118  -25.03170  -25.05877  0.02847  -25.06017  -25.00322  0.99892  0.00198  0.00425  
1580     N/A    0.003065  -25.03303  -25.05803  0.02867  -25.06170  -25.00437  0.99900  0.00192  0.00421  
1600     N/A    0.004654  -24.99315  -25.04381  0.02820  -25.02135  -24.96495  0.99798  0.00353  0.00578  
1620     N/A    0.003743  -25.01601  -25.05626  0.02614  -25.04215  -24.98986  0.99839  0.00270  0.00478  
1640     N/A    0.003209  -25.02942  -25.06638  0.02756  -25.05699  -25.00186  0.99853  0.00211  0.00431  
1660     N/A    0.003010  -25.03442  -25.05192  0.02715  -25.06157  -25.00727  0.99930  0.00193  0.00409  
1680     N/A    0.003260  -25.02815  -25.06270  0.02666  -25.05481  -25.00149  0.99862  0.00220  0.00432  
1700     N/A    0.003708  -25.01689  -25.05116  0.02646  -25.04335  -24.99043  0.99863  0.00265  0.00476  
1720     N/A    0.003323  -25.02655  -25.05873  0.02620  -25.05275  -25.00035  0.99872  0.00228  0.00437  
1740     N/A    0.003352  -25.02583  -25.05692  0.02659  -25.05242  -24.99924  0.99876  0.00229  0.00441  
1760     N/A    0.003309  -25.02690  -25.04378  0.02529  -25.05219  -25.00161  0.99933  0.00230  0.00432  
1780     N/A    0.002167  -25.05559  -25.06968  0.02567  -25.08126  -25.02992  0.99944  0.00114  0.00319  
1800     N/A    0.002399  -25.04976  -25.06168  0.02410  -25.07386  -25.02566  0.99952  0.00144  0.00336  
1820     N/A    0.002919  -25.03670  -25.05374  0.02428  -25.06098  -25.01242  0.99932  0.00195  0.00389  
1840     N/A    0.003073  -25.03283  -25.05824  0.02361  -25.05645  -25.00922  0.99899  0.00213  0.00401  
1860     N/A    0.002289  -25.05252  -25.05456  0.02307  -25.07559  -25.02946  0.99992  0.00137  0.00321  
1880     N/A    0.002855  -25.03830  -25.05724  0.02326  -25.06156  -25.01505  0.99924  0.00193  0.00378  
1900     N/A    0.002534  -25.04637  -25.05619  0.02229  -25.06866  -25.02408  0.99961  0.00165  0.00342  
1920     N/A    0.002141  -25.05624  -25.06186  0.02256  -25.07880  -25.03368  0.99978  0.00124  0.00304  
1940     N/A    0.002153  -25.05595  -25.07442  0.02206  -25.07801  -25.03388  0.99926  0.00127  0.00303  
1960     N/A    0.002161  -25.05575  -25.06961  0.02175  -25.07750  -25.03399  0.99945  0.00129  0.00303  
1980     N/A    0.002232  -25.05395  -25.07504  0.02206  -25.07601  -25.03190  0.99916  0.00135  0.00311  
2000     N/A    0.002197  -25.05484  -25.07658  0.02078  -25.07563  -25.03406  0.99913  0.00137  0.00302  
2020     N/A    0.001595  -25.06996  -25.07637  0.02078  -25.09074  -25.04917  0.99974  0.00077  0.00242  
2040     N/A    0.002387  -25.05007  -25.05675  0.02048  -25.07055  -25.02959  0.99973  0.00157  0.00320  
2060     N/A    0.002104  -25.05717  -25.05765  0.01991  -25.07708  -25.03726  0.99998  0.00131  0.00290  
2080     N/A    0.002144  -25.05617  -25.06496  0.01970  -25.07587  -25.03647  0.99965  0.00136  0.00293  
2100     N/A    0.001545  -25.07120  -25.06556  0.01961  -25.09082  -25.05159  1.00023  0.00076  0.00233  
2120     N/A    0.001882  -25.06275  -25.06525  0.01944  -25.08219  -25.04331  0.99990  0.00111  0.00266  
2140     N/A    0.002059  -25.05830  -25.06355  0.01956  -25.07787  -25.03874  0.99979  0.00128  0.00284  
2160     N/A    0.001664  -25.06821  -25.07724  0.01885  -25.08706  -25.04936  0.99964  0.00091  0.00242  
2180     N/A    0.001494  -25.07250  -25.07175  0.01879  -25.09129  -25.05370  1.00003  0.00075  0.00224  
2200     N/A    0.001887  -25.06261  -25.06182  0.01845  -25.08106  -25.04415  1.00003  0.00115  0.00262  
2220     N/A    0.001676  -25.06793  -25.07156  0.01830  -25.08623  -25.04962  0.99985  0.00095  0.00240  
2240     N/A    0.001874  -25.06294  -25.06978  0.01850  -25.08144  -25.04443  0.99973  0.00114  0.00261  
2260     N/A    0.001818  -25.06436  -25.06866  0.01820  -25.08255  -25.04616  0.99983  0.00109  0.00254  
2280     N/A    0.001716  -25.06690  -25.07833  0.01778  -25.08468  -25.04912  0.99954  0.00101  0.00242  
2300     N/A    0.001367  -25.07567  -25.05891  0.01786  -25.09353  -25.05781  1.00067  0.00066  0.00208  
2320     N/A    0.001516  -25.07193  -25.07400  0.01735  -25.08928  -25.05458  0.99992  0.00083  0.00221  
2340     N/A    0.001402  -25.07480  -25.07374  0.01741  -25.09221  -25.05739  1.00004  0.00071  0.00209  
2360     N/A    0.001553  -25.07101  -25.07609  0.01743  -25.08843  -25.05358  0.99980  0.00086  0.00225  
2380     N/A    0.001715  -25.06693  -25.05803  0.01674  -25.08367  -25.05020  1.00036  0.00105  0.00238  
2400     N/A    0.001624  -25.06923  -25.07371  0.01699  -25.08622  -25.05224  0.99982  0.00095  0.00230  
2420     N/A    0.001393  -25.07503  -25.06819  0.01669  -25.09172  -25.05834  1.00027  0.00073  0.00206  
2440     N/A    0.001168  -25.08067  -25.07909  0.01660  -25.09727  -25.06407  1.00006  0.00051  0.00183  
2460     N/A    0.001583  -25.07026  -25.06969  0.01609  -25.08635  -25.05417  1.00002  0.00094  0.00222  
2480     N/A    0.002110  -25.05701  -25.06132  0.01642  -25.07344  -25.04059  0.99983  0.00146  0.00276  
2500     N/A    0.001035  -25.08400  -25.08013  0.01636  -25.10036  -25.06764  1.00015  0.00038  0.00169  
2520     N/A    0.001594  -25.06997  -25.08190  0.01577  -25.08575  -25.05420  0.99952  0.00097  0.00222  
2540     N/A    0.000902  -25.08734  -25.08194  0.01623  -25.10357  -25.07111  1.00022  0.00026  0.00155  
2560     N/A    0.001039  -25.08391  -25.07826  0.01621  -25.10012  -25.06769  1.00023  0.00039  0.00168  
2580     N/A    0.001121  -25.08186  -25.08373  0.01614  -25.09800  -25.06573  0.99993  0.00048  0.00176  
2600     N/A    0.001616  -25.06943  -25.08562  0.01613  -25.08556  -25.05330  0.99935  0.00097  0.00226  
2620     N/A    0.001306  -25.07720  -25.06216  0.01583  -25.09303  -25.06138  1.00060  0.00068  0.00194  
2640     N/A    0.001007  -25.08472  -25.08588  0.01594  -25.10066  -25.06877  0.99995  0.00037  0.00164  
2660     N/A    0.001454  -25.07349  -25.06489  0.01595  -25.08944  -25.05753  1.00034  0.00082  0.00209  
2680     N/A    0.001265  -25.07824  -25.07963  0.01600  -25.09423  -25.06224  0.99994  0.00063  0.00190  
2700     N/A    0.001290  -25.07760  -25.07719  0.01552  -25.09312  -25.06207  1.00002  0.00067  0.00191  
2720     N/A    0.001199  -25.07988  -25.07563  0.01564  -25.09552  -25.06425  1.00017  0.00058  0.00182  
2740     N/A    0.001155  -25.08099  -25.08682  0.01600  -25.09699  -25.06500  0.99977  0.00052  0.00179  
2760     N/A    0.001301  -25.07732  -25.08030  0.01564  -25.09296  -25.06168  0.99988  0.00068  0.00192  
2780     N/A    0.001360  -25.07585  -25.07433  0.01557  -25.09141  -25.06028  1.00006  0.00074  0.00198  
2800     N/A    0.000991  -25.08512  -25.08367  0.01529  -25.10041  -25.06982  1.00006  0.00038  0.00160  
2820     N/A    0.001272  -25.07805  -25.08293  0.01503  -25.09308  -25.06302  0.99981  0.00067  0.00187  
2840     N/A    0.000807  -25.08973  -25.08967  0.01543  -25.10515  -25.07430  1.00000  0.00019  0.00142  
2860     N/A    0.001073  -25.08305  -25.08095  0.01522  -25.09828  -25.06783  1.00008  0.00047  0.00168  
2880     N/A    0.000779  -25.09044  -25.08655  0.01541  -25.10585  -25.07503  1.00015  0.00017  0.00139  
2900     N/A    0.001440  -25.07384  -25.08008  0.01511  -25.08895  -25.05873  0.99975  0.00084  0.00204  
2920     N/A    0.001063  -25.08330  -25.07518  0.01505  -25.09835  -25.06825  1.00032  0.00046  0.00166  
2940     N/A    0.001038  -25.08395  -25.08499  0.01489  -25.09883  -25.06906  0.99996  0.00044  0.00163  
2960     N/A    0.001140  -25.08139  -25.07469  0.01506  -25.09645  -25.06632  1.00027  0.00054  0.00174  
2980     N/A    0.000891  -25.08764  -25.07839  0.01455  -25.10219  -25.07309  1.00037  0.00031  0.00147  
3000     N/A    0.001118  -25.08193  -25.06780  0.01541  -25.09734  -25.06652  1.00056  0.00050  0.00173  
3020     N/A    0.001624  -25.06923  -25.06063  0.01487  -25.08410  -25.05436  1.00034  0.00103  0.00222  
3040     N/A    0.001106  -25.08222  -25.08653  0.01490  -25.09712  -25.06732  0.99983  0.00051  0.00170  
3060     N/A    0.001290  -25.07761  -25.07274  0.01502  -25.09263  -25.06259  1.00019  0.00069  0.00189  
3080     N/A    0.001498  -25.07240  -25.07623  0.01458  -25.08697  -25.05782  0.99985  0.00092  0.00208  
3100     N/A    0.001381  -25.07533  -25.06643  0.01489  -25.09022  -25.06044  1.00036  0.00079  0.00197  
3120     N/A    0.001257  -25.07844  -25.07520  0.01487  -25.09331  -25.06357  1.00013  0.00066  0.00185  
3140     N/A    0.000671  -25.09315  -25.09121  0.01485  -25.10801  -25.07830  1.00008  0.00008  0.00126  
3160     N/A    0.001264  -25.07825  -25.08488  0.01488  -25.09313  -25.06337  0.99974  0.00067  0.00186  
3180     N/A    0.001100  -25.08238  -25.07451  0.01471  -25.09708  -25.06767  1.00031  0.00051  0.00169  
3200     N/A    0.000940  -25.08641  -25.08395  0.01449  -25.10090  -25.07192  1.00010  0.00036  0.00152  
3220     N/A    0.001263  -25.07829  -25.07855  0.01477  -25.09306  -25.06352  0.99999  0.00067  0.00185  
3240     N/A    0.001737  -25.06639  -25.06715  0.01438  -25.08078  -25.05201  0.99997  0.00116  0.00231  
3260     N/A    0.001181  -25.08034  -25.07372  0.01468  -25.09502  -25.06565  1.00026  0.00060  0.00177  
3280     N/A    0.000941  -25.08638  -25.08271  0.01482  -25.10120  -25.07156  1.00015  0.00035  0.00153  
3300     N/A    0.001127  -25.08170  -25.07639  0.01505  -25.09675  -25.06666  1.00021  0.00053  0.00173  
3320     N/A    0.001176  -25.08048  -25.07689  0.01503  -25.09551  -25.06545  1.00014  0.00058  0.00177  
3340     N/A    0.001183  -25.08029  -25.08465  0.01463  -25.09492  -25.06566  0.99983  0.00060  0.00177  
3360     N/A    0.001089  -25.08266  -25.08053  0.01451  -25.09717  -25.06815  1.00008  0.00051  0.00167  
3380     N/A    0.001153  -25.08105  -25.07792  0.01503  -25.09608  -25.06603  1.00013  0.00055  0.00175  
3400     N/A    0.001091  -25.08261  -25.08363  0.01449  -25.09710  -25.06812  0.99996  0.00051  0.00167  
3420     N/A    0.001580  -25.07032  -25.07624  0.01463  -25.08495  -25.05569  0.99976  0.00100  0.00216  
3440     N/A    0.001515  -25.07197  -25.07192  0.01469  -25.08666  -25.05727  1.00000  0.00093  0.00210  
3460     N/A    0.001039  -25.08391  -25.07693  0.01459  -25.09850  -25.06932  1.00028  0.00046  0.00162  
3480     N/A    0.000816  -25.08952  -25.08466  0.01456  -25.10408  -25.07496  1.00019  0.00024  0.00140  
3500     N/A    0.001068  -25.08318  -25.08576  0.01425  -25.09743  -25.06893  0.99990  0.00050  0.00164  
3520     N/A    0.000946  -25.08624  -25.08367  0.01411  -25.10035  -25.07213  1.00010  0.00038  0.00151  
3540     N/A    0.001299  -25.07738  -25.07971  0.01447  -25.09185  -25.06291  0.99991  0.00072  0.00188  
3560     N/A    0.001523  -25.07176  -25.07009  0.01464  -25.08640  -25.05712  1.00007  0.00094  0.00211  
3580     N/A    0.001412  -25.07455  -25.08009  0.01428  -25.08883  -25.06028  0.99978  0.00084  0.00198  
3600     N/A    0.001384  -25.07525  -25.07120  0.01450  -25.08976  -25.06075  1.00016  0.00081  0.00196  
3620     N/A    0.001247  -25.07870  -25.07233  0.01471  -25.09341  -25.06399  1.00025  0.00066  0.00183  
3640     N/A    0.001394  -25.07499  -25.06872  0.01436  -25.08935  -25.06062  1.00025  0.00082  0.00197  
3660     N/A    0.001795  -25.06493  -25.06351  0.01479  -25.07972  -25.05015  1.00006  0.00121  0.00238  
3680     N/A    0.001088  -25.08267  -25.07849  0.01400  -25.09667  -25.06867  1.00017  0.00053  0.00165  
3700     N/A    0.001390  -25.07510  -25.07639  0.01448  -25.08957  -25.06062  0.99995  0.00081  0.00197  
3720     N/A    0.000728  -25.09173  -25.09326  0.01453  -25.10626  -25.07720  0.99994  0.00015  0.00131  
3740     N/A    0.000941  -25.08638  -25.09017  0.01443  -25.10080  -25.07195  0.99985  0.00037  0.00152  
3760     N/A    0.001029  -25.08416  -25.07885  0.01438  -25.09854  -25.06979  1.00021  0.00046  0.00160  
3780     N/A    0.001358  -25.07589  -25.06961  0.01422  -25.09011  -25.06167  1.00025  0.00079  0.00192  
3800     N/A    0.001376  -25.07545  -25.07724  0.01404  -25.08949  -25.06141  0.99993  0.00082  0.00194  
3820     N/A    0.001181  -25.08035  -25.08321  0.01422  -25.09457  -25.06613  0.99989  0.00061  0.00175  
3840     N/A    0.001262  -25.07832  -25.07540  0.01444  -25.09276  -25.06388  1.00012  0.00069  0.00184  
3860     N/A    0.001025  -25.08425  -25.09395  0.01425  -25.09850  -25.07001  0.99961  0.00046  0.00159  
3880     N/A    0.001258  -25.07840  -25.08671  0.01434  -25.09274  -25.06406  0.99967  0.00069  0.00183  
3900     N/A    0.001025  -25.08427  -25.09667  0.01439  -25.09866  -25.06988  0.99951  0.00045  0.00160  
3920     N/A    0.001362  -25.07581  -25.06966  0.01436  -25.09017  -25.06145  1.00025  0.00079  0.00193  
3940     N/A    0.001134  -25.08153  -25.08775  0.01440  -25.09592  -25.06713  0.99975  0.00056  0.00171  
3960     N/A    0.000959  -25.08593  -25.08205  0.01404  -25.09997  -25.07189  1.00015  0.00040  0.00152  
3980     N/A    0.001314  -25.07700  -25.07641  0.01452  -25.09151  -25.06248  1.00002  0.00074  0.00189  
4000     N/A    0.001267  -25.07819  -25.07262  0.01385  -25.09204  -25.06434  1.00022  0.00072  0.00182  
4020     N/A    0.001420  -25.07435  -25.07644  0.01436  -25.08871  -25.05999  0.99992  0.00085  0.00199  
4040     N/A    0.000653  -25.09360  -25.08626  0.01438  -25.10799  -25.07922  1.00029  0.00008  0.00123  
4060     N/A    0.001574  -25.07048  -25.07523  0.01394  -25.08442  -25.05654  0.99981  0.00102  0.00213  
4080     N/A    0.001307  -25.07718  -25.07324  0.01476  -25.09194  -25.06242  1.00016  0.00072  0.00189  
4100     N/A    0.001457  -25.07340  -25.07172  0.01446  -25.08786  -25.05894  1.00007  0.00088  0.00203  
4120     N/A    0.001141  -25.08134  -25.07261  0.01424  -25.09558  -25.06710  1.00035  0.00057  0.00171  
4140     N/A    0.000864  -25.08829  -25.09341  0.01420  -25.10249  -25.07409  0.99980  0.00030  0.00143  
4160     N/A    0.001142  -25.08131  -25.08789  0.01411  -25.09542  -25.06721  0.99974  0.00058  0.00170  
4180     N/A    0.001303  -25.07729  -25.07679  0.01389  -25.09117  -25.06340  1.00002  0.00075  0.00186  
4200     N/A    0.001060  -25.08338  -25.08534  0.01419  -25.09757  -25.06919  0.99992  0.00050  0.00163  
4220     N/A    0.000968  -25.08568  -25.08015  0.01429  -25.09997  -25.07139  1.00022  0.00040  0.00154  
4240     N/A    0.001416  -25.07445  -25.07706  0.01412  -25.08857  -25.06033  0.99990  0.00085  0.00198  
4260     N/A    0.001504  -25.07224  -25.07869  0.01434  -25.08658  -25.05790  0.99974  0.00093  0.00208  
4280     N/A    0.001329  -25.07663  -25.07801  0.01434  -25.09097  -25.06230  0.99994  0.00076  0.00190  
4300     N/A    0.000896  -25.08749  -25.08829  0.01383  -25.10132  -25.07366  0.99997  0.00035  0.00145  
4320     N/A    0.000609  -25.09472  -25.09685  0.01423  -25.10895  -25.08048  0.99991  0.00004  0.00118  
4340     N/A    0.001000  -25.08489  -25.07441  0.01442  -25.09932  -25.07047  1.00042  0.00043  0.00157  
4360     N/A    0.001745  -25.06618  -25.07024  0.01421  -25.08039  -25.05196  0.99984  0.00118  0.00231  
4380     N/A    0.000853  -25.08859  -25.07667  0.01441  -25.10300  -25.07418  1.00048  0.00028  0.00143  
4400     N/A    0.001202  -25.07981  -25.07971  0.01432  -25.09414  -25.06549  1.00000  0.00063  0.00177  
4420     N/A    0.000966  -25.08574  -25.07975  0.01414  -25.09988  -25.07160  1.00024  0.00040  0.00153  
4440     N/A    0.001562  -25.07079  -25.06386  0.01426  -25.08505  -25.05653  1.00028  0.00099  0.00213  
4460     N/A    0.001127  -25.08169  -25.07378  0.01426  -25.09596  -25.06743  1.00032  0.00056  0.00170  
4480     N/A    0.001297  -25.07742  -25.06745  0.01410  -25.09153  -25.06332  1.00040  0.00074  0.00186  
4500     N/A    0.000861  -25.08838  -25.08084  0.01429  -25.10267  -25.07409  1.00030  0.00029  0.00143  
4520     N/A    0.001066  -25.08323  -25.07804  0.01440  -25.09763  -25.06883  1.00021  0.00049  0.00164  
4540     N/A    0.001470  -25.07308  -25.08409  0.01414  -25.08722  -25.05894  0.99956  0.00091  0.00203  
4560     N/A    0.001161  -25.08084  -25.08320  0.01426  -25.09510  -25.06658  0.99991  0.00059  0.00173  
4580     N/A    0.000838  -25.08896  -25.08494  0.01444  -25.10340  -25.07453  1.00016  0.00026  0.00141  
4600     N/A    0.001443  -25.07377  -25.07745  0.01425  -25.08802  -25.05952  0.99985  0.00088  0.00201  
4620     N/A    0.001261  -25.07835  -25.07254  0.01383  -25.09218  -25.06451  1.00023  0.00071  0.00181  
4640     N/A    0.000998  -25.08493  -25.09691  0.01442  -25.09935  -25.07051  0.99952  0.00042  0.00157  
4660     N/A    0.001305  -25.07723  -25.08260  0.01422  -25.09145  -25.06301  0.99979  0.00074  0.00187  
4680     N/A    0.001148  -25.08117  -25.07268  0.01405  -25.09522  -25.06713  1.00034  0.00059  0.00171  
4700     N/A    0.001324  -25.07676  -25.07341  0.01416  -25.09092  -25.06260  1.00013  0.00076  0.00189  
4720     N/A    0.000912  -25.08710  -25.09049  0.01413  -25.10123  -25.07297  0.99987  0.00035  0.00147  
4740     N/A    0.000927  -25.08672  -25.07962  0.01416  -25.10088  -25.07256  1.00028  0.00036  0.00149  
4760     N/A    0.001510  -25.07209  -25.07616  0.01416  -25.08625  -25.05793  0.99984  0.00095  0.00207  
4780     N/A    0.001079  -25.08290  -25.08005  0.01449  -25.09739  -25.06842  1.00011  0.00050  0.00166  
4800     N/A    0.001327  -25.07668  -25.07975  0.01430  -25.09098  -25.06238  0.99988  0.00076  0.00190  
4820     N/A    0.001079  -25.08291  -25.07086  0.01416  -25.09706  -25.06875  1.00048  0.00052  0.00164  
4840     N/A    0.001102  -25.08232  -25.07949  0.01459  -25.09692  -25.06773  1.00011  0.00052  0.00168  
4860     N/A    0.000856  -25.08851  -25.09105  0.01425  -25.10276  -25.07425  0.99990  0.00029  0.00142  
4880     N/A    0.001710  -25.06705  -25.06987  0.01442  -25.08148  -25.05263  0.99989  0.00114  0.00228  
4900     N/A    0.000678  -25.09297  -25.09658  0.01443  -25.10740  -25.07854  0.99986  0.00010  0.00125  
4920     N/A    0.001674  -25.06798  -25.06453  0.01438  -25.08235  -25.05360  1.00014  0.00110  0.00225  
4940     N/A    0.001319  -25.07688  -25.07925  0.01474  -25.09162  -25.06213  0.99991  0.00073  0.00191  
4960     N/A    0.000712  -25.09211  -25.09204  0.01434  -25.10645  -25.07777  1.00000  0.00014  0.00128  
4980     N/A    0.001656  -25.06843  -25.06725  0.01437  -25.08280  -25.05405  1.00005  0.00108  0.00223  
5000     N/A    0.001075  -25.08300  -25.08544  0.01433  -25.09733  -25.06867  0.99990  0.00050  0.00165  
5020     N/A    0.001419  -25.07436  -25.08008  0.01431  -25.08868  -25.06005  0.99977  0.00085  0.00199  
5040     N/A    0.001382  -25.07530  -25.08808  0.01436  -25.08966  -25.06093  0.99949  0.00081  0.00195  
5060     N/A    0.001214  -25.07951  -25.06669  0.01442  -25.09393  -25.06509  1.00051  0.00064  0.00179  
5080     N/A    0.001466  -25.07320  -25.08022  0.01406  -25.08725  -25.05914  0.99972  0.00091  0.00203  
5100     N/A    0.001212  -25.07957  -25.07759  0.01479  -25.09436  -25.06478  1.00008  0.00062  0.00180  
5120     N/A    0.000962  -25.08584  -25.09035  0.01453  -25.10037  -25.07130  0.99982  0.00038  0.00154  
5140     N/A    0.001317  -25.07694  -25.09008  0.01447  -25.09141  -25.06247  0.99948  0.00074  0.00189  
5160     N/A    0.001522  -25.07179  -25.07262  0.01421  -25.08600  -25.05757  0.99997  0.00096  0.00209  
5180     N/A    0.001313  -25.07703  -25.07460  0.01402  -25.09105  -25.06301  1.00010  0.00075  0.00187  
5200     N/A    0.001358  -25.07589  -25.07618  0.01432  -25.09021  -25.06157  0.99999  0.00079  0.00193  
5220     N/A    0.000984  -25.08528  -25.08283  0.01420  -25.09949  -25.07108  1.00010  0.00042  0.00155  
5240     N/A    0.000877  -25.08797  -25.09426  0.01408  -25.10205  -25.07389  0.99975  0.00032  0.00144  
5260     N/A    0.000837  -25.08899  -25.08521  0.01410  -25.10310  -25.07489  1.00015  0.00027  0.00140  
5280     N/A    0.000985  -25.08526  -25.08967  0.01437  -25.09963  -25.07090  0.99982  0.00041  0.00156  
5300     N/A    0.001046  -25.08373  -25.08258  0.01431  -25.09804  -25.06942  1.00005  0.00048  0.00162  
5320     N/A    0.001094  -25.08254  -25.07399  0.01407  -25.09661  -25.06846  1.00034  0.00053  0.00165  
5340     N/A    0.001063  -25.08331  -25.08121  0.01435  -25.09766  -25.06896  1.00008  0.00049  0.00163  
5360     N/A    0.001445  -25.07371  -25.07160  0.01431  -25.08802  -25.05939  1.00008  0.00088  0.00202  
5380     N/A    0.001124  -25.08179  -25.07990  0.01430  -25.09609  -25.06748  1.00008  0.00055  0.00169  
5400     N/A    0.001111  -25.08210  -25.08212  0.01455  -25.09666  -25.06755  1.00000  0.00053  0.00169  
5420     N/A    0.001413  -25.07453  -25.08950  0.01473  -25.08926  -25.05980  0.99940  0.00083  0.00200  
5440     N/A    0.001305  -25.07724  -25.08699  0.01426  -25.09150  -25.06298  0.99961  0.00074  0.00187  
5460     N/A    0.001362  -25.07580  -25.08370  0.01458  -25.09038  -25.06122  0.99969  0.00078  0.00194  
5480     N/A    0.001377  -25.07542  -25.07422  0.01428  -25.08970  -25.06114  1.00005  0.00081  0.00195  
5500     N/A    0.001425  -25.07421  -25.06702  0.01426  -25.08847  -25.05995  1.00029  0.00086  0.00199  
5520     N/A    0.000985  -25.08526  -25.08934  0.01432  -25.09958  -25.07093  0.99984  0.00041  0.00156  
5540     N/A    0.000933  -25.08658  -25.08362  0.01396  -25.10054  -25.07261  1.00012  0.00038  0.00149  
5560     N/A    0.001303  -25.07729  -25.08259  0.01426  -25.09155  -25.06302  0.99979  0.00073  0.00187  
5580     N/A    0.000808  -25.08971  -25.08277  0.01447  -25.10418  -25.07524  1.00028  0.00023  0.00138  
5600     N/A    0.001217  -25.07945  -25.08072  0.01414  -25.09359  -25.06532  0.99995  0.00065  0.00178  
5620     N/A    0.000957  -25.08597  -25.08336  0.01451  -25.10048  -25.07146  1.00010  0.00038  0.00153  
5640     N/A    0.000703  -25.09235  -25.09261  0.01401  -25.10635  -25.07834  0.99999  0.00015  0.00126  
5660     N/A    0.001252  -25.07857  -25.07695  0.01437  -25.09294  -25.06419  1.00006  0.00068  0.00182  
5680     N/A    0.001323  -25.07677  -25.08624  0.01494  -25.09172  -25.06183  0.99962  0.00073  0.00192  
5700     N/A    0.001100  -25.08238  -25.09078  0.01425  -25.09663  -25.06813  0.99967  0.00053  0.00167  
5720     N/A    0.001727  -25.06663  -25.07297  0.01487  -25.08149  -25.05176  0.99975  0.00114  0.00232  
5740     N/A    0.001300  -25.07735  -25.08643  0.01477  -25.09213  -25.06258  0.99964  0.00071  0.00189  
5760     N/A    0.001343  -25.07627  -25.07806  0.01438  -25.09065  -25.06189  0.99993  0.00077  0.00192  
5780     N/A    0.001007  -25.08472  -25.08788  0.01453  -25.09925  -25.07020  0.99987  0.00043  0.00159  
5800     N/A    0.001209  -25.07963  -25.08810  0.01484  -25.09447  -25.06479  0.99966  0.00062  0.00180  
5820     N/A    0.001301  -25.07732  -25.08479  0.01454  -25.09186  -25.06278  0.99970  0.00072  0.00188  
5840     N/A    0.000868  -25.08820  -25.08843  0.01475  -25.10295  -25.07345  0.99999  0.00028  0.00146  
5860     N/A    0.001368  -25.07565  -25.07387  0.01448  -25.09014  -25.06117  1.00007  0.00079  0.00194  
5880     N/A    0.001316  -25.07695  -25.07053  0.01446  -25.09141  -25.06249  1.00026  0.00074  0.00189  
5900     N/A    0.001243  -25.07880  -25.07876  0.01463  -25.09343  -25.06416  1.00000  0.00066  0.00183  
5920     N/A    0.001448  -25.07365  -25.08037  0.01455  -25.08820  -25.05910  0.99973  0.00087  0.00203  
5940     N/A    0.001119  -25.08190  -25.08068  0.01424  -25.09614  -25.06767  1.00005  0.00055  0.00169  
5960     N/A    0.000788  -25.09021  -25.08395  0.01441  -25.10463  -25.07580  1.00025  0.00021  0.00136  
5980     N/A    0.001370  -25.07560  -25.07820  0.01455  -25.09015  -25.06105  0.99990  0.00079  0.00195  
6000     N/A    0.000997  -25.08497  -25.08872  0.01465  -25.09962  -25.07032  0.99985  0.00041  0.00158  
6020     N/A    0.000885  -25.08778  -25.08585  0.01476  -25.10254  -25.07302  1.00008  0.00030  0.00147  
6040     N/A    0.001510  -25.07209  -25.08154  0.01473  -25.08681  -25.05736  0.99962  0.00092  0.00210  
6060     N/A    0.001791  -25.06503  -25.07866  0.01434  -25.07936  -25.05069  0.99946  0.00122  0.00236  
6080     N/A    0.001375  -25.07549  -25.07147  0.01507  -25.09056  -25.06042  1.00016  0.00077  0.00197  
6100     N/A    0.001186  -25.08023  -25.09037  0.01459  -25.09482  -25.06564  0.99960  0.00060  0.00177  
6120     N/A    0.001625  -25.06920  -25.07150  0.01433  -25.08353  -25.05487  0.99991  0.00105  0.00220  
6140     N/A    0.001075  -25.08301  -25.08404  0.01401  -25.09702  -25.06900  0.99996  0.00052  0.00163  
6160     N/A    0.001100  -25.08239  -25.08910  0.01452  -25.09691  -25.06787  0.99973  0.00052  0.00168  
6180     N/A    0.001411  -25.07457  -25.07156  0.01456  -25.08913  -25.06001  1.00012  0.00083  0.00199  
6200     N/A    0.001073  -25.08306  -25.07244  0.01461  -25.09767  -25.06845  1.00042  0.00049  0.00165  
6220     N/A    0.001048  -25.08368  -25.07889  0.01495  -25.09863  -25.06873  1.00019  0.00045  0.00164  
6240     N/A    0.001069  -25.08315  -25.07951  0.01464  -25.09780  -25.06851  1.00015  0.00049  0.00165  
6260     N/A    0.000980  -25.08539  -25.09382  0.01473  -25.10012  -25.07066  0.99966  0.00039  0.00157  
6280     N/A    0.001216  -25.07947  -25.07479  0.01439  -25.09386  -25.06508  1.00019  0.00064  0.00179  
6300     N/A    0.001539  -25.07137  -25.07191  0.01464  -25.08601  -25.05673  0.99998  0.00096  0.00212  
6320     N/A    0.001299  -25.07739  -25.07978  0.01489  -25.09228  -25.06250  0.99990  0.00071  0.00189  
6340     N/A    0.001185  -25.08024  -25.08296  0.01447  -25.09470  -25.06577  0.99989  0.00061  0.00176  
6360     N/A    0.001621  -25.06930  -25.06698  0.01470  -25.08400  -25.05459  1.00009  0.00104  0.00221  
6380     N/A    0.000994  -25.08503  -25.09407  0.01477  -25.09981  -25.07026  0.99964  0.00041  0.00158  
6400     N/A    0.001161  -25.08084  -25.08544  0.01465  -25.09549  -25.06619  0.99982  0.00058  0.00174  
6420     N/A    0.001004  -25.08478  -25.08313  0.01477  -25.09955  -25.07001  1.00007  0.00042  0.00159  
6440     N/A    0.001304  -25.07724  -25.07983  0.01458  -25.09183  -25.06266  0.99990  0.00072  0.00189  
6460     N/A    0.001075  -25.08300  -25.08902  0.01434  -25.09733  -25.06866  0.99976  0.00050  0.00165  
6480     N/A    0.001327  -25.07667  -25.08296  0.01428  -25.09096  -25.06239  0.99975  0.00076  0.00190  
6500     N/A    0.001358  -25.07590  -25.08153  0.01459  -25.09049  -25.06131  0.99978  0.00078  0.00194  
6520     N/A    0.001283  -25.07780  -25.09173  0.01482  -25.09262  -25.06297  0.99944  0.00069  0.00187  
6540     N/A    0.000932  -25.08660  -25.08475  0.01473  -25.10133  -25.07187  1.00007  0.00035  0.00152  
6560     N/A    0.001700  -25.06732  -25.05609  0.01449  -25.08181  -25.05283  1.00045  0.00112  0.00228  
6580     N/A    0.000801  -25.08988  -25.08745  0.01470  -25.10458  -25.07518  1.00010  0.00022  0.00139  
6600     N/A    0.001201  -25.07985  -25.08420  0.01421  -25.09406  -25.06564  0.99983  0.00063  0.00177  
6620     N/A    0.000964  -25.08580  -25.08788  0.01471  -25.10050  -25.07109  0.99992  0.00038  0.00155  
6640     N/A    0.001229  -25.07914  -25.08368  0.01418  -25.09333  -25.06496  0.99982  0.00066  0.00179  
6660     N/A    0.001351  -25.07608  -25.07612  0.01462  -25.09070  -25.06145  1.00000  0.00077  0.00193  
6680     N/A    0.001409  -25.07461  -25.07274  0.01479  -25.08941  -25.05982  1.00007  0.00082  0.00200  
6700     N/A    0.000878  -25.08794  -25.08507  0.01459  -25.10253  -25.07336  1.00011  0.00030  0.00146  
6720     N/A    0.001242  -25.07882  -25.08284  0.01447  -25.09329  -25.06435  0.99984  0.00067  0.00182  
6740     N/A    0.000771  -25.09064  -25.08921  0.01451  -25.10516  -25.07613  1.00006  0.00019  0.00135  
6760     N/A    0.001408  -25.07463  -25.07784  0.01468  -25.08932  -25.05995  0.99987  0.00082  0.00199  
6780     N/A    0.001222  -25.07932  -25.07430  0.01451  -25.09383  -25.06481  1.00020  0.00064  0.00180  
6800     N/A    0.001295  -25.07748  -25.08735  0.01530  -25.09279  -25.06218  0.99961  0.00069  0.00190  
6820     N/A    0.001420  -25.07436  -25.07183  0.01491  -25.08926  -25.05945  1.00010  0.00083  0.00201  
6840     N/A    0.000924  -25.08680  -25.08806  0.01459  -25.10140  -25.07221  0.99995  0.00034  0.00151  
6860     N/A    0.000987  -25.08521  -25.09529  0.01475  -25.09996  -25.07047  0.99960  0.00040  0.00157  
6880     N/A    0.001466  -25.07319  -25.07569  0.01465  -25.08783  -25.05854  0.99990  0.00088  0.00205  
6900     N/A    0.001019  -25.08441  -25.07926  0.01488  -25.09928  -25.06953  1.00021  0.00043  0.00161  
6920     N/A    0.001474  -25.07298  -25.07198  0.01504  -25.08802  -25.05793  1.00004  0.00088  0.00207  
6940     N/A    0.001649  -25.06858  -25.06913  0.01454  -25.08312  -25.05404  0.99998  0.00107  0.00223  
6960     N/A    0.000783  -25.09035  -25.08666  0.01481  -25.10515  -25.07554  1.00015  0.00019  0.00137  
6980     N/A    0.001343  -25.07629  -25.06769  0.01461  -25.09090  -25.06168  1.00034  0.00076  0.00192  
7000     N/A    0.001613  -25.06951  -25.06941  0.01476  -25.08427  -25.05475  1.00000  0.00102  0.00220  
7020     N/A    0.001043  -25.08382  -25.08168  0.01468  -25.09849  -25.06914  1.00009  0.00046  0.00163  
7040     N/A    0.001548  -25.07112  -25.07407  0.01495  -25.08607  -25.05617  0.99988  0.00095  0.00214  
7060     N/A    0.001139  -25.08141  -25.07866  0.01478  -25.09619  -25.06662  1.00011  0.00055  0.00173  
7080     N/A    0.001483  -25.07275  -25.07235  0.01479  -25.08754  -25.05796  1.00002  0.00089  0.00207  
7100     N/A    0.001206  -25.07972  -25.08118  0.01462  -25.09434  -25.06510  0.99994  0.00062  0.00179  
7120     N/A    0.001181  -25.08034  -25.08424  0.01479  -25.09513  -25.06555  0.99984  0.00059  0.00177  
7140     N/A    0.001176  -25.08048  -25.07968  0.01481  -25.09529  -25.06567  1.00003  0.00059  0.00177  
7160     N/A    0.001377  -25.07543  -25.07981  0.01463  -25.09006  -25.06080  0.99983  0.00079  0.00196  
7180     N/A    0.001328  -25.07666  -25.06980  0.01437  -25.09103  -25.06228  1.00027  0.00076  0.00190  
7200     N/A    0.001516  -25.07193  -25.06478  0.01505  -25.08698  -25.05687  1.00029  0.00092  0.00212  
7220     N/A    0.001788  -25.06510  -25.06359  0.01447  -25.07957  -25.05064  1.00006  0.00121  0.00236  
7240     N/A    0.000889  -25.08768  -25.09249  0.01456  -25.10223  -25.07312  0.99981  0.00031  0.00147  
7260     N/A    0.001366  -25.07570  -25.07992  0.01473  -25.09043  -25.06097  0.99983  0.00078  0.00195  
7280     N/A    0.001593  -25.07000  -25.06699  0.01486  -25.08487  -25.05514  1.00012  0.00100  0.00218  
7300     N/A    0.001211  -25.07959  -25.08145  0.01498  -25.09456  -25.06461  0.99993  0.00061  0.00181  
7320     N/A    0.001310  -25.07711  -25.07786  0.01496  -25.09207  -25.06215  0.99997  0.00071  0.00191  
7340     N/A    0.001561  -25.07081  -25.06999  0.01495  -25.08576  -25.05586  1.00003  0.00097  0.00216  
7360     N/A    0.001122  -25.08182  -25.08205  0.01473  -25.09655  -25.06710  0.99999  0.00054  0.00171  
7380     N/A    0.001665  -25.06820  -25.07264  0.01479  -25.08299  -25.05341  0.99982  0.00108  0.00225  
7400     N/A    0.001548  -25.07113  -25.07092  0.01499  -25.08613  -25.05614  1.00001  0.00095  0.00215  
7420     N/A    0.001040  -25.08388  -25.08355  0.01441  -25.09828  -25.06947  1.00001  0.00047  0.00161  
7440     N/A    0.001296  -25.07746  -25.07926  0.01482  -25.09228  -25.06264  0.99993  0.00071  0.00189  
7460     N/A    0.001232  -25.07907  -25.06824  0.01449  -25.09356  -25.06458  1.00043  0.00065  0.00181  
7480     N/A    0.000929  -25.08668  -25.08885  0.01469  -25.10138  -25.07199  0.99991  0.00034  0.00151  
7500     N/A    0.000987  -25.08520  -25.08611  0.01502  -25.10023  -25.07018  0.99996  0.00039  0.00159  
7520     N/A    0.000950  -25.08614  -25.09234  0.01482  -25.10096  -25.07132  0.99975  0.00036  0.00154  
7540     N/A    0.001227  -25.07920  -25.07650  0.01444  -25.09363  -25.06476  1.00011  0.00065  0.00180  
7560     N/A    0.001205  -25.07974  -25.07960  0.01523  -25.09497  -25.06451  1.00001  0.00060  0.00181  
7580     N/A    0.001157  -25.08094  -25.07516  0.01496  -25.09590  -25.06599  1.00023  0.00056  0.00175  
7600     N/A    0.001523  -25.07175  -25.07573  0.01483  -25.08658  -25.05693  0.99984  0.00093  0.00211  
7620     N/A    0.001065  -25.08326  -25.08853  0.01466  -25.09792  -25.06860  0.99979  0.00048  0.00165  
7640     N/A    0.001165  -25.08075  -25.08065  0.01490  -25.09565  -25.06585  1.00000  0.00057  0.00176  
7660     N/A    0.001096  -25.08247  -25.08103  0.01512  -25.09759  -25.06736  1.00006  0.00049  0.00170  
7680     N/A    0.000852  -25.08860  -25.08845  0.01497  -25.10357  -25.07363  1.00001  0.00026  0.00145  
7700     N/A    0.001223  -25.07929  -25.07410  0.01523  -25.09452  -25.06406  1.00021  0.00062  0.00183  
7720     N/A    0.001510  -25.07210  -25.08068  0.01467  -25.08677  -25.05742  0.99966  0.00093  0.00209  
7740     N/A    0.000948  -25.08620  -25.08889  0.01483  -25.10102  -25.07137  0.99989  0.00036  0.00154  
7760     N/A    0.001720  -25.06682  -25.07984  0.01476  -25.08158  -25.05205  0.99948  0.00113  0.00231  
7780     N/A    0.000860  -25.08841  -25.08562  0.01499  -25.10340  -25.07342  1.00011  0.00026  0.00146  
7800     N/A    0.000965  -25.08578  -25.08364  0.01488  -25.10065  -25.07090  1.00009  0.00037  0.00156  
7820     N/A    0.001565  -25.07070  -25.07458  0.01472  -25.08542  -25.05598  0.99985  0.00098  0.00215  
7840     N/A    0.001209  -25.07964  -25.08380  0.01463  -25.09427  -25.06502  0.99983  0.00063  0.00179  
7860     N/A    0.000915  -25.08702  -25.08712  0.01508  -25.10210  -25.07194  1.00000  0.00031  0.00152  
7880     N/A    0.000896  -25.08751  -25.08315  0.01462  -25.10213  -25.07289  1.00017  0.00031  0.00148  
7900     N/A    0.001132  -25.08158  -25.07794  0.01472  -25.09630  -25.06687  1.00015  0.00055  0.00172  
7920     N/A    0.000991  -25.08512  -25.08621  0.01427  -25.09939  -25.07086  0.99996  0.00042  0.00156  
7940     N/A    0.001137  -25.08145  -25.07422  0.01505  -25.09650  -25.06640  1.00029  0.00054  0.00174  
7960     N/A    0.001532  -25.07154  -25.06640  0.01478  -25.08632  -25.05675  1.00021  0.00094  0.00212  
7980     N/A    0.001627  -25.06914  -25.06427  0.01445  -25.08359  -25.05469  1.00019  0.00105  0.00220  
8000     N/A    0.001252  -25.07855  -25.07364  0.01489  -25.09344  -25.06366  1.00020  0.00066  0.00185  
8020     N/A    0.001106  -25.08224  -25.08309  0.01520  -25.09744  -25.06703  0.99997  0.00050  0.00171  
8040     N/A    0.001253  -25.07853  -25.08912  0.01471  -25.09324  -25.06381  0.99958  0.00067  0.00184  
8060     N/A    0.000800  -25.08990  -25.07974  0.01479  -25.10469  -25.07511  1.00041  0.00021  0.00139  
8080     N/A    0.001564  -25.07074  -25.07216  0.01495  -25.08569  -25.05579  0.99994  0.00097  0.00216  
8100     N/A    0.001119  -25.08191  -25.07499  0.01501  -25.09693  -25.06690  1.00028  0.00052  0.00172  
8120     N/A    0.001374  -25.07550  -25.07369  0.01488  -25.09038  -25.06062  1.00007  0.00078  0.00197  
8140     N/A    0.001005  -25.08475  -25.08770  0.01493  -25.09968  -25.06982  0.99988  0.00041  0.00160  
8160     N/A    0.001097  -25.08246  -25.07755  0.01499  -25.09744  -25.06747  1.00020  0.00050  0.00169  
8180     N/A    0.001137  -25.08145  -25.07444  0.01488  -25.09633  -25.06657  1.00028  0.00054  0.00173  
8200     N/A    0.001238  -25.07890  -25.07346  0.01526  -25.09417  -25.06364  1.00022  0.00063  0.00185  
8220     N/A    0.001476  -25.07295  -25.07072  0.01512  -25.08807  -25.05783  1.00009  0.00087  0.00208  
8240     N/A    0.001588  -25.07012  -25.06112  0.01523  -25.08535  -25.05489  1.00036  0.00098  0.00219  
8260     N/A    0.001261  -25.07834  -25.08039  0.01514  -25.09347  -25.06320  0.99992  0.00066  0.00186  
8280     N/A    0.001303  -25.07729  -25.07252  0.01468  -25.09197  -25.06261  1.00019  0.00072  0.00189  
8300     N/A    0.000761  -25.09090  -25.08736  0.01498  -25.10588  -25.07592  1.00014  0.00016  0.00136  
8320     N/A    0.001169  -25.08065  -25.08407  0.01521  -25.09586  -25.06544  0.99986  0.00056  0.00177  
8340     N/A    0.001308  -25.07715  -25.07934  0.01504  -25.09219  -25.06211  0.99991  0.00071  0.00191  
