nh: 9
samples1: 100000
samples2: 5000
burn_in: 500
steps: 100
Exact H:-25.11
   Fidelity  ROE       Mean      Median    CI Width LL on CI  UL on CI  mmRatio  Min Err  Max Err
20     N/A    0.038111  -24.15303  -24.30179  0.08289  -24.23593  -24.07014  0.99388  0.03481  0.04141  
40     N/A    0.021796  -24.56270  -24.64834  0.06439  -24.62709  -24.49831  0.99653  0.01923  0.02436  
60     N/A    0.015490  -24.72106  -24.80942  0.05929  -24.78035  -24.66177  0.99644  0.01313  0.01785  
80     N/A    0.015144  -24.72974  -24.81406  0.05564  -24.78538  -24.67410  0.99660  0.01293  0.01736  
100     N/A    0.010898  -24.83636  -24.89493  0.05176  -24.88812  -24.78459  0.99765  0.00884  0.01296  
120     N/A    0.010174  -24.85453  -24.91949  0.04650  -24.90103  -24.80803  0.99739  0.00832  0.01203  
140     N/A    0.007762  -24.91509  -24.96226  0.04304  -24.95813  -24.87205  0.99811  0.00605  0.00948  
160     N/A    0.006071  -24.95756  -25.00523  0.03991  -24.99748  -24.91765  0.99809  0.00448  0.00766  
180     N/A    0.005874  -24.96252  -25.00849  0.03696  -24.99947  -24.92556  0.99816  0.00440  0.00735  
200     N/A    0.005521  -24.97137  -25.02198  0.03438  -25.00575  -24.93699  0.99798  0.00415  0.00689  
220     N/A    0.003812  -25.01427  -25.03224  0.03164  -25.04591  -24.98263  0.99928  0.00255  0.00507  
240     N/A    0.003678  -25.01764  -25.04745  0.02912  -25.04676  -24.98851  0.99881  0.00252  0.00484  
260     N/A    0.004030  -25.00880  -25.02298  0.02785  -25.03665  -24.98095  0.99943  0.00292  0.00514  
280     N/A    0.003688  -25.01739  -25.06030  0.02624  -25.04363  -24.99114  0.99829  0.00264  0.00473  
300     N/A    0.003197  -25.02971  -25.03785  0.02622  -25.05593  -25.00349  0.99967  0.00215  0.00424  
320     N/A    0.002412  -25.04942  -25.06465  0.02521  -25.07464  -25.02421  0.99939  0.00141  0.00342  
340     N/A    0.003908  -25.01187  -25.05588  0.02453  -25.03640  -24.98734  0.99824  0.00293  0.00488  
360     N/A    0.002763  -25.04062  -25.05502  0.02439  -25.06501  -25.01624  0.99943  0.00179  0.00373  
380     N/A    0.002997  -25.03473  -25.06527  0.02340  -25.05814  -25.01133  0.99878  0.00207  0.00393  
400     N/A    0.003317  -25.02670  -25.04042  0.02282  -25.04953  -25.00388  0.99945  0.00241  0.00423  
420     N/A    0.003041  -25.03365  -25.05555  0.02394  -25.05759  -25.00971  0.99913  0.00209  0.00399  
