nh: 10
samples1: 7500
samples2: 5000
burn_in: 500
steps: 100
Exact H:-25.11
   Fidelity  ROE       Mean      Median    CI Width LL on CI  UL on CI  mmRatio  Min Err  Max Err
20     N/A    0.191742  -20.29535  -20.38093  0.15477  -20.45012  -20.14058  0.99580  0.18558  0.19791  
40     N/A    0.160237  -21.08645  -21.23394  0.14535  -21.23180  -20.94110  0.99305  0.15445  0.16603  
60     N/A    0.125809  -21.95093  -22.06432  0.13446  -22.08539  -21.81647  0.99486  0.12045  0.13116  
80     N/A    0.101323  -22.56577  -22.70814  0.12712  -22.69289  -22.43865  0.99373  0.09626  0.10639  
100     N/A    0.087819  -22.90485  -23.05899  0.11664  -23.02149  -22.78822  0.99332  0.08317  0.09246  
120     N/A    0.077884  -23.15433  -23.32868  0.11247  -23.26680  -23.04187  0.99253  0.07340  0.08236  
140     N/A    0.069328  -23.36918  -23.56965  0.10648  -23.47565  -23.26270  0.99149  0.06509  0.07357  
160     N/A    0.062240  -23.54715  -23.75075  0.10207  -23.64922  -23.44507  0.99143  0.05818  0.06631  
180     N/A    0.054122  -23.75101  -23.91896  0.09703  -23.84804  -23.65398  0.99298  0.05026  0.05799  
200     N/A    0.048296  -23.89728  -24.03668  0.09107  -23.98834  -23.80621  0.99420  0.04467  0.05192  
220     N/A    0.045839  -23.95897  -24.20289  0.08916  -24.04813  -23.86981  0.98992  0.04229  0.04939  
240     N/A    0.039576  -24.11624  -24.31306  0.08566  -24.20190  -24.03058  0.99190  0.03616  0.04299  
260     N/A    0.037824  -24.16024  -24.30721  0.08314  -24.24339  -24.07710  0.99395  0.03451  0.04113  
280     N/A    0.036298  -24.19857  -24.38913  0.08167  -24.28024  -24.11689  0.99219  0.03304  0.03955  
300     N/A    0.032771  -24.28711  -24.46900  0.07892  -24.36603  -24.20820  0.99257  0.02963  0.03591  
320     N/A    0.033498  -24.26886  -24.44160  0.07646  -24.34532  -24.19240  0.99293  0.03045  0.03654  
340     N/A    0.032472  -24.29464  -24.47834  0.07498  -24.36962  -24.21966  0.99250  0.02949  0.03546  
360     N/A    0.028925  -24.38369  -24.52547  0.07228  -24.45597  -24.31141  0.99422  0.02605  0.03180  
380     N/A    0.028829  -24.38610  -24.56802  0.07357  -24.45967  -24.31253  0.99260  0.02590  0.03176  
400     N/A    0.026269  -24.45040  -24.62073  0.07253  -24.52293  -24.37787  0.99308  0.02338  0.02916  
420     N/A    0.026840  -24.43604  -24.64129  0.07165  -24.50769  -24.36438  0.99167  0.02399  0.02969  
440     N/A    0.024819  -24.48680  -24.62460  0.06947  -24.55627  -24.41733  0.99440  0.02205  0.02759  
460     N/A    0.023591  -24.51764  -24.66992  0.06840  -24.58604  -24.44924  0.99383  0.02087  0.02631  
480     N/A    0.025406  -24.47205  -24.62867  0.06671  -24.53876  -24.40534  0.99364  0.02275  0.02806  
500     N/A    0.021682  -24.56557  -24.72861  0.06593  -24.63150  -24.49964  0.99341  0.01906  0.02431  
520     N/A    0.022112  -24.55477  -24.69315  0.06416  -24.61893  -24.49061  0.99440  0.01956  0.02467  
540     N/A    0.021803  -24.56252  -24.70430  0.06341  -24.62593  -24.49910  0.99426  0.01928  0.02433  
560     N/A    0.019173  -24.62857  -24.76738  0.06263  -24.69120  -24.56594  0.99440  0.01668  0.02167  
580     N/A    0.020260  -24.60127  -24.75245  0.06340  -24.66466  -24.53787  0.99389  0.01774  0.02278  
600     N/A    0.016987  -24.68346  -24.84550  0.06065  -24.74411  -24.62280  0.99348  0.01457  0.01940  
620     N/A    0.019109  -24.63016  -24.76572  0.05841  -24.68857  -24.57175  0.99453  0.01678  0.02144  
640     N/A    0.018730  -24.63970  -24.80206  0.05890  -24.69859  -24.58080  0.99345  0.01638  0.02108  
660     N/A    0.017813  -24.66273  -24.79384  0.05797  -24.72070  -24.60476  0.99471  0.01550  0.02012  
680     N/A    0.016415  -24.69782  -24.83162  0.05757  -24.75539  -24.64026  0.99461  0.01412  0.01871  
700     N/A    0.016452  -24.69688  -24.83784  0.05683  -24.75371  -24.64005  0.99432  0.01419  0.01872  
720     N/A    0.015982  -24.70869  -24.86394  0.05640  -24.76510  -24.65229  0.99376  0.01374  0.01823  
740     N/A    0.015213  -24.72801  -24.87642  0.05461  -24.78262  -24.67340  0.99403  0.01304  0.01739  
760     N/A    0.014068  -24.75674  -24.90705  0.05489  -24.81163  -24.70185  0.99397  0.01188  0.01625  
780     N/A    0.014206  -24.75328  -24.88678  0.05341  -24.80669  -24.69987  0.99464  0.01208  0.01633  
800     N/A    0.014711  -24.74060  -24.89512  0.05353  -24.79413  -24.68708  0.99379  0.01258  0.01684  
820     N/A    0.012792  -24.78879  -24.90432  0.05200  -24.84079  -24.73679  0.99536  0.01072  0.01486  
840     N/A    0.013954  -24.75962  -24.88602  0.05239  -24.81201  -24.70722  0.99492  0.01187  0.01604  
860     N/A    0.014507  -24.74572  -24.91948  0.05291  -24.79863  -24.69281  0.99303  0.01240  0.01661  
880     N/A    0.013498  -24.77106  -24.90656  0.05273  -24.82380  -24.71833  0.99456  0.01140  0.01560  
900     N/A    0.013646  -24.76735  -24.91476  0.05093  -24.81828  -24.71642  0.99408  0.01162  0.01567  
920     N/A    0.012505  -24.79601  -24.95799  0.05109  -24.84710  -24.74492  0.99351  0.01047  0.01454  
940     N/A    0.011825  -24.81306  -24.97762  0.05069  -24.86375  -24.76237  0.99341  0.00981  0.01384  
960     N/A    0.012595  -24.79375  -24.97623  0.05032  -24.84407  -24.74342  0.99269  0.01059  0.01460  
980     N/A    0.012105  -24.80603  -24.98531  0.04892  -24.85495  -24.75711  0.99282  0.01016  0.01405  
1000     N/A    0.012565  -24.79449  -24.94124  0.04971  -24.84420  -24.74478  0.99412  0.01059  0.01454  
1020     N/A    0.012395  -24.79877  -24.95957  0.04979  -24.84856  -24.74897  0.99356  0.01041  0.01438  
1040     N/A    0.011387  -24.82407  -24.96368  0.04911  -24.87318  -24.77495  0.99441  0.00943  0.01334  
1060     N/A    0.011612  -24.81841  -24.96148  0.04968  -24.86810  -24.76873  0.99427  0.00963  0.01359  
1080     N/A    0.010634  -24.84298  -24.99446  0.04860  -24.89158  -24.79439  0.99394  0.00870  0.01257  
1100     N/A    0.010938  -24.83534  -24.96370  0.04893  -24.88428  -24.78641  0.99486  0.00899  0.01289  
1120     N/A    0.009990  -24.85916  -24.98612  0.04773  -24.90689  -24.81143  0.99492  0.00809  0.01189  
1140     N/A    0.010945  -24.83517  -24.99978  0.04709  -24.88226  -24.78809  0.99342  0.00907  0.01282  
1160     N/A    0.011933  -24.81035  -24.97775  0.04726  -24.85761  -24.76309  0.99330  0.01005  0.01382  
1180     N/A    0.009472  -24.87215  -24.99933  0.04648  -24.91864  -24.82567  0.99491  0.00762  0.01132  
1200     N/A    0.010176  -24.85447  -25.00452  0.04615  -24.90062  -24.80832  0.99400  0.00834  0.01201  
1220     N/A    0.009859  -24.86244  -25.02462  0.04648  -24.90892  -24.81597  0.99352  0.00801  0.01171  
1240     N/A    0.010356  -24.84995  -24.99710  0.04598  -24.89593  -24.80398  0.99411  0.00853  0.01219  
1260     N/A    0.009621  -24.86842  -25.03186  0.04792  -24.91633  -24.82050  0.99347  0.00771  0.01153  
1280     N/A    0.011369  -24.82451  -24.97443  0.04747  -24.87198  -24.77704  0.99400  0.00948  0.01326  
1300     N/A    0.009417  -24.87353  -25.02136  0.04614  -24.91967  -24.82739  0.99409  0.00758  0.01126  
1320     N/A    0.009516  -24.87104  -25.03237  0.04569  -24.91674  -24.82535  0.99356  0.00770  0.01134  
1340     N/A    0.010175  -24.85451  -24.98817  0.04507  -24.89958  -24.80945  0.99465  0.00838  0.01197  
1360     N/A    0.010073  -24.85707  -25.00912  0.04448  -24.90155  -24.81259  0.99392  0.00830  0.01184  
1380     N/A    0.010962  -24.83475  -24.96852  0.04560  -24.88035  -24.78915  0.99464  0.00915  0.01278  
1400     N/A    0.010632  -24.84303  -25.01458  0.04434  -24.88737  -24.79869  0.99314  0.00887  0.01240  
1420     N/A    0.009356  -24.87507  -25.03508  0.04464  -24.91970  -24.83043  0.99361  0.00758  0.01113  
1440     N/A    0.010267  -24.85219  -25.00078  0.04438  -24.89657  -24.80781  0.99406  0.00850  0.01203  
1460     N/A    0.008832  -24.88823  -25.04895  0.04456  -24.93278  -24.84367  0.99358  0.00706  0.01061  
1480     N/A    0.009073  -24.88218  -25.04063  0.04431  -24.92649  -24.83788  0.99367  0.00731  0.01084  
1500     N/A    0.007820  -24.91365  -25.07220  0.04382  -24.95747  -24.86983  0.99368  0.00607  0.00956  
1520     N/A    0.008252  -24.90279  -25.02800  0.04253  -24.94532  -24.86027  0.99500  0.00656  0.00995  
1540     N/A    0.009462  -24.87242  -25.01737  0.04392  -24.91634  -24.82849  0.99421  0.00771  0.01121  
1560     N/A    0.008121  -24.90607  -25.02083  0.04221  -24.94828  -24.86386  0.99541  0.00644  0.00980  
1580     N/A    0.008245  -24.90298  -25.03805  0.04306  -24.94603  -24.85992  0.99461  0.00653  0.00996  
1600     N/A    0.009069  -24.88227  -25.02596  0.04166  -24.92393  -24.84061  0.99426  0.00741  0.01073  
1620     N/A    0.009044  -24.88290  -25.02599  0.04179  -24.92469  -24.84111  0.99428  0.00738  0.01071  
1640     N/A    0.008976  -24.88462  -25.02078  0.04250  -24.92712  -24.84212  0.99456  0.00728  0.01067  
1660     N/A    0.007924  -24.91104  -25.01304  0.04265  -24.95369  -24.86839  0.99592  0.00622  0.00962  
1680     N/A    0.007536  -24.92077  -24.99957  0.04146  -24.96223  -24.87931  0.99685  0.00589  0.00919  
1700     N/A    0.008024  -24.90851  -25.05822  0.04010  -24.94861  -24.86842  0.99403  0.00643  0.00962  
1720     N/A    0.007054  -24.93287  -25.02084  0.04114  -24.97401  -24.89173  0.99648  0.00542  0.00869  
1740     N/A    0.008783  -24.88947  -25.01629  0.04081  -24.93027  -24.84866  0.99493  0.00716  0.01041  
1760     N/A    0.007690  -24.91691  -25.00557  0.04034  -24.95725  -24.87657  0.99645  0.00608  0.00930  
1780     N/A    0.008045  -24.90800  -24.99374  0.04079  -24.94878  -24.86721  0.99657  0.00642  0.00967  
1800     N/A    0.006816  -24.93885  -25.01877  0.04064  -24.97949  -24.89820  0.99681  0.00520  0.00843  
1820     N/A    0.007809  -24.91391  -25.01465  0.04019  -24.95410  -24.87372  0.99597  0.00621  0.00941  
1840     N/A    0.006690  -24.94203  -25.02300  0.03888  -24.98090  -24.90315  0.99676  0.00514  0.00824  
1860     N/A    0.006282  -24.95226  -25.04829  0.03971  -24.99197  -24.91255  0.99617  0.00470  0.00786  
1880     N/A    0.007937  -24.91070  -25.02202  0.03943  -24.95013  -24.87127  0.99555  0.00637  0.00951  
1900     N/A    0.007212  -24.92892  -25.01703  0.04018  -24.96910  -24.88873  0.99648  0.00561  0.00881  
1920     N/A    0.006694  -24.94192  -25.01876  0.03959  -24.98151  -24.90233  0.99693  0.00512  0.00827  
1940     N/A    0.007038  -24.93328  -25.03030  0.04021  -24.97349  -24.89308  0.99612  0.00544  0.00864  
1960     N/A    0.006539  -24.94580  -25.02550  0.03824  -24.98404  -24.90756  0.99682  0.00502  0.00806  
1980     N/A    0.006918  -24.93629  -25.02068  0.03932  -24.97561  -24.89697  0.99663  0.00535  0.00848  
2000     N/A    0.006962  -24.93519  -25.01740  0.03862  -24.97381  -24.89657  0.99671  0.00542  0.00850  
2020     N/A    0.006565  -24.94514  -25.01227  0.03857  -24.98371  -24.90658  0.99732  0.00503  0.00810  
2040     N/A    0.006827  -24.93857  -25.00485  0.03793  -24.97650  -24.90064  0.99735  0.00532  0.00834  
2060     N/A    0.007138  -24.93076  -25.00260  0.03773  -24.96849  -24.89303  0.99713  0.00564  0.00864  
2080     N/A    0.005685  -24.96726  -25.04135  0.03791  -25.00516  -24.92935  0.99704  0.00418  0.00719  
2100     N/A    0.006946  -24.93559  -25.03001  0.03804  -24.97363  -24.89755  0.99623  0.00543  0.00846  
2120     N/A    0.007374  -24.92484  -24.97203  0.03743  -24.96227  -24.88741  0.99811  0.00588  0.00886  
2140     N/A    0.006886  -24.93710  -25.00561  0.03759  -24.97470  -24.89951  0.99726  0.00539  0.00838  
2160     N/A    0.006186  -24.95466  -25.01591  0.03796  -24.99262  -24.91670  0.99755  0.00467  0.00770  
2180     N/A    0.006521  -24.94627  -25.01606  0.03658  -24.98284  -24.90969  0.99721  0.00506  0.00798  
2200     N/A    0.005655  -24.96800  -25.02934  0.03655  -25.00455  -24.93145  0.99755  0.00420  0.00711  
2220     N/A    0.006043  -24.95827  -25.02640  0.03714  -24.99541  -24.92113  0.99728  0.00456  0.00752  
2240     N/A    0.005931  -24.96107  -25.02081  0.03597  -24.99704  -24.92510  0.99761  0.00450  0.00736  
2260     N/A    0.005149  -24.98071  -25.02303  0.03619  -25.01689  -24.94452  0.99831  0.00371  0.00659  
2280     N/A    0.005303  -24.97685  -25.02381  0.03671  -25.01356  -24.94014  0.99812  0.00384  0.00676  
2300     N/A    0.006458  -24.94783  -25.00465  0.03482  -24.98265  -24.91301  0.99773  0.00507  0.00784  
2320     N/A    0.006468  -24.94758  -25.00997  0.03582  -24.98340  -24.91176  0.99751  0.00504  0.00789  
2340     N/A    0.006253  -24.95300  -25.01446  0.03645  -24.98945  -24.91655  0.99754  0.00480  0.00770  
2360     N/A    0.006317  -24.95138  -24.99942  0.03485  -24.98623  -24.91653  0.99808  0.00493  0.00770  
2380     N/A    0.005864  -24.96274  -25.02022  0.03657  -24.99932  -24.92617  0.99770  0.00441  0.00732  
2400     N/A    0.006572  -24.94499  -25.01279  0.03502  -24.98001  -24.90997  0.99729  0.00518  0.00797  
2420     N/A    0.006745  -24.94063  -25.02733  0.03609  -24.97671  -24.90454  0.99654  0.00531  0.00818  
2440     N/A    0.004893  -24.98713  -25.02429  0.03480  -25.02194  -24.95233  0.99851  0.00351  0.00628  
2460     N/A    0.005733  -24.96604  -25.01793  0.03464  -25.00069  -24.93140  0.99793  0.00435  0.00711  
2480     N/A    0.005082  -24.98238  -25.03061  0.03489  -25.01727  -24.94749  0.99807  0.00369  0.00647  
2500     N/A    0.005592  -24.96959  -25.01115  0.03420  -25.00380  -24.93539  0.99834  0.00423  0.00695  
2520     N/A    0.006287  -24.95213  -24.98798  0.03490  -24.98702  -24.91723  0.99857  0.00490  0.00768  
2540     N/A    0.005148  -24.98074  -25.02080  0.03412  -25.01486  -24.94662  0.99840  0.00379  0.00651  
2560     N/A    0.004638  -24.99353  -25.03196  0.03299  -25.02652  -24.96054  0.99846  0.00332  0.00595  
2580     N/A    0.005057  -24.98301  -25.01295  0.03285  -25.01585  -24.95016  0.99880  0.00375  0.00637  
2600     N/A    0.005442  -24.97336  -25.00852  0.03402  -25.00738  -24.93933  0.99859  0.00409  0.00680  
2620     N/A    0.004966  -24.98531  -25.04159  0.03190  -25.01721  -24.95340  0.99775  0.00370  0.00624  
2640     N/A    0.005264  -24.97782  -25.01060  0.03343  -25.01125  -24.94439  0.99869  0.00393  0.00660  
2660     N/A    0.004844  -24.98838  -25.01974  0.03283  -25.02121  -24.95555  0.99875  0.00354  0.00615  
2680     N/A    0.005801  -24.96434  -25.00776  0.03335  -24.99769  -24.93099  0.99826  0.00447  0.00713  
2700     N/A    0.004399  -24.99955  -25.04060  0.03372  -25.03327  -24.96582  0.99836  0.00306  0.00574  
2720     N/A    0.004958  -24.98550  -25.03778  0.03237  -25.01786  -24.95313  0.99791  0.00367  0.00625  
2740     N/A    0.005011  -24.98418  -25.02436  0.03189  -25.01607  -24.95229  0.99839  0.00374  0.00628  
2760     N/A    0.005065  -24.98283  -25.02333  0.03166  -25.01449  -24.95117  0.99838  0.00380  0.00633  
2780     N/A    0.003737  -25.01616  -25.01400  0.03260  -25.04876  -24.98356  1.00009  0.00244  0.00504  
2800     N/A    0.004497  -24.99708  -25.01350  0.03176  -25.02884  -24.96533  0.99934  0.00323  0.00576  
2820     N/A    0.004439  -24.99854  -25.00899  0.03274  -25.03128  -24.96580  0.99958  0.00314  0.00574  
2840     N/A    0.005481  -24.97237  -25.00758  0.03168  -25.00405  -24.94069  0.99859  0.00422  0.00674  
2860     N/A    0.004720  -24.99148  -25.00085  0.03180  -25.02328  -24.95968  0.99963  0.00345  0.00599  
2880     N/A    0.004323  -25.00144  -25.02455  0.03168  -25.03312  -24.96976  0.99908  0.00306  0.00559  
2900     N/A    0.004241  -25.00350  -25.01869  0.03057  -25.03407  -24.97293  0.99939  0.00302  0.00546  
2920     N/A    0.004264  -25.00294  -25.02491  0.03125  -25.03419  -24.97169  0.99912  0.00302  0.00551  
2940     N/A    0.004860  -24.98797  -25.01653  0.03050  -25.01847  -24.95748  0.99886  0.00365  0.00607  
2960     N/A    0.004194  -25.00469  -25.03792  0.03098  -25.03567  -24.97372  0.99867  0.00296  0.00543  
2980     N/A    0.004833  -24.98866  -25.01480  0.02992  -25.01857  -24.95874  0.99895  0.00364  0.00602  
3000     N/A    0.003033  -25.03385  -25.03445  0.02905  -25.06290  -25.00480  0.99998  0.00188  0.00419  
3020     N/A    0.003811  -25.01430  -25.02428  0.02993  -25.04423  -24.98437  0.99960  0.00262  0.00500  
3040     N/A    0.003724  -25.01650  -25.02719  0.02989  -25.04639  -24.98661  0.99957  0.00253  0.00491  
3060     N/A    0.003953  -25.01075  -25.03691  0.02945  -25.04020  -24.98130  0.99896  0.00278  0.00513  
3080     N/A    0.003737  -25.01617  -25.01501  0.03027  -25.04643  -24.98590  1.00005  0.00253  0.00494  
3100     N/A    0.004376  -25.00013  -25.01671  0.02986  -25.02999  -24.97027  0.99934  0.00319  0.00556  
3120     N/A    0.004022  -25.00901  -25.02821  0.02953  -25.03854  -24.97949  0.99923  0.00285  0.00520  
3140     N/A    0.004640  -24.99348  -25.01764  0.02897  -25.02245  -24.96452  0.99903  0.00349  0.00579  
3160     N/A    0.003287  -25.02747  -25.02977  0.02896  -25.05644  -24.99851  0.99991  0.00213  0.00444  
3180     N/A    0.004038  -25.00861  -25.03409  0.02882  -25.03743  -24.97979  0.99898  0.00289  0.00519  
3200     N/A    0.004496  -24.99712  -25.00696  0.02839  -25.02551  -24.96872  0.99961  0.00336  0.00563  
3220     N/A    0.003218  -25.02919  -25.04205  0.02884  -25.05803  -25.00034  0.99949  0.00207  0.00437  
3240     N/A    0.004010  -25.00932  -25.02272  0.02848  -25.03781  -24.98084  0.99946  0.00288  0.00514  
3260     N/A    0.003153  -25.03084  -25.03421  0.02815  -25.05898  -25.00269  0.99987  0.00203  0.00427  
3280     N/A    0.004319  -25.00155  -25.03066  0.02826  -25.02982  -24.97329  0.99884  0.00319  0.00544  
3300     N/A    0.003439  -25.02365  -25.02661  0.02813  -25.05178  -24.99553  0.99988  0.00232  0.00456  
3320     N/A    0.004652  -24.99318  -25.02748  0.02829  -25.02146  -24.96489  0.99863  0.00353  0.00578  
3340     N/A    0.004170  -25.00529  -25.00961  0.02761  -25.03290  -24.97768  0.99983  0.00307  0.00527  
3360     N/A    0.004527  -24.99633  -25.02559  0.02759  -25.02392  -24.96874  0.99883  0.00343  0.00563  
3380     N/A    0.003440  -25.02363  -25.03613  0.02771  -25.05135  -24.99592  0.99950  0.00234  0.00454  
3400     N/A    0.003378  -25.02518  -25.02323  0.02721  -25.05239  -24.99797  1.00008  0.00229  0.00446  
3420     N/A    0.003189  -25.02994  -25.02866  0.02692  -25.05686  -25.00301  1.00005  0.00212  0.00426  
3440     N/A    0.003366  -25.02549  -25.03112  0.02717  -25.05266  -24.99832  0.99978  0.00228  0.00445  
3460     N/A    0.003118  -25.03171  -25.03437  0.02705  -25.05877  -25.00466  0.99989  0.00204  0.00419  
3480     N/A    0.002788  -25.03999  -25.05302  0.02702  -25.06701  -25.01296  0.99948  0.00171  0.00386  
3500     N/A    0.003074  -25.03280  -25.04369  0.02645  -25.05926  -25.00635  0.99957  0.00202  0.00413  
3520     N/A    0.003833  -25.01375  -25.03347  0.02669  -25.04044  -24.98706  0.99921  0.00277  0.00490  
3540     N/A    0.003134  -25.03131  -25.02201  0.02641  -25.05771  -25.00490  1.00037  0.00208  0.00419  
3560     N/A    0.003461  -25.02309  -25.03338  0.02644  -25.04953  -24.99665  0.99959  0.00241  0.00451  
3580     N/A    0.003457  -25.02320  -25.04342  0.02611  -25.04931  -24.99710  0.99919  0.00242  0.00450  
3600     N/A    0.003356  -25.02573  -25.02720  0.02708  -25.05281  -24.99866  0.99994  0.00228  0.00443  
3620     N/A    0.003189  -25.02993  -25.03373  0.02619  -25.05612  -25.00374  0.99985  0.00215  0.00423  
3640     N/A    0.003381  -25.02509  -25.03399  0.02622  -25.05131  -24.99888  0.99964  0.00234  0.00443  
3660     N/A    0.003219  -25.02916  -25.04431  0.02603  -25.05519  -25.00313  0.99940  0.00218  0.00426  
3680     N/A    0.003447  -25.02345  -25.02969  0.02625  -25.04970  -24.99719  0.99975  0.00240  0.00449  
3700     N/A    0.003202  -25.02961  -25.03678  0.02611  -25.05572  -25.00349  0.99971  0.00216  0.00424  
3720     N/A    0.003568  -25.02041  -25.01965  0.02545  -25.04586  -24.99495  1.00003  0.00255  0.00458  
3740     N/A    0.003243  -25.02857  -25.03366  0.02469  -25.05326  -25.00389  0.99980  0.00226  0.00423  
3760     N/A    0.003757  -25.01567  -25.02250  0.02625  -25.04191  -24.98942  0.99973  0.00271  0.00480  
3780     N/A    0.002429  -25.04902  -25.05011  0.02608  -25.07510  -25.02294  0.99996  0.00139  0.00347  
3800     N/A    0.002706  -25.04205  -25.04336  0.02494  -25.06699  -25.01711  0.99995  0.00171  0.00370  
3820     N/A    0.003061  -25.03314  -25.03675  0.02457  -25.05770  -25.00857  0.99986  0.00208  0.00404  
3840     N/A    0.003225  -25.02903  -25.02847  0.02464  -25.05367  -25.00439  1.00002  0.00224  0.00421  
3860     N/A    0.003145  -25.03103  -25.02686  0.02494  -25.05597  -25.00609  1.00017  0.00215  0.00414  
3880     N/A    0.003600  -25.01959  -25.02437  0.02489  -25.04449  -24.99470  0.99981  0.00261  0.00459  
3900     N/A    0.002511  -25.04695  -25.02639  0.02468  -25.07163  -25.02226  1.00082  0.00153  0.00349  
3920     N/A    0.003030  -25.03393  -25.03083  0.02515  -25.05908  -25.00877  1.00012  0.00203  0.00403  
3940     N/A    0.003021  -25.03414  -25.04330  0.02453  -25.05868  -25.00961  0.99963  0.00204  0.00400  
3960     N/A    0.003353  -25.02580  -25.03025  0.02502  -25.05082  -25.00078  0.99982  0.00236  0.00435  
3980     N/A    0.003248  -25.02844  -25.02595  0.02468  -25.05312  -25.00376  1.00010  0.00227  0.00423  
4000     N/A    0.002595  -25.04483  -25.03986  0.02353  -25.06836  -25.02131  1.00020  0.00166  0.00353  
4020     N/A    0.003076  -25.03276  -25.03395  0.02418  -25.05694  -25.00858  0.99995  0.00211  0.00404  
4040     N/A    0.002470  -25.04797  -25.03214  0.02393  -25.07190  -25.02404  1.00063  0.00152  0.00342  
4060     N/A    0.003000  -25.03467  -25.04716  0.02392  -25.05858  -25.01075  0.99950  0.00205  0.00395  
4080     N/A    0.002264  -25.05314  -25.04277  0.02412  -25.07726  -25.02903  1.00041  0.00130  0.00322  
4100     N/A    0.002837  -25.03875  -25.04569  0.02385  -25.06260  -25.01490  0.99972  0.00189  0.00379  
4120     N/A    0.002213  -25.05444  -25.04760  0.02428  -25.07871  -25.03016  1.00027  0.00125  0.00318  
4140     N/A    0.002726  -25.04156  -25.04667  0.02368  -25.06523  -25.01788  0.99980  0.00178  0.00367  
4160     N/A    0.002978  -25.03523  -25.02997  0.02399  -25.05921  -25.01124  1.00021  0.00202  0.00393  
4180     N/A    0.002300  -25.05224  -25.03992  0.02334  -25.07558  -25.02889  1.00049  0.00137  0.00323  
4200     N/A    0.002749  -25.04097  -25.05108  0.02333  -25.06429  -25.01764  0.99960  0.00182  0.00368  
4220     N/A    0.002142  -25.05621  -25.05049  0.02352  -25.07973  -25.03268  1.00023  0.00121  0.00308  
4240     N/A    0.002749  -25.04096  -25.04442  0.02343  -25.06439  -25.01753  0.99986  0.00182  0.00368  
4260     N/A    0.003019  -25.03418  -25.02633  0.02346  -25.05765  -25.01072  1.00031  0.00208  0.00395  
4280     N/A    0.002578  -25.04526  -25.04343  0.02365  -25.06890  -25.02161  1.00007  0.00164  0.00352  
4300     N/A    0.001728  -25.06660  -25.04871  0.02266  -25.08926  -25.04394  1.00071  0.00083  0.00263  
4320     N/A    0.003455  -25.02324  -25.02440  0.02321  -25.04646  -25.00003  0.99995  0.00253  0.00438  
4340     N/A    0.002749  -25.04097  -25.04910  0.02391  -25.06488  -25.01706  0.99968  0.00180  0.00370  
4360     N/A    0.001913  -25.06198  -25.05127  0.02354  -25.08551  -25.03844  1.00043  0.00098  0.00285  
4380     N/A    0.002735  -25.04132  -25.03556  0.02326  -25.06458  -25.01806  1.00023  0.00181  0.00366  
4400     N/A    0.002509  -25.04700  -25.04109  0.02336  -25.07036  -25.02364  1.00024  0.00158  0.00344  
4420     N/A    0.002506  -25.04708  -25.05157  0.02349  -25.07058  -25.02359  0.99982  0.00157  0.00344  
4440     N/A    0.002867  -25.03802  -25.05201  0.02364  -25.06166  -25.01438  0.99944  0.00193  0.00381  
4460     N/A    0.002593  -25.04488  -25.02699  0.02312  -25.06800  -25.02176  1.00071  0.00167  0.00351  
4480     N/A    0.002309  -25.05202  -25.04395  0.02302  -25.07505  -25.02900  1.00032  0.00139  0.00323  
4500     N/A    0.002832  -25.03888  -25.03772  0.02247  -25.06135  -25.01640  1.00005  0.00194  0.00373  
4520     N/A    0.002729  -25.04147  -25.04357  0.02323  -25.06470  -25.01824  0.99992  0.00180  0.00365  
4540     N/A    0.002864  -25.03808  -25.04735  0.02312  -25.06121  -25.01496  0.99963  0.00194  0.00378  
4560     N/A    0.002839  -25.03872  -25.03325  0.02291  -25.06163  -25.01581  1.00022  0.00193  0.00375  
4580     N/A    0.002044  -25.05868  -25.06324  0.02252  -25.08119  -25.03616  0.99982  0.00115  0.00294  
4600     N/A    0.002984  -25.03508  -25.03907  0.02278  -25.05786  -25.01230  0.99984  0.00208  0.00389  
4620     N/A    0.002510  -25.04698  -25.03927  0.02228  -25.06926  -25.02470  1.00031  0.00162  0.00340  
4640     N/A    0.001979  -25.06030  -25.05302  0.02254  -25.08284  -25.03776  1.00029  0.00108  0.00288  
4660     N/A    0.002865  -25.03807  -25.04671  0.02281  -25.06087  -25.01526  0.99965  0.00196  0.00377  
4680     N/A    0.002948  -25.03598  -25.03661  0.02286  -25.05884  -25.01313  0.99997  0.00204  0.00386  
4700     N/A    0.002296  -25.05234  -25.04269  0.02215  -25.07449  -25.03019  1.00039  0.00141  0.00318  
4720     N/A    0.002669  -25.04299  -25.05084  0.02257  -25.06556  -25.02042  0.99969  0.00177  0.00357  
4740     N/A    0.002155  -25.05590  -25.05970  0.02191  -25.07781  -25.03398  0.99985  0.00128  0.00303  
4760     N/A    0.002457  -25.04830  -25.04119  0.02190  -25.07020  -25.02639  1.00028  0.00159  0.00333  
4780     N/A    0.002268  -25.05305  -25.04887  0.02160  -25.07465  -25.03145  1.00017  0.00141  0.00313  
4800     N/A    0.002374  -25.05038  -25.05742  0.02198  -25.07236  -25.02841  0.99972  0.00150  0.00325  
4820     N/A    0.002588  -25.04500  -25.03239  0.02241  -25.06741  -25.02259  1.00050  0.00170  0.00348  
4840     N/A    0.002145  -25.05614  -25.05465  0.02219  -25.07833  -25.03394  1.00006  0.00126  0.00303  
4860     N/A    0.002237  -25.05382  -25.07052  0.02255  -25.07638  -25.03127  0.99933  0.00134  0.00314  
4880     N/A    0.002532  -25.04641  -25.04055  0.02228  -25.06870  -25.02413  1.00023  0.00164  0.00342  
4900     N/A    0.002458  -25.04828  -25.04454  0.02191  -25.07019  -25.02638  1.00015  0.00159  0.00333  
4920     N/A    0.002462  -25.04818  -25.05054  0.02178  -25.06996  -25.02641  0.99991  0.00159  0.00333  
4940     N/A    0.001742  -25.06625  -25.05718  0.02214  -25.08839  -25.04411  1.00036  0.00086  0.00262  
4960     N/A    0.002699  -25.04223  -25.04291  0.02140  -25.06363  -25.02083  0.99997  0.00185  0.00355  
4980     N/A    0.002538  -25.04627  -25.04791  0.02193  -25.06821  -25.02434  0.99993  0.00166  0.00341  
5000     N/A    0.001759  -25.06583  -25.05107  0.02142  -25.08726  -25.04441  1.00059  0.00091  0.00261  
5020     N/A    0.002002  -25.05973  -25.07129  0.02180  -25.08152  -25.03793  0.99954  0.00113  0.00287  
5040     N/A    0.002182  -25.05520  -25.05859  0.02165  -25.07685  -25.03356  0.99986  0.00132  0.00304  
5060     N/A    0.002273  -25.05292  -25.04997  0.02207  -25.07499  -25.03085  1.00012  0.00139  0.00315  
5080     N/A    0.002774  -25.04033  -25.05027  0.02242  -25.06275  -25.01791  0.99960  0.00188  0.00367  
5100     N/A    0.001994  -25.05993  -25.05362  0.02215  -25.08209  -25.03778  1.00025  0.00111  0.00288  
5120     N/A    0.002525  -25.04660  -25.04354  0.02194  -25.06854  -25.02467  1.00012  0.00165  0.00340  
5140     N/A    0.001753  -25.06599  -25.06955  0.02190  -25.08788  -25.04409  0.99986  0.00088  0.00262  
5160     N/A    0.002618  -25.04427  -25.03753  0.02151  -25.06578  -25.02276  1.00027  0.00176  0.00347  
5180     N/A    0.001750  -25.06606  -25.06007  0.02125  -25.08731  -25.04482  1.00024  0.00090  0.00260  
5200     N/A    0.002604  -25.04461  -25.04957  0.02139  -25.06600  -25.02322  0.99980  0.00175  0.00346  
5220     N/A    0.002344  -25.05113  -25.05562  0.02155  -25.07268  -25.02959  0.99982  0.00149  0.00320  
5240     N/A    0.002328  -25.05154  -25.04114  0.02163  -25.07317  -25.02991  1.00042  0.00147  0.00319  
5260     N/A    0.002528  -25.04651  -25.05343  0.02143  -25.06795  -25.02508  0.99972  0.00167  0.00338  
5280     N/A    0.001966  -25.06065  -25.06903  0.02131  -25.08195  -25.03934  0.99967  0.00112  0.00281  
5300     N/A    0.002226  -25.05410  -25.03635  0.02139  -25.07549  -25.03272  1.00071  0.00137  0.00308  
5320     N/A    0.002181  -25.05522  -25.04596  0.02125  -25.07648  -25.03397  1.00037  0.00134  0.00303  
5340     N/A    0.002176  -25.05536  -25.05581  0.02098  -25.07634  -25.03438  0.99998  0.00134  0.00301  
5360     N/A    0.002739  -25.04123  -25.04955  0.02146  -25.06268  -25.01977  0.99967  0.00188  0.00359  
5380     N/A    0.002238  -25.05382  -25.06119  0.02130  -25.07512  -25.03251  0.99971  0.00139  0.00309  
5400     N/A    0.001652  -25.06851  -25.05655  0.02130  -25.08981  -25.04722  1.00048  0.00080  0.00250  
5420     N/A    0.002086  -25.05762  -25.05781  0.02096  -25.07858  -25.03666  0.99999  0.00125  0.00292  
5440     N/A    0.002438  -25.04878  -25.04363  0.02091  -25.06969  -25.02787  1.00021  0.00161  0.00327  
5460     N/A    0.002601  -25.04469  -25.04647  0.02108  -25.06577  -25.02361  0.99993  0.00176  0.00344  
5480     N/A    0.002442  -25.04867  -25.04996  0.02089  -25.06956  -25.02779  0.99995  0.00161  0.00327  
5500     N/A    0.002017  -25.05935  -25.06864  0.02097  -25.08033  -25.03838  0.99963  0.00118  0.00285  
5520     N/A    0.001883  -25.06271  -25.06002  0.02117  -25.08388  -25.04155  1.00011  0.00104  0.00273  
5540     N/A    0.001880  -25.06280  -25.06324  0.02037  -25.08316  -25.04243  0.99998  0.00107  0.00269  
5560     N/A    0.002760  -25.04069  -25.04144  0.02144  -25.06213  -25.01925  0.99997  0.00191  0.00361  
5580     N/A    0.002523  -25.04665  -25.05737  0.02110  -25.06775  -25.02556  0.99957  0.00168  0.00336  
5600     N/A    0.002031  -25.05901  -25.03513  0.02091  -25.07992  -25.03811  1.00095  0.00120  0.00286  
5620     N/A    0.001701  -25.06728  -25.06730  0.02077  -25.08805  -25.04651  1.00000  0.00087  0.00253  
5640     N/A    0.002366  -25.05060  -25.05772  0.02072  -25.07132  -25.02988  0.99972  0.00154  0.00319  
5660     N/A    0.002720  -25.04170  -25.05185  0.02092  -25.06262  -25.02078  0.99959  0.00189  0.00355  
5680     N/A    0.002023  -25.05921  -25.06021  0.02047  -25.07968  -25.03874  0.99996  0.00121  0.00284  
5700     N/A    0.002413  -25.04942  -25.04157  0.02067  -25.07009  -25.02875  1.00031  0.00159  0.00324  
5720     N/A    0.002581  -25.04518  -25.04848  0.01968  -25.06486  -25.02550  0.99987  0.00180  0.00337  
5740     N/A    0.002234  -25.05390  -25.07140  0.02056  -25.07446  -25.03334  0.99930  0.00142  0.00305  
5760     N/A    0.001773  -25.06549  -25.06857  0.02052  -25.08601  -25.04497  0.99988  0.00096  0.00259  
5780     N/A    0.001970  -25.06052  -25.07273  0.02044  -25.08096  -25.04009  0.99951  0.00116  0.00278  
5800     N/A    0.001969  -25.06055  -25.06242  0.02113  -25.08168  -25.03942  0.99993  0.00113  0.00281  
5820     N/A    0.002036  -25.05888  -25.07340  0.02079  -25.07967  -25.03809  0.99942  0.00121  0.00286  
5840     N/A    0.002243  -25.05368  -25.05815  0.02116  -25.07484  -25.03251  0.99982  0.00140  0.00309  
5860     N/A    0.002254  -25.05340  -25.06298  0.02133  -25.07473  -25.03207  0.99962  0.00140  0.00310  
5880     N/A    0.002351  -25.05096  -25.06634  0.02058  -25.07154  -25.03039  0.99939  0.00153  0.00317  
5900     N/A    0.001781  -25.06528  -25.07065  0.02061  -25.08589  -25.04468  0.99979  0.00096  0.00260  
5920     N/A    0.002058  -25.05833  -25.05636  0.02049  -25.07882  -25.03784  1.00008  0.00124  0.00287  
5940     N/A    0.002210  -25.05451  -25.04796  0.02076  -25.07527  -25.03375  1.00026  0.00138  0.00304  
5960     N/A    0.001784  -25.06521  -25.06081  0.02055  -25.08576  -25.04465  1.00018  0.00097  0.00260  
5980     N/A    0.002317  -25.05181  -25.04551  0.02028  -25.07210  -25.03153  1.00025  0.00151  0.00312  
6000     N/A    0.002234  -25.05391  -25.06253  0.02052  -25.07443  -25.03339  0.99966  0.00142  0.00305  
6020     N/A    0.002554  -25.04586  -25.04013  0.02020  -25.06606  -25.02566  1.00023  0.00175  0.00336  
6040     N/A    0.002285  -25.05263  -25.04150  0.02049  -25.07312  -25.03215  1.00044  0.00147  0.00310  
6060     N/A    0.001876  -25.06289  -25.06441  0.02034  -25.08323  -25.04255  0.99994  0.00107  0.00269  
6080     N/A    0.002296  -25.05234  -25.03929  0.02017  -25.07251  -25.03217  1.00052  0.00149  0.00310  
6100     N/A    0.002377  -25.05032  -25.05343  0.02014  -25.07046  -25.03019  0.99988  0.00157  0.00318  
6120     N/A    0.001999  -25.05980  -25.04173  0.02048  -25.08028  -25.03933  1.00072  0.00118  0.00281  
6140     N/A    0.002437  -25.04881  -25.05394  0.01978  -25.06858  -25.02903  0.99979  0.00165  0.00322  
6160     N/A    0.002314  -25.05189  -25.06104  0.02033  -25.07222  -25.03155  0.99963  0.00150  0.00312  
6180     N/A    0.002112  -25.05696  -25.07036  0.01989  -25.07685  -25.03707  0.99947  0.00132  0.00290  
6200     N/A    0.002455  -25.04835  -25.05959  0.02057  -25.06892  -25.02778  0.99955  0.00164  0.00327  
6220     N/A    0.002241  -25.05374  -25.04709  0.02021  -25.07395  -25.03352  1.00027  0.00144  0.00305  
6240     N/A    0.002870  -25.03792  -25.04928  0.02063  -25.05856  -25.01729  0.99955  0.00205  0.00369  
6260     N/A    0.002564  -25.04563  -25.04453  0.01986  -25.06549  -25.02577  1.00004  0.00177  0.00335  
6280     N/A    0.002353  -25.05093  -25.05602  0.02043  -25.07136  -25.03049  0.99980  0.00154  0.00317  
6300     N/A    0.001872  -25.06298  -25.07077  0.01975  -25.08273  -25.04324  0.99969  0.00109  0.00266  
6320     N/A    0.002120  -25.05676  -25.06984  0.01994  -25.07670  -25.03681  0.99948  0.00133  0.00291  
6340     N/A    0.001821  -25.06427  -25.07073  0.02015  -25.08442  -25.04412  0.99974  0.00102  0.00262  
6360     N/A    0.002267  -25.05309  -25.05340  0.02030  -25.07339  -25.03278  0.99999  0.00146  0.00308  
6380     N/A    0.002290  -25.05249  -25.04754  0.02018  -25.07267  -25.03231  1.00020  0.00149  0.00309  
6400     N/A    0.001994  -25.05992  -25.05114  0.02026  -25.08018  -25.03966  1.00035  0.00119  0.00280  
6420     N/A    0.002016  -25.05939  -25.05959  0.02028  -25.07967  -25.03911  0.99999  0.00121  0.00282  
6440     N/A    0.001744  -25.06620  -25.06732  0.01993  -25.08613  -25.04627  0.99996  0.00095  0.00254  
6460     N/A    0.002245  -25.05363  -25.06155  0.01976  -25.07338  -25.03387  0.99968  0.00146  0.00303  
6480     N/A    0.002219  -25.05429  -25.06980  0.02022  -25.07451  -25.03407  0.99938  0.00141  0.00302  
6500     N/A    0.002176  -25.05537  -25.06114  0.01986  -25.07523  -25.03551  0.99977  0.00138  0.00297  
6520     N/A    0.001798  -25.06486  -25.06631  0.01966  -25.08452  -25.04520  0.99994  0.00101  0.00258  
6540     N/A    0.002845  -25.03856  -25.05853  0.02008  -25.05864  -25.01848  0.99920  0.00205  0.00364  
6560     N/A    0.002721  -25.04168  -25.05698  0.01997  -25.06165  -25.02172  0.99939  0.00193  0.00352  
6580     N/A    0.002153  -25.05594  -25.05375  0.02021  -25.07615  -25.03573  1.00009  0.00135  0.00296  
6600     N/A    0.001327  -25.07668  -25.06691  0.02010  -25.09679  -25.05658  1.00039  0.00053  0.00213  
6620     N/A    0.001963  -25.06071  -25.06131  0.01949  -25.08020  -25.04122  0.99998  0.00119  0.00274  
6640     N/A    0.002167  -25.05559  -25.05398  0.01966  -25.07526  -25.03593  1.00006  0.00138  0.00295  
6660     N/A    0.002384  -25.05014  -25.05238  0.01971  -25.06985  -25.03043  0.99991  0.00160  0.00317  
6680     N/A    0.002268  -25.05305  -25.05946  0.01985  -25.07290  -25.03319  0.99974  0.00148  0.00306  
6700     N/A    0.002320  -25.05175  -25.03660  0.01957  -25.07132  -25.03217  1.00060  0.00154  0.00310  
6720     N/A    0.002101  -25.05724  -25.05500  0.02013  -25.07737  -25.03711  1.00009  0.00130  0.00290  
6740     N/A    0.002694  -25.04236  -25.05858  0.02062  -25.06298  -25.02174  0.99935  0.00187  0.00351  
6760     N/A    0.002278  -25.05281  -25.06613  0.01971  -25.07251  -25.03310  0.99947  0.00149  0.00306  
6780     N/A    0.002476  -25.04782  -25.05242  0.01956  -25.06739  -25.02826  0.99982  0.00170  0.00326  
6800     N/A    0.002048  -25.05858  -25.05685  0.01942  -25.07801  -25.03916  1.00007  0.00127  0.00282  
6820     N/A    0.002325  -25.05161  -25.05980  0.02046  -25.07207  -25.03114  0.99967  0.00151  0.00314  
6840     N/A    0.001914  -25.06195  -25.07194  0.01996  -25.08191  -25.04199  0.99960  0.00112  0.00271  
6860     N/A    0.002334  -25.05140  -25.05416  0.01998  -25.07137  -25.03142  0.99989  0.00154  0.00313  
6880     N/A    0.002326  -25.05159  -25.05737  0.02002  -25.07161  -25.03157  0.99977  0.00153  0.00312  
6900     N/A    0.002820  -25.03919  -25.05052  0.02026  -25.05945  -25.01893  0.99955  0.00201  0.00363  
6920     N/A    0.002016  -25.05939  -25.03903  0.01979  -25.07918  -25.03959  1.00081  0.00123  0.00280  
6940     N/A    0.002139  -25.05628  -25.05103  0.01972  -25.07600  -25.03656  1.00021  0.00135  0.00292  
6960     N/A    0.001857  -25.06337  -25.05821  0.01993  -25.08330  -25.04344  1.00021  0.00106  0.00265  
6980     N/A    0.002292  -25.05244  -25.03982  0.02021  -25.07265  -25.03223  1.00050  0.00149  0.00310  
7000     N/A    0.001802  -25.06475  -25.07042  0.01960  -25.08435  -25.04515  0.99977  0.00102  0.00258  
7020     N/A    0.002615  -25.04434  -25.04325  0.01974  -25.06409  -25.02460  1.00004  0.00183  0.00340  
7040     N/A    0.002039  -25.05879  -25.05245  0.01962  -25.07841  -25.03916  1.00025  0.00126  0.00282  
7060     N/A    0.001962  -25.06074  -25.06397  0.01962  -25.08036  -25.04112  0.99987  0.00118  0.00274  
7080     N/A    0.002190  -25.05500  -25.05527  0.01989  -25.07490  -25.03511  0.99999  0.00140  0.00298  
7100     N/A    0.001815  -25.06442  -25.06083  0.02012  -25.08454  -25.04430  1.00014  0.00101  0.00262  
7120     N/A    0.001915  -25.06190  -25.07483  0.01998  -25.08189  -25.04192  0.99948  0.00112  0.00271  
7140     N/A    0.001657  -25.06839  -25.08016  0.01964  -25.08803  -25.04875  0.99953  0.00088  0.00244  
7160     N/A    0.002237  -25.05383  -25.06512  0.01964  -25.07347  -25.03420  0.99955  0.00145  0.00302  
7180     N/A    0.002541  -25.04620  -25.03959  0.01999  -25.06619  -25.02620  1.00026  0.00174  0.00334  
7200     N/A    0.002214  -25.05441  -25.06219  0.02000  -25.07441  -25.03441  0.99969  0.00142  0.00301  
7220     N/A    0.002108  -25.05707  -25.06999  0.02005  -25.07712  -25.03702  0.99948  0.00131  0.00291  
7240     N/A    0.002244  -25.05366  -25.06708  0.01970  -25.07336  -25.03395  0.99946  0.00146  0.00303  
7260     N/A    0.001479  -25.07285  -25.07465  0.01950  -25.09235  -25.05335  0.99993  0.00070  0.00226  
7280     N/A    0.002022  -25.05923  -25.07227  0.01948  -25.07870  -25.03975  0.99948  0.00125  0.00280  
7300     N/A    0.002229  -25.05404  -25.06652  0.02030  -25.07434  -25.03374  0.99950  0.00142  0.00304  
7320     N/A    0.002195  -25.05488  -25.06292  0.01982  -25.07469  -25.03506  0.99968  0.00141  0.00298  
7340     N/A    0.002183  -25.05518  -25.06961  0.02011  -25.07529  -25.03507  0.99942  0.00138  0.00298  
7360     N/A    0.002522  -25.04668  -25.04908  0.01981  -25.06649  -25.02687  0.99990  0.00173  0.00331  
7380     N/A    0.002322  -25.05170  -25.06099  0.01975  -25.07146  -25.03195  0.99963  0.00154  0.00311  
7400     N/A    0.002312  -25.05195  -25.06028  0.01968  -25.07163  -25.03227  0.99967  0.00153  0.00310  
7420     N/A    0.002092  -25.05746  -25.05645  0.01920  -25.07666  -25.03825  1.00004  0.00133  0.00286  
7440     N/A    0.001744  -25.06620  -25.06925  0.01935  -25.08555  -25.04685  0.99988  0.00097  0.00252  
7460     N/A    0.001777  -25.06539  -25.05919  0.01889  -25.08427  -25.04650  1.00025  0.00102  0.00253  
7480     N/A    0.002128  -25.05658  -25.07148  0.01944  -25.07602  -25.03714  0.99941  0.00135  0.00290  
7500     N/A    0.002334  -25.05140  -25.07308  0.01973  -25.07113  -25.03167  0.99914  0.00155  0.00312  
7520     N/A    0.002731  -25.04143  -25.03749  0.01931  -25.06074  -25.02212  1.00016  0.00196  0.00350  
7540     N/A    0.001658  -25.06837  -25.07396  0.01937  -25.08774  -25.04900  0.99978  0.00089  0.00243  
7560     N/A    0.001608  -25.06963  -25.07689  0.01986  -25.08948  -25.04977  0.99971  0.00082  0.00240  
7580     N/A    0.002262  -25.05319  -25.06305  0.02023  -25.07342  -25.03296  0.99961  0.00146  0.00307  
7600     N/A    0.002045  -25.05865  -25.05803  0.01937  -25.07802  -25.03928  1.00002  0.00127  0.00282  
7620     N/A    0.002036  -25.05888  -25.07009  0.01913  -25.07802  -25.03975  0.99955  0.00127  0.00280  
7640     N/A    0.002212  -25.05445  -25.05234  0.01995  -25.07440  -25.03450  1.00008  0.00142  0.00301  
7660     N/A    0.002332  -25.05144  -25.04836  0.01961  -25.07105  -25.03183  1.00012  0.00155  0.00311  
7680     N/A    0.002372  -25.05043  -25.06659  0.01908  -25.06951  -25.03135  0.99936  0.00161  0.00313  
7700     N/A    0.001912  -25.06200  -25.07766  0.01937  -25.08137  -25.04263  0.99938  0.00114  0.00268  
7720     N/A    0.002279  -25.05277  -25.05879  0.01958  -25.07235  -25.03319  0.99976  0.00150  0.00306  
7740     N/A    0.002140  -25.05627  -25.06125  0.02008  -25.07635  -25.03619  0.99980  0.00134  0.00294  
7760     N/A    0.001893  -25.06245  -25.06275  0.01941  -25.08186  -25.04305  0.99999  0.00112  0.00267  
7780     N/A    0.001797  -25.06489  -25.07298  0.01955  -25.08444  -25.04534  0.99968  0.00102  0.00258  
7800     N/A    0.002435  -25.04885  -25.06056  0.01971  -25.06855  -25.02914  0.99953  0.00165  0.00322  
7820     N/A    0.002049  -25.05855  -25.06922  0.01938  -25.07793  -25.03917  0.99957  0.00128  0.00282  
7840     N/A    0.002068  -25.05807  -25.05344  0.01983  -25.07790  -25.03824  1.00018  0.00128  0.00286  
7860     N/A    0.002155  -25.05590  -25.06626  0.01952  -25.07541  -25.03638  0.99959  0.00138  0.00293  
7880     N/A    0.002574  -25.04537  -25.03983  0.01951  -25.06488  -25.02585  1.00022  0.00180  0.00335  
7900     N/A    0.001950  -25.06104  -25.06890  0.01942  -25.08046  -25.04162  0.99969  0.00118  0.00272  
7920     N/A    0.001818  -25.06435  -25.06432  0.01965  -25.08400  -25.04470  1.00000  0.00104  0.00260  
7940     N/A    0.002433  -25.04891  -25.06000  0.01932  -25.06824  -25.02959  0.99956  0.00166  0.00320  
7960     N/A    0.001973  -25.06046  -25.06208  0.01948  -25.07995  -25.04098  0.99994  0.00120  0.00275  
7980     N/A    0.001942  -25.06124  -25.05610  0.01939  -25.08063  -25.04185  1.00021  0.00117  0.00271  
8000     N/A    0.002091  -25.05751  -25.06607  0.01973  -25.07724  -25.03778  0.99966  0.00130  0.00288  
8020     N/A    0.002336  -25.05134  -25.05183  0.01911  -25.07046  -25.03223  0.99998  0.00157  0.00310  
8040     N/A    0.002114  -25.05691  -25.05651  0.01939  -25.07630  -25.03752  1.00002  0.00134  0.00289  
8060     N/A    0.002346  -25.05110  -25.06432  0.01938  -25.07049  -25.03172  0.99947  0.00157  0.00312  
8080     N/A    0.001462  -25.07329  -25.07554  0.01905  -25.09234  -25.05425  0.99991  0.00070  0.00222  
8100     N/A    0.001804  -25.06469  -25.06531  0.01915  -25.08384  -25.04554  0.99998  0.00104  0.00257  
8120     N/A    0.002245  -25.05362  -25.06165  0.01883  -25.07245  -25.03479  0.99968  0.00150  0.00300  
8140     N/A    0.001943  -25.06122  -25.06174  0.01892  -25.08014  -25.04230  0.99998  0.00119  0.00270  
8160     N/A    0.002066  -25.05813  -25.05682  0.01930  -25.07743  -25.03883  1.00005  0.00130  0.00283  
8180     N/A    0.001134  -25.08152  -25.07704  0.01976  -25.10128  -25.06176  1.00018  0.00035  0.00192  
8200     N/A    0.002102  -25.05722  -25.06315  0.01902  -25.07623  -25.03820  0.99976  0.00134  0.00286  
8220     N/A    0.001697  -25.06740  -25.07860  0.01961  -25.08701  -25.04778  0.99955  0.00092  0.00248  
8240     N/A    0.001916  -25.06189  -25.06580  0.01952  -25.08141  -25.04237  0.99984  0.00114  0.00269  
8260     N/A    0.002127  -25.05659  -25.06202  0.01949  -25.07608  -25.03710  0.99978  0.00135  0.00290  
8280     N/A    0.001858  -25.06334  -25.06067  0.01969  -25.08303  -25.04365  1.00011  0.00107  0.00264  
8300     N/A    0.002586  -25.04506  -25.05937  0.02013  -25.06519  -25.02493  0.99943  0.00178  0.00339  
8320     N/A    0.002018  -25.05933  -25.07153  0.02009  -25.07943  -25.03924  0.99951  0.00122  0.00282  
8340     N/A    0.002444  -25.04863  -25.06701  0.02024  -25.06887  -25.02840  0.99927  0.00164  0.00325  
8360     N/A    0.002092  -25.05746  -25.05482  0.01944  -25.07690  -25.03802  1.00011  0.00132  0.00287  
8380     N/A    0.002290  -25.05249  -25.06803  0.01965  -25.07214  -25.03284  0.99938  0.00151  0.00307  
8400     N/A    0.002730  -25.04146  -25.04147  0.01970  -25.06116  -25.02175  1.00000  0.00195  0.00351  
8420     N/A    0.002095  -25.05738  -25.05899  0.01907  -25.07645  -25.03831  0.99994  0.00134  0.00285  
8440     N/A    0.001810  -25.06455  -25.06475  0.01930  -25.08385  -25.04525  0.99999  0.00104  0.00258  
8460     N/A    0.001792  -25.06500  -25.06369  0.01925  -25.08425  -25.04575  1.00005  0.00103  0.00256  
8480     N/A    0.002117  -25.05685  -25.06208  0.01897  -25.07583  -25.03788  0.99979  0.00136  0.00287  
8500     N/A    0.001895  -25.06241  -25.06476  0.01960  -25.08201  -25.04281  0.99991  0.00111  0.00268  
8520     N/A    0.001599  -25.06986  -25.06977  0.01926  -25.08912  -25.05060  1.00000  0.00083  0.00237  
8540     N/A    0.001822  -25.06425  -25.06453  0.01932  -25.08357  -25.04493  0.99999  0.00105  0.00259  
8560     N/A    0.001816  -25.06441  -25.05681  0.01918  -25.08359  -25.04524  1.00030  0.00105  0.00258  
8580     N/A    0.001676  -25.06791  -25.07112  0.01949  -25.08739  -25.04842  0.99987  0.00090  0.00245  
8600     N/A    0.001570  -25.07058  -25.06258  0.01956  -25.09015  -25.05102  1.00032  0.00079  0.00235  
8620     N/A    0.002013  -25.05945  -25.05911  0.01948  -25.07892  -25.03997  1.00001  0.00124  0.00279  
8640     N/A    0.001753  -25.06597  -25.06548  0.01976  -25.08573  -25.04622  1.00002  0.00097  0.00254  
8660     N/A    0.001902  -25.06224  -25.07347  0.01927  -25.08151  -25.04297  0.99955  0.00113  0.00267  
8680     N/A    0.001844  -25.06369  -25.06921  0.01917  -25.08286  -25.04451  0.99978  0.00108  0.00261  
8700     N/A    0.002011  -25.05950  -25.06213  0.01964  -25.07914  -25.03987  0.99989  0.00123  0.00279  
8720     N/A    0.001903  -25.06222  -25.04930  0.01953  -25.08175  -25.04269  1.00052  0.00113  0.00268  
8740     N/A    0.002202  -25.05471  -25.04790  0.01940  -25.07411  -25.03530  1.00027  0.00143  0.00297  
8760     N/A    0.002223  -25.05417  -25.05551  0.01903  -25.07320  -25.03514  0.99995  0.00147  0.00298  
8780     N/A    0.002077  -25.05784  -25.07240  0.01945  -25.07730  -25.03839  0.99942  0.00130  0.00285  
8800     N/A    0.001765  -25.06568  -25.06359  0.01914  -25.08481  -25.04654  1.00008  0.00100  0.00253  
8820     N/A    0.001449  -25.07362  -25.06852  0.01931  -25.09292  -25.05431  1.00020  0.00068  0.00222  
8840     N/A    0.002439  -25.04876  -25.05562  0.01916  -25.06793  -25.02960  0.99973  0.00168  0.00320  
8860     N/A    0.002340  -25.05125  -25.06333  0.01970  -25.07095  -25.03155  0.99952  0.00156  0.00312  
8880     N/A    0.001777  -25.06538  -25.05795  0.01893  -25.08431  -25.04644  1.00030  0.00102  0.00253  
8900     N/A    0.001733  -25.06647  -25.07290  0.01935  -25.08582  -25.04712  0.99974  0.00096  0.00250  
8920     N/A    0.002395  -25.04986  -25.05590  0.01945  -25.06931  -25.03041  0.99976  0.00162  0.00317  
8940     N/A    0.002269  -25.05302  -25.05585  0.01907  -25.07209  -25.03395  0.99989  0.00151  0.00303  
8960     N/A    0.002092  -25.05746  -25.06067  0.01946  -25.07692  -25.03800  0.99987  0.00132  0.00287  
8980     N/A    0.001932  -25.06148  -25.05480  0.01883  -25.08031  -25.04266  1.00027  0.00118  0.00268  
9000     N/A    0.002245  -25.05364  -25.05900  0.01906  -25.07269  -25.03458  0.99979  0.00149  0.00300  
9020     N/A    0.002006  -25.05963  -25.07964  0.01929  -25.07892  -25.04034  0.99920  0.00124  0.00277  
9040     N/A    0.001568  -25.07062  -25.07668  0.01907  -25.08969  -25.05155  0.99976  0.00081  0.00233  
9060     N/A    0.001081  -25.08285  -25.07741  0.01962  -25.10247  -25.06323  1.00022  0.00030  0.00186  
9080     N/A    0.002128  -25.05656  -25.04926  0.01886  -25.07542  -25.03771  1.00029  0.00138  0.00288  
9100     N/A    0.002025  -25.05916  -25.06443  0.01896  -25.07811  -25.04020  0.99979  0.00127  0.00278  
9120     N/A    0.002276  -25.05284  -25.06641  0.01962  -25.07247  -25.03322  0.99946  0.00149  0.00306  
9140     N/A    0.002077  -25.05784  -25.06659  0.01916  -25.07699  -25.03868  0.99965  0.00131  0.00284  
9160     N/A    0.001877  -25.06288  -25.06462  0.01907  -25.08195  -25.04381  0.99993  0.00112  0.00264  
9180     N/A    0.001699  -25.06735  -25.07180  0.01910  -25.08644  -25.04825  0.99982  0.00094  0.00246  
9200     N/A    0.001802  -25.06474  -25.06455  0.01923  -25.08397  -25.04551  1.00001  0.00104  0.00257  
9220     N/A    0.001935  -25.06140  -25.06371  0.01898  -25.08039  -25.04242  0.99991  0.00118  0.00269  
9240     N/A    0.001790  -25.06506  -25.06346  0.01950  -25.08456  -25.04556  1.00006  0.00101  0.00257  
9260     N/A    0.001492  -25.07253  -25.06599  0.01917  -25.09169  -25.05336  1.00026  0.00073  0.00226  
9280     N/A    0.001929  -25.06156  -25.05393  0.01961  -25.08117  -25.04195  1.00030  0.00115  0.00271  
9300     N/A    0.002014  -25.05942  -25.07007  0.01938  -25.07880  -25.04004  0.99958  0.00124  0.00279  
9320     N/A    0.002183  -25.05518  -25.04848  0.01987  -25.07505  -25.03531  1.00027  0.00139  0.00297  
9340     N/A    0.002032  -25.05898  -25.05305  0.01894  -25.07792  -25.04005  1.00024  0.00128  0.00279  
9360     N/A    0.002139  -25.05629  -25.06665  0.01908  -25.07537  -25.03722  0.99959  0.00138  0.00290  
9380     N/A    0.002555  -25.04585  -25.05903  0.01920  -25.06505  -25.02666  0.99947  0.00179  0.00332  
9400     N/A    0.002391  -25.04997  -25.05780  0.01948  -25.06946  -25.03049  0.99969  0.00161  0.00317  
9420     N/A    0.002288  -25.05255  -25.06816  0.01968  -25.07222  -25.03287  0.99938  0.00150  0.00307  
9440     N/A    0.002666  -25.04307  -25.05092  0.01972  -25.06279  -25.02335  0.99969  0.00188  0.00345  
9460     N/A    0.002169  -25.05555  -25.05438  0.01984  -25.07539  -25.03571  1.00005  0.00138  0.00296  
9480     N/A    0.002260  -25.05326  -25.05411  0.01914  -25.07240  -25.03412  0.99997  0.00150  0.00302  
9500     N/A    0.001642  -25.06877  -25.06757  0.01950  -25.08827  -25.04927  1.00005  0.00087  0.00242  
9520     N/A    0.001969  -25.06057  -25.04794  0.01939  -25.07996  -25.04118  1.00050  0.00120  0.00274  
9540     N/A    0.001840  -25.06381  -25.06864  0.01887  -25.08267  -25.04494  0.99981  0.00109  0.00259  
9560     N/A    0.001945  -25.06115  -25.05357  0.01941  -25.08056  -25.04174  1.00030  0.00117  0.00272  
9580     N/A    0.002567  -25.04555  -25.04669  0.01978  -25.06533  -25.02577  0.99995  0.00178  0.00335  
9600     N/A    0.001919  -25.06182  -25.05696  0.01910  -25.08092  -25.04272  1.00019  0.00116  0.00268  
9620     N/A    0.002359  -25.05077  -25.03963  0.01945  -25.07022  -25.03131  1.00044  0.00158  0.00313  
9640     N/A    0.001900  -25.06230  -25.06827  0.01976  -25.08206  -25.04254  0.99976  0.00111  0.00269  
9660     N/A    0.002077  -25.05785  -25.07074  0.01976  -25.07762  -25.03809  0.99949  0.00129  0.00286  
9680     N/A    0.001732  -25.06651  -25.07689  0.01907  -25.08557  -25.04744  0.99959  0.00097  0.00249  
9700     N/A    0.002301  -25.05222  -25.05590  0.01919  -25.07141  -25.03303  0.99985  0.00154  0.00307  
9720     N/A    0.001492  -25.07253  -25.06437  0.01938  -25.09191  -25.05314  1.00033  0.00072  0.00226  
9740     N/A    0.001867  -25.06312  -25.06192  0.01867  -25.08179  -25.04446  1.00005  0.00112  0.00261  
9760     N/A    0.001875  -25.06292  -25.06173  0.01894  -25.08185  -25.04398  1.00005  0.00112  0.00263  
9780     N/A    0.002158  -25.05581  -25.04665  0.01908  -25.07489  -25.03673  1.00037  0.00140  0.00292  
9800     N/A    0.002384  -25.05014  -25.04441  0.01924  -25.06937  -25.03090  1.00023  0.00162  0.00315  
9820     N/A    0.001418  -25.07439  -25.06524  0.01989  -25.09428  -25.05450  1.00037  0.00063  0.00221  
9840     N/A    0.001821  -25.06426  -25.06183  0.01919  -25.08345  -25.04507  1.00010  0.00106  0.00259  
9860     N/A    0.001905  -25.06217  -25.06422  0.01952  -25.08169  -25.04266  0.99992  0.00113  0.00268  
9880     N/A    0.001677  -25.06788  -25.05742  0.01878  -25.08667  -25.04910  1.00042  0.00093  0.00243  
9900     N/A    0.002011  -25.05950  -25.06476  0.01942  -25.07891  -25.04008  0.99979  0.00124  0.00278  
9920     N/A    0.002550  -25.04596  -25.06247  0.01927  -25.06522  -25.02669  0.99934  0.00178  0.00332  
9940     N/A    0.002008  -25.05958  -25.06572  0.01904  -25.07862  -25.04053  0.99975  0.00125  0.00277  
9960     N/A    0.002089  -25.05755  -25.05879  0.01957  -25.07712  -25.03799  0.99995  0.00131  0.00287  
9980     N/A    0.002083  -25.05769  -25.06059  0.01914  -25.07683  -25.03855  0.99988  0.00132  0.00285  
10000     N/A    0.001581  -25.07031  -25.07500  0.01914  -25.08945  -25.05117  0.99981  0.00082  0.00234  
