nh: 10
samples1: 10000
samples2: 5000
burn_in: 500
steps: 100
Exact H:-25.11
   Fidelity  ROE       Mean      Median    CI Width LL on CI  UL on CI  mmRatio  Min Err  Max Err
20     N/A    0.175768  -20.69646  -20.79554  0.15276  -20.84922  -20.54370  0.99524  0.16968  0.18185  
40     N/A    0.129949  -21.84698  -21.97403  0.13761  -21.98459  -21.70937  0.99422  0.12447  0.13543  
60     N/A    0.096186  -22.69476  -22.78883  0.12190  -22.81666  -22.57286  0.99587  0.09133  0.10104  
80     N/A    0.076728  -23.18336  -23.39479  0.11201  -23.29538  -23.07135  0.99096  0.07227  0.08119  
100     N/A    0.058296  -23.64619  -23.86706  0.10233  -23.74852  -23.54385  0.99075  0.05422  0.06237  
120     N/A    0.052435  -23.79335  -23.95533  0.09595  -23.88930  -23.69741  0.99324  0.04861  0.05626  
140     N/A    0.047413  -23.91946  -24.10155  0.09057  -24.01003  -23.82890  0.99245  0.04381  0.05102  
160     N/A    0.044892  -23.98275  -24.11727  0.08693  -24.06969  -23.89582  0.99442  0.04143  0.04835  
180     N/A    0.035891  -24.20879  -24.36121  0.08395  -24.29273  -24.12484  0.99374  0.03255  0.03923  
200     N/A    0.034149  -24.25253  -24.42235  0.07960  -24.33212  -24.17293  0.99305  0.03098  0.03732  
220     N/A    0.031660  -24.31501  -24.50451  0.07747  -24.39248  -24.23754  0.99227  0.02858  0.03475  
240     N/A    0.029807  -24.36153  -24.51107  0.07446  -24.43600  -24.28707  0.99390  0.02684  0.03277  
260     N/A    0.026860  -24.43554  -24.54817  0.07174  -24.50728  -24.36379  0.99541  0.02400  0.02972  
280     N/A    0.029133  -24.37848  -24.47650  0.06960  -24.44808  -24.30888  0.99600  0.02636  0.03190  
300     N/A    0.024391  -24.49753  -24.58286  0.06731  -24.56484  -24.43022  0.99653  0.02171  0.02707  
320     N/A    0.024251  -24.50106  -24.62278  0.06733  -24.56839  -24.43373  0.99506  0.02157  0.02693  
340     N/A    0.023971  -24.50810  -24.65710  0.06791  -24.57601  -24.44018  0.99396  0.02127  0.02668  
360     N/A    0.023750  -24.51363  -24.68845  0.06560  -24.57922  -24.44803  0.99292  0.02114  0.02636  
380     N/A    0.022101  -24.55505  -24.74476  0.06488  -24.61993  -24.49018  0.99233  0.01952  0.02468  
400     N/A    0.021881  -24.56057  -24.67411  0.06531  -24.62588  -24.49526  0.99540  0.01928  0.02448  
420     N/A    0.022697  -24.54009  -24.68199  0.06509  -24.60518  -24.47499  0.99425  0.02010  0.02529  
440     N/A    0.021353  -24.57382  -24.70004  0.06134  -24.63516  -24.51248  0.99489  0.01891  0.02380  
460     N/A    0.019462  -24.62131  -24.76011  0.06130  -24.68261  -24.56001  0.99439  0.01702  0.02190  
480     N/A    0.017029  -24.68239  -24.81819  0.06079  -24.74318  -24.62160  0.99453  0.01461  0.01945  
500     N/A    0.018566  -24.64380  -24.76752  0.06088  -24.70468  -24.58293  0.99500  0.01614  0.02099  
520     N/A    0.017842  -24.66199  -24.78571  0.05932  -24.72131  -24.60267  0.99501  0.01548  0.02020  
540     N/A    0.017920  -24.66002  -24.76037  0.05987  -24.71989  -24.60015  0.99595  0.01554  0.02030  
560     N/A    0.017495  -24.67071  -24.80089  0.05934  -24.73005  -24.61137  0.99475  0.01513  0.01986  
580     N/A    0.016576  -24.69379  -24.84104  0.05943  -24.75322  -24.63435  0.99407  0.01421  0.01894  
600     N/A    0.017144  -24.67951  -24.79305  0.05761  -24.73712  -24.62190  0.99542  0.01485  0.01944  
620     N/A    0.016851  -24.68686  -24.75995  0.05703  -24.74390  -24.62983  0.99705  0.01458  0.01912  
640     N/A    0.017626  -24.66741  -24.81065  0.05691  -24.72432  -24.61050  0.99423  0.01536  0.01989  
660     N/A    0.015888  -24.71105  -24.85238  0.05573  -24.76678  -24.65531  0.99431  0.01367  0.01811  
680     N/A    0.015335  -24.72495  -24.82797  0.05521  -24.78016  -24.66974  0.99585  0.01314  0.01753  
700     N/A    0.014954  -24.73450  -24.85531  0.05399  -24.78849  -24.68052  0.99514  0.01280  0.01710  
720     N/A    0.013366  -24.77439  -24.88808  0.05485  -24.82925  -24.71954  0.99543  0.01118  0.01555  
740     N/A    0.012540  -24.79511  -24.91265  0.05405  -24.84916  -24.74106  0.99528  0.01039  0.01469  
760     N/A    0.012064  -24.80707  -24.94350  0.05294  -24.86001  -24.75414  0.99453  0.00996  0.01417  
780     N/A    0.012924  -24.78547  -24.90876  0.05183  -24.83730  -24.73364  0.99505  0.01086  0.01499  
800     N/A    0.013269  -24.77682  -24.93223  0.05090  -24.82772  -24.72592  0.99377  0.01124  0.01530  
820     N/A    0.012426  -24.79797  -24.93502  0.05021  -24.84818  -24.74776  0.99450  0.01043  0.01443  
840     N/A    0.013134  -24.78021  -24.90495  0.05038  -24.83059  -24.72983  0.99499  0.01113  0.01514  
860     N/A    0.012062  -24.80711  -24.93199  0.05053  -24.85764  -24.75659  0.99499  0.01005  0.01407  
880     N/A    0.010554  -24.84500  -25.00011  0.04832  -24.89332  -24.79668  0.99380  0.00863  0.01248  
900     N/A    0.012169  -24.80443  -24.98391  0.04868  -24.85311  -24.75575  0.99282  0.01023  0.01411  
920     N/A    0.010786  -24.83916  -24.98582  0.04854  -24.88770  -24.79062  0.99413  0.00885  0.01272  
940     N/A    0.010640  -24.84282  -25.00122  0.04770  -24.89052  -24.79511  0.99366  0.00874  0.01254  
960     N/A    0.010794  -24.83896  -24.97525  0.04848  -24.88744  -24.79049  0.99454  0.00886  0.01272  
980     N/A    0.009260  -24.87748  -25.01115  0.04588  -24.92335  -24.83160  0.99466  0.00743  0.01109  
1000     N/A    0.011404  -24.82365  -25.00354  0.04630  -24.86995  -24.77734  0.99281  0.00956  0.01325  
1020     N/A    0.009735  -24.86554  -25.00161  0.04640  -24.91194  -24.81914  0.99456  0.00789  0.01158  
1040     N/A    0.011316  -24.82586  -24.96007  0.04512  -24.87098  -24.78074  0.99462  0.00952  0.01311  
1060     N/A    0.010822  -24.83826  -25.00018  0.04651  -24.88477  -24.79175  0.99352  0.00897  0.01267  
1080     N/A    0.009581  -24.86942  -24.99775  0.04522  -24.91464  -24.82420  0.99487  0.00778  0.01138  
1100     N/A    0.009987  -24.85923  -25.00928  0.04532  -24.90455  -24.81390  0.99400  0.00818  0.01179  
1120     N/A    0.009015  -24.88363  -25.03336  0.04535  -24.92898  -24.83827  0.99402  0.00721  0.01082  
1140     N/A    0.008664  -24.89244  -25.02729  0.04404  -24.93647  -24.84840  0.99461  0.00691  0.01042  
1160     N/A    0.008073  -24.90728  -25.04225  0.04512  -24.95240  -24.86217  0.99461  0.00628  0.00987  
1180     N/A    0.008889  -24.88679  -25.04370  0.04433  -24.93112  -24.84247  0.99373  0.00712  0.01065  
1200     N/A    0.009055  -24.88262  -25.04761  0.04407  -24.92669  -24.83855  0.99341  0.00730  0.01081  
1220     N/A    0.008949  -24.88530  -25.02831  0.04378  -24.92908  -24.84152  0.99429  0.00721  0.01069  
1240     N/A    0.008382  -24.89953  -25.02308  0.04305  -24.94258  -24.85648  0.99506  0.00667  0.01010  
1260     N/A    0.009129  -24.88077  -25.04751  0.04435  -24.92512  -24.83642  0.99334  0.00736  0.01090  
1280     N/A    0.008148  -24.90541  -25.05184  0.04266  -24.94806  -24.86275  0.99415  0.00645  0.00985  
1300     N/A    0.007930  -24.91087  -25.06422  0.04346  -24.95433  -24.86741  0.99388  0.00620  0.00966  
1320     N/A    0.008344  -24.90048  -25.03488  0.04322  -24.94370  -24.85725  0.99463  0.00662  0.01007  
1340     N/A    0.007651  -24.91788  -25.03201  0.04326  -24.96114  -24.87462  0.99544  0.00593  0.00937  
1360     N/A    0.008439  -24.89810  -25.05675  0.04310  -24.94120  -24.85500  0.99367  0.00672  0.01016  
1380     N/A    0.008043  -24.90805  -25.04958  0.04240  -24.95045  -24.86565  0.99435  0.00635  0.00973  
1400     N/A    0.008888  -24.88683  -25.06791  0.04319  -24.93002  -24.84364  0.99278  0.00717  0.01061  
1420     N/A    0.007868  -24.91244  -25.05566  0.04178  -24.95422  -24.87066  0.99428  0.00620  0.00953  
1440     N/A    0.008398  -24.89912  -25.03487  0.04276  -24.94188  -24.85637  0.99458  0.00670  0.01010  
1460     N/A    0.007989  -24.90938  -25.03728  0.04295  -24.95233  -24.86643  0.99489  0.00628  0.00970  
1480     N/A    0.007971  -24.90985  -25.06297  0.04207  -24.95192  -24.86779  0.99389  0.00630  0.00965  
1500     N/A    0.008523  -24.89599  -25.07250  0.04219  -24.93819  -24.85380  0.99296  0.00684  0.01020  
1520     N/A    0.006990  -24.93449  -25.06307  0.04073  -24.97523  -24.89376  0.99487  0.00537  0.00861  
1540     N/A    0.008816  -24.88863  -25.05982  0.04226  -24.93089  -24.84638  0.99317  0.00713  0.01050  
1560     N/A    0.006990  -24.93449  -25.04598  0.04140  -24.97589  -24.89309  0.99555  0.00534  0.00864  
1580     N/A    0.007699  -24.91668  -25.00815  0.04167  -24.95835  -24.87501  0.99634  0.00604  0.00936  
1600     N/A    0.009080  -24.88199  -25.02062  0.04183  -24.92382  -24.84016  0.99446  0.00741  0.01075  
1620     N/A    0.007286  -24.92706  -25.02050  0.03997  -24.96703  -24.88708  0.99627  0.00569  0.00888  
1640     N/A    0.007918  -24.91117  -25.02334  0.04007  -24.95124  -24.87110  0.99552  0.00632  0.00951  
1660     N/A    0.006842  -24.93820  -25.04226  0.03996  -24.97817  -24.89824  0.99584  0.00525  0.00843  
1680     N/A    0.007533  -24.92084  -25.00407  0.04025  -24.96110  -24.88059  0.99667  0.00593  0.00914  
1700     N/A    0.008006  -24.90898  -25.00855  0.03981  -24.94879  -24.86917  0.99602  0.00642  0.00959  
1720     N/A    0.008137  -24.90567  -25.01464  0.03937  -24.94504  -24.86630  0.99564  0.00657  0.00971  
1740     N/A    0.007744  -24.91556  -25.03425  0.04064  -24.95620  -24.87492  0.99526  0.00613  0.00936  
1760     N/A    0.006418  -24.94885  -25.04004  0.03940  -24.98825  -24.90945  0.99636  0.00485  0.00799  
1780     N/A    0.007174  -24.92987  -25.01873  0.03976  -24.96963  -24.89010  0.99645  0.00559  0.00876  
1800     N/A    0.007033  -24.93340  -25.01099  0.03928  -24.97268  -24.89412  0.99690  0.00547  0.00860  
1820     N/A    0.006636  -24.94336  -25.03975  0.03965  -24.98302  -24.90371  0.99615  0.00506  0.00822  
1840     N/A    0.006421  -24.94878  -25.02123  0.03870  -24.98748  -24.91007  0.99710  0.00488  0.00796  
1860     N/A    0.006556  -24.94537  -25.01849  0.03816  -24.98353  -24.90721  0.99708  0.00504  0.00808  
1880     N/A    0.007322  -24.92613  -25.01609  0.03966  -24.96579  -24.88648  0.99640  0.00574  0.00890  
1900     N/A    0.006520  -24.94628  -25.01832  0.03814  -24.98442  -24.90814  0.99712  0.00500  0.00804  
1920     N/A    0.007485  -24.92206  -25.00768  0.03901  -24.96106  -24.88305  0.99658  0.00593  0.00904  
1940     N/A    0.006405  -24.94918  -25.02599  0.03709  -24.98627  -24.91209  0.99693  0.00493  0.00788  
1960     N/A    0.006580  -24.94477  -25.02732  0.03808  -24.98285  -24.90669  0.99670  0.00506  0.00810  
1980     N/A    0.007778  -24.91468  -25.01099  0.03893  -24.95362  -24.87575  0.99615  0.00623  0.00933  
2000     N/A    0.005737  -24.96594  -25.03118  0.03717  -25.00310  -24.92877  0.99739  0.00426  0.00722  
2020     N/A    0.006678  -24.94233  -25.00934  0.03817  -24.98049  -24.90416  0.99732  0.00516  0.00820  
2040     N/A    0.006571  -24.94500  -25.01519  0.03721  -24.98221  -24.90780  0.99719  0.00509  0.00805  
2060     N/A    0.006744  -24.94066  -25.02720  0.03721  -24.97787  -24.90345  0.99654  0.00526  0.00823  
2080     N/A    0.006666  -24.94262  -25.03656  0.03739  -24.98000  -24.90523  0.99625  0.00518  0.00815  
2100     N/A    0.006513  -24.94646  -25.01156  0.03682  -24.98328  -24.90965  0.99740  0.00505  0.00798  
2120     N/A    0.007183  -24.92963  -25.02299  0.03723  -24.96686  -24.89239  0.99627  0.00570  0.00867  
2140     N/A    0.005505  -24.97177  -25.04191  0.03727  -25.00904  -24.93450  0.99720  0.00402  0.00699  
2160     N/A    0.006047  -24.95815  -25.02729  0.03726  -24.99540  -24.92089  0.99724  0.00456  0.00753  
2180     N/A    0.005439  -24.97342  -25.03791  0.03689  -25.01031  -24.93654  0.99742  0.00397  0.00691  
2200     N/A    0.005923  -24.96128  -25.01313  0.03667  -24.99795  -24.92460  0.99793  0.00446  0.00738  
2220     N/A    0.005185  -24.97981  -25.03677  0.03596  -25.01577  -24.94384  0.99772  0.00375  0.00662  
2240     N/A    0.006367  -24.95013  -25.02630  0.03646  -24.98659  -24.91366  0.99696  0.00491  0.00782  
2260     N/A    0.006821  -24.93874  -25.01312  0.03613  -24.97486  -24.90261  0.99703  0.00538  0.00826  
2280     N/A    0.006560  -24.94527  -25.01122  0.03664  -24.98191  -24.90864  0.99736  0.00510  0.00802  
2300     N/A    0.005101  -24.98192  -25.04685  0.03491  -25.01683  -24.94701  0.99741  0.00371  0.00649  
2320     N/A    0.005547  -24.97072  -25.02902  0.03536  -25.00608  -24.93536  0.99767  0.00414  0.00696  
2340     N/A    0.005414  -24.97406  -25.04154  0.03616  -25.01022  -24.93790  0.99731  0.00397  0.00685  
2360     N/A    0.005801  -24.96433  -25.02827  0.03560  -24.99994  -24.92873  0.99745  0.00438  0.00722  
2380     N/A    0.006376  -24.94991  -25.02393  0.03547  -24.98537  -24.91444  0.99704  0.00496  0.00779  
2400     N/A    0.005670  -24.96764  -25.01704  0.03494  -25.00258  -24.93269  0.99803  0.00428  0.00706  
2420     N/A    0.005662  -24.96783  -25.02135  0.03481  -25.00264  -24.93302  0.99786  0.00428  0.00705  
2440     N/A    0.004957  -24.98554  -25.02566  0.03592  -25.02147  -24.94962  0.99840  0.00353  0.00639  
2460     N/A    0.005762  -24.96533  -25.01727  0.03403  -24.99935  -24.93130  0.99792  0.00441  0.00712  
2480     N/A    0.004759  -24.99051  -25.02966  0.03386  -25.02438  -24.95665  0.99844  0.00341  0.00611  
2500     N/A    0.005592  -24.96960  -24.99790  0.03442  -25.00402  -24.93518  0.99887  0.00422  0.00696  
2520     N/A    0.006097  -24.95691  -25.04369  0.03558  -24.99249  -24.92134  0.99653  0.00468  0.00751  
2540     N/A    0.005238  -24.97847  -25.02360  0.03458  -25.01305  -24.94390  0.99820  0.00386  0.00662  
2560     N/A    0.004468  -24.99780  -25.02116  0.03410  -25.03191  -24.96370  0.99907  0.00311  0.00583  
2580     N/A    0.004957  -24.98552  -25.05123  0.03344  -25.01897  -24.95208  0.99738  0.00363  0.00629  
2600     N/A    0.005611  -24.96910  -25.03013  0.03337  -25.00247  -24.93573  0.99756  0.00428  0.00694  
2620     N/A    0.005058  -24.98300  -25.02941  0.03207  -25.01507  -24.95093  0.99815  0.00378  0.00634  
2640     N/A    0.004783  -24.98990  -25.02558  0.03389  -25.02379  -24.95600  0.99857  0.00343  0.00613  
2660     N/A    0.005146  -24.98078  -25.02420  0.03319  -25.01397  -24.94758  0.99826  0.00382  0.00647  
2680     N/A    0.004488  -24.99730  -25.02926  0.03242  -25.02971  -24.96488  0.99872  0.00320  0.00578  
2700     N/A    0.005221  -24.97890  -25.02938  0.03314  -25.01204  -24.94576  0.99798  0.00390  0.00654  
2720     N/A    0.004353  -25.00070  -25.02574  0.03215  -25.03285  -24.96855  0.99900  0.00307  0.00563  
2740     N/A    0.004568  -24.99530  -25.01496  0.03217  -25.02746  -24.96313  0.99921  0.00329  0.00585  
2760     N/A    0.005090  -24.98218  -25.01823  0.03195  -25.01413  -24.95023  0.99856  0.00382  0.00636  
2780     N/A    0.005033  -24.98362  -25.02202  0.03166  -25.01528  -24.95196  0.99847  0.00377  0.00629  
2800     N/A    0.004209  -25.00431  -25.02855  0.03117  -25.03548  -24.97314  0.99903  0.00297  0.00545  
2820     N/A    0.005133  -24.98112  -25.01194  0.03152  -25.01264  -24.94960  0.99877  0.00388  0.00639  
2840     N/A    0.003960  -25.01057  -25.01949  0.03015  -25.04072  -24.98041  0.99964  0.00276  0.00516  
2860     N/A    0.004832  -24.98867  -25.03719  0.03115  -25.01982  -24.95752  0.99806  0.00359  0.00607  
2880     N/A    0.004070  -25.00781  -25.02964  0.03036  -25.03818  -24.97745  0.99913  0.00286  0.00528  
2900     N/A    0.003747  -25.01592  -25.05258  0.03084  -25.04676  -24.98508  0.99854  0.00252  0.00498  
2920     N/A    0.003656  -25.01821  -25.02075  0.03043  -25.04864  -24.98777  0.99990  0.00244  0.00487  
2940     N/A    0.004455  -24.99814  -25.02822  0.03096  -25.02911  -24.96718  0.99880  0.00322  0.00569  
2960     N/A    0.004074  -25.00771  -25.02185  0.03028  -25.03799  -24.97744  0.99943  0.00287  0.00528  
2980     N/A    0.004530  -24.99626  -25.03440  0.02926  -25.02552  -24.96700  0.99848  0.00336  0.00569  
3000     N/A    0.003761  -25.01555  -25.02517  0.03042  -25.04598  -24.98513  0.99962  0.00255  0.00497  
3020     N/A    0.003723  -25.01653  -25.03299  0.03089  -25.04742  -24.98564  0.99934  0.00249  0.00495  
3040     N/A    0.003153  -25.03083  -25.05496  0.02897  -25.05980  -25.00187  0.99904  0.00200  0.00431  
3060     N/A    0.003952  -25.01077  -25.02883  0.02969  -25.04046  -24.98107  0.99928  0.00277  0.00513  
3080     N/A    0.003455  -25.02323  -25.04008  0.02879  -25.05203  -24.99444  0.99933  0.00231  0.00460  
3100     N/A    0.004504  -24.99690  -25.02620  0.02861  -25.02551  -24.96829  0.99883  0.00336  0.00564  
3120     N/A    0.003952  -25.01077  -25.03808  0.02878  -25.03956  -24.98199  0.99891  0.00281  0.00510  
3140     N/A    0.003779  -25.01510  -25.02949  0.02933  -25.04443  -24.98578  0.99943  0.00261  0.00495  
3160     N/A    0.003545  -25.02098  -25.03314  0.02860  -25.04958  -24.99238  0.99951  0.00241  0.00468  
3180     N/A    0.003245  -25.02852  -25.03443  0.02802  -25.05653  -25.00050  0.99976  0.00213  0.00436  
3200     N/A    0.003602  -25.01955  -25.04733  0.02771  -25.04727  -24.99184  0.99889  0.00250  0.00471  
3220     N/A    0.003798  -25.01463  -25.02952  0.02859  -25.04321  -24.98604  0.99940  0.00266  0.00494  
3240     N/A    0.002980  -25.03518  -25.05921  0.02852  -25.06370  -25.00667  0.99904  0.00184  0.00412  
3260     N/A    0.003738  -25.01613  -25.02163  0.02862  -25.04474  -24.98751  0.99978  0.00260  0.00488  
3280     N/A    0.004018  -25.00910  -25.02386  0.02712  -25.03622  -24.98197  0.99941  0.00294  0.00510  
3300     N/A    0.003990  -25.00981  -25.02060  0.02699  -25.03680  -24.98282  0.99957  0.00292  0.00506  
3320     N/A    0.003010  -25.03441  -25.03406  0.02764  -25.06206  -25.00677  1.00001  0.00191  0.00411  
3340     N/A    0.003599  -25.01963  -25.03561  0.02673  -25.04636  -24.99290  0.99936  0.00253  0.00466  
3360     N/A    0.004591  -24.99473  -25.01680  0.02737  -25.02210  -24.96736  0.99912  0.00350  0.00568  
3380     N/A    0.003512  -25.02181  -25.02860  0.02705  -25.04886  -24.99476  0.99973  0.00243  0.00459  
3400     N/A    0.003414  -25.02429  -25.03262  0.02719  -25.05148  -24.99709  0.99967  0.00233  0.00450  
3420     N/A    0.004604  -24.99439  -25.02489  0.02734  -25.02173  -24.96705  0.99878  0.00352  0.00569  
3440     N/A    0.002956  -25.03578  -25.03573  0.02568  -25.06146  -25.01010  1.00000  0.00193  0.00398  
3460     N/A    0.003101  -25.03212  -25.03167  0.02601  -25.05814  -25.00611  1.00002  0.00207  0.00414  
3480     N/A    0.002767  -25.04052  -25.05144  0.02570  -25.06622  -25.01482  0.99956  0.00174  0.00379  
3500     N/A    0.003380  -25.02513  -25.03890  0.02529  -25.05042  -24.99985  0.99945  0.00237  0.00439  
3520     N/A    0.003249  -25.02842  -25.03748  0.02575  -25.05417  -25.00267  0.99964  0.00222  0.00427  
3540     N/A    0.003748  -25.01590  -25.04422  0.02549  -25.04138  -24.99041  0.99887  0.00273  0.00476  
3560     N/A    0.002844  -25.03860  -25.04589  0.02579  -25.06439  -25.01280  0.99971  0.00182  0.00387  
3580     N/A    0.003765  -25.01547  -25.03463  0.02547  -25.04094  -24.99000  0.99923  0.00275  0.00478  
3600     N/A    0.003436  -25.02373  -25.02635  0.02548  -25.04921  -24.99825  0.99990  0.00242  0.00445  
3620     N/A    0.003582  -25.02005  -25.03153  0.02461  -25.04466  -24.99545  0.99954  0.00260  0.00456  
3640     N/A    0.002694  -25.04234  -25.05534  0.02492  -25.06726  -25.01742  0.99948  0.00170  0.00369  
3660     N/A    0.002998  -25.03472  -25.04803  0.02549  -25.06021  -25.00923  0.99947  0.00198  0.00401  
3680     N/A    0.002422  -25.04918  -25.04263  0.02373  -25.07291  -25.02546  1.00026  0.00148  0.00337  
3700     N/A    0.002705  -25.04208  -25.04327  0.02467  -25.06675  -25.01741  0.99995  0.00172  0.00369  
3720     N/A    0.002728  -25.04150  -25.05354  0.02384  -25.06533  -25.01766  0.99952  0.00178  0.00368  
3740     N/A    0.002262  -25.05320  -25.04403  0.02348  -25.07668  -25.02972  1.00037  0.00133  0.00320  
3760     N/A    0.002522  -25.04667  -25.03588  0.02503  -25.07170  -25.02163  1.00043  0.00153  0.00352  
3780     N/A    0.002930  -25.03642  -25.04178  0.02325  -25.05967  -25.01318  0.99979  0.00200  0.00386  
3800     N/A    0.003173  -25.03032  -25.03058  0.02352  -25.05384  -25.00681  0.99999  0.00224  0.00411  
3820     N/A    0.002818  -25.03924  -25.03675  0.02323  -25.06248  -25.01601  1.00010  0.00189  0.00374  
3840     N/A    0.002985  -25.03505  -25.03620  0.02209  -25.05714  -25.01296  0.99995  0.00211  0.00386  
3860     N/A    0.002739  -25.04122  -25.04992  0.02345  -25.06467  -25.01777  0.99965  0.00181  0.00367  
3880     N/A    0.002342  -25.05118  -25.05268  0.02299  -25.07418  -25.02819  0.99994  0.00143  0.00326  
3900     N/A    0.002912  -25.03687  -25.03475  0.02242  -25.05929  -25.01445  1.00008  0.00202  0.00381  
3920     N/A    0.001919  -25.06181  -25.05323  0.02239  -25.08419  -25.03942  1.00034  0.00103  0.00281  
3940     N/A    0.001500  -25.07233  -25.07268  0.02293  -25.09525  -25.04940  0.99999  0.00059  0.00241  
3960     N/A    0.002682  -25.04266  -25.04507  0.02181  -25.06447  -25.02085  0.99990  0.00181  0.00355  
3980     N/A    0.001976  -25.06039  -25.05376  0.02171  -25.08211  -25.03868  1.00026  0.00111  0.00284  
4000     N/A    0.002389  -25.05000  -25.05082  0.02166  -25.07166  -25.02835  0.99997  0.00153  0.00325  
4020     N/A    0.002460  -25.04823  -25.05840  0.02124  -25.06947  -25.02699  0.99959  0.00161  0.00331  
4040     N/A    0.001972  -25.06049  -25.03801  0.02160  -25.08209  -25.03888  1.00090  0.00111  0.00283  
4060     N/A    0.002315  -25.05186  -25.05442  0.02095  -25.07281  -25.03091  0.99990  0.00148  0.00315  
4080     N/A    0.002396  -25.04983  -25.05696  0.02107  -25.07090  -25.02876  0.99972  0.00156  0.00324  
4100     N/A    0.002010  -25.05953  -25.05349  0.02073  -25.08026  -25.03880  1.00024  0.00118  0.00284  
4120     N/A    0.002130  -25.05650  -25.05791  0.02088  -25.07738  -25.03562  0.99994  0.00130  0.00296  
4140     N/A    0.002078  -25.05782  -25.05679  0.02061  -25.07843  -25.03721  1.00004  0.00126  0.00290  
4160     N/A    0.001887  -25.06262  -25.05112  0.02095  -25.08358  -25.04167  1.00046  0.00105  0.00272  
4180     N/A    0.001992  -25.05998  -25.06083  0.02015  -25.08013  -25.03983  0.99997  0.00119  0.00279  
4200     N/A    0.002265  -25.05312  -25.04546  0.02001  -25.07313  -25.03312  1.00031  0.00147  0.00306  
4220     N/A    0.001975  -25.06042  -25.05623  0.02002  -25.08044  -25.04040  1.00017  0.00118  0.00277  
4240     N/A    0.001951  -25.06101  -25.05754  0.01992  -25.08093  -25.04108  1.00014  0.00116  0.00274  
4260     N/A    0.001649  -25.06858  -25.08622  0.01992  -25.08850  -25.04867  0.99930  0.00086  0.00244  
4280     N/A    0.002077  -25.05785  -25.04735  0.01952  -25.07737  -25.03833  1.00042  0.00130  0.00285  
4300     N/A    0.001523  -25.07175  -25.07191  0.02016  -25.09191  -25.05159  0.99999  0.00072  0.00233  
4320     N/A    0.002162  -25.05572  -25.05694  0.01924  -25.07496  -25.03648  0.99995  0.00140  0.00293  
4340     N/A    0.002038  -25.05883  -25.06194  0.01947  -25.07830  -25.03936  0.99988  0.00126  0.00281  
4360     N/A    0.001450  -25.07358  -25.06840  0.01962  -25.09320  -25.05396  1.00021  0.00067  0.00223  
4380     N/A    0.002652  -25.04342  -25.04205  0.01915  -25.06256  -25.02427  1.00005  0.00189  0.00341  
4400     N/A    0.001596  -25.06991  -25.06148  0.01902  -25.08894  -25.05089  1.00034  0.00084  0.00235  
4420     N/A    0.002421  -25.04920  -25.04951  0.01898  -25.06818  -25.03022  0.99999  0.00167  0.00318  
4440     N/A    0.002028  -25.05908  -25.05721  0.01953  -25.07862  -25.03955  1.00007  0.00125  0.00281  
4460     N/A    0.002122  -25.05673  -25.06569  0.01880  -25.07552  -25.03793  0.99964  0.00137  0.00287  
4480     N/A    0.001515  -25.07196  -25.06942  0.01879  -25.09075  -25.05317  1.00010  0.00077  0.00226  
4500     N/A    0.001890  -25.06254  -25.06941  0.01889  -25.08143  -25.04364  0.99973  0.00114  0.00264  
4520     N/A    0.001672  -25.06802  -25.05658  0.01838  -25.08640  -25.04964  1.00046  0.00094  0.00240  
4540     N/A    0.001578  -25.07036  -25.06361  0.01843  -25.08879  -25.05193  1.00027  0.00084  0.00231  
4560     N/A    0.001456  -25.07345  -25.07373  0.01886  -25.09231  -25.05459  0.99999  0.00070  0.00221  
4580     N/A    0.001829  -25.06406  -25.06391  0.01850  -25.08256  -25.04556  1.00001  0.00109  0.00257  
4600     N/A    0.001818  -25.06436  -25.06640  0.01859  -25.08294  -25.04577  0.99992  0.00108  0.00256  
4620     N/A    0.001997  -25.05984  -25.07440  0.01848  -25.07832  -25.04136  0.99942  0.00126  0.00273  
4640     N/A    0.001378  -25.07540  -25.08246  0.01843  -25.09383  -25.05697  0.99972  0.00064  0.00211  
4660     N/A    0.002011  -25.05951  -25.05937  0.01860  -25.07812  -25.04091  1.00001  0.00127  0.00275  
4680     N/A    0.000974  -25.08555  -25.06978  0.01774  -25.10329  -25.06780  1.00063  0.00027  0.00168  
4700     N/A    0.001413  -25.07453  -25.07283  0.01817  -25.09270  -25.05635  1.00007  0.00069  0.00214  
4720     N/A    0.002164  -25.05567  -25.05036  0.01869  -25.07436  -25.03698  1.00021  0.00142  0.00291  
4740     N/A    0.001267  -25.07820  -25.06425  0.01787  -25.09606  -25.06033  1.00056  0.00056  0.00198  
4760     N/A    0.001476  -25.07294  -25.06492  0.01776  -25.09070  -25.05519  1.00032  0.00077  0.00218  
4780     N/A    0.001235  -25.07899  -25.06671  0.01800  -25.09699  -25.06100  1.00049  0.00052  0.00195  
4800     N/A    0.001679  -25.06783  -25.05484  0.01801  -25.08584  -25.04982  1.00052  0.00096  0.00240  
4820     N/A    0.001461  -25.07331  -25.07897  0.01755  -25.09085  -25.05576  0.99977  0.00076  0.00216  
4840     N/A    0.001273  -25.07803  -25.07595  0.01802  -25.09605  -25.06001  1.00008  0.00056  0.00199  
4860     N/A    0.001762  -25.06576  -25.07647  0.01759  -25.08335  -25.04818  0.99957  0.00106  0.00246  
4880     N/A    0.001572  -25.07052  -25.06839  0.01832  -25.08883  -25.05220  1.00008  0.00084  0.00230  
4900     N/A    0.001852  -25.06350  -25.06236  0.01775  -25.08125  -25.04574  1.00005  0.00115  0.00256  
4920     N/A    0.001656  -25.06842  -25.05531  0.01766  -25.08608  -25.05075  1.00052  0.00095  0.00236  
4940     N/A    0.001806  -25.06466  -25.06644  0.01753  -25.08219  -25.04712  0.99993  0.00111  0.00250  
4960     N/A    0.001700  -25.06731  -25.07395  0.01768  -25.08500  -25.04963  0.99974  0.00100  0.00240  
4980     N/A    0.001607  -25.06965  -25.05838  0.01784  -25.08749  -25.05181  1.00045  0.00090  0.00232  
5000     N/A    0.001901  -25.06226  -25.04459  0.01747  -25.07973  -25.04480  1.00071  0.00121  0.00260  
5020     N/A    0.001596  -25.06993  -25.06568  0.01726  -25.08719  -25.05267  1.00017  0.00091  0.00228  
5040     N/A    0.002400  -25.04974  -25.04699  0.01793  -25.06767  -25.03180  1.00011  0.00169  0.00311  
5060     N/A    0.001297  -25.07744  -25.08147  0.01714  -25.09458  -25.06031  0.99984  0.00061  0.00198  
5080     N/A    0.001798  -25.06485  -25.06448  0.01713  -25.08198  -25.04772  1.00002  0.00112  0.00248  
5100     N/A    0.001557  -25.07091  -25.07030  0.01744  -25.08835  -25.05347  1.00002  0.00086  0.00225  
5120     N/A    0.001695  -25.06743  -25.06349  0.01703  -25.08446  -25.05040  1.00016  0.00102  0.00237  
5140     N/A    0.002163  -25.05569  -25.04678  0.01736  -25.07304  -25.03833  1.00036  0.00147  0.00285  
5160     N/A    0.001326  -25.07670  -25.06902  0.01726  -25.09396  -25.05945  1.00031  0.00064  0.00201  
5180     N/A    0.001498  -25.07238  -25.06339  0.01709  -25.08947  -25.05529  1.00036  0.00082  0.00218  
5200     N/A    0.001756  -25.06592  -25.07287  0.01731  -25.08323  -25.04861  0.99972  0.00107  0.00245  
5220     N/A    0.001596  -25.06992  -25.06599  0.01718  -25.08710  -25.05274  1.00016  0.00091  0.00228  
5240     N/A    0.001738  -25.06636  -25.06960  0.01753  -25.08389  -25.04884  0.99987  0.00104  0.00244  
5260     N/A    0.001836  -25.06389  -25.04773  0.01703  -25.08092  -25.04686  1.00065  0.00116  0.00251  
5280     N/A    0.001446  -25.07370  -25.06191  0.01673  -25.09043  -25.05697  1.00047  0.00078  0.00211  
5300     N/A    0.002004  -25.05967  -25.05972  0.01761  -25.07728  -25.04207  1.00000  0.00130  0.00271  
5320     N/A    0.001695  -25.06744  -25.05895  0.01713  -25.08457  -25.05030  1.00034  0.00101  0.00238  
5340     N/A    0.001718  -25.06686  -25.05796  0.01724  -25.08410  -25.04962  1.00036  0.00103  0.00240  
5360     N/A    0.001773  -25.06548  -25.07586  0.01756  -25.08304  -25.04792  0.99959  0.00107  0.00247  
5380     N/A    0.001071  -25.08311  -25.08065  0.01690  -25.10002  -25.06621  1.00010  0.00040  0.00174  
5400     N/A    0.001592  -25.07003  -25.05969  0.01711  -25.08713  -25.05292  1.00041  0.00091  0.00227  
5420     N/A    0.001340  -25.07636  -25.07453  0.01668  -25.09305  -25.05968  1.00007  0.00068  0.00200  
5440     N/A    0.001768  -25.06561  -25.05839  0.01690  -25.08252  -25.04871  1.00029  0.00109  0.00244  
5460     N/A    0.001491  -25.07257  -25.06174  0.01702  -25.08959  -25.05554  1.00043  0.00081  0.00217  
5480     N/A    0.001833  -25.06397  -25.06004  0.01676  -25.08074  -25.04721  1.00016  0.00117  0.00250  
5500     N/A    0.001352  -25.07604  -25.06573  0.01642  -25.09246  -25.05963  1.00041  0.00070  0.00201  
5520     N/A    0.001392  -25.07506  -25.06662  0.01712  -25.09217  -25.05794  1.00034  0.00071  0.00207  
5540     N/A    0.001624  -25.06923  -25.04948  0.01683  -25.08606  -25.05239  1.00079  0.00095  0.00229  
5560     N/A    0.001677  -25.06789  -25.06566  0.01689  -25.08478  -25.05100  1.00009  0.00100  0.00235  
5580     N/A    0.002124  -25.05666  -25.06269  0.01677  -25.07343  -25.03989  0.99976  0.00146  0.00279  
5600     N/A    0.001721  -25.06679  -25.06337  0.01681  -25.08361  -25.04998  1.00014  0.00105  0.00239  
5620     N/A    0.001864  -25.06319  -25.05522  0.01703  -25.08022  -25.04616  1.00032  0.00119  0.00254  
5640     N/A    0.001772  -25.06550  -25.06956  0.01724  -25.08275  -25.04826  0.99984  0.00109  0.00246  
5660     N/A    0.001564  -25.07073  -25.06101  0.01687  -25.08759  -25.05386  1.00039  0.00089  0.00224  
5680     N/A    0.001218  -25.07941  -25.06913  0.01690  -25.09631  -25.06251  1.00041  0.00055  0.00189  
5700     N/A    0.001284  -25.07775  -25.08446  0.01655  -25.09431  -25.06120  0.99973  0.00062  0.00194  
5720     N/A    0.001488  -25.07264  -25.06539  0.01630  -25.08894  -25.05635  1.00029  0.00084  0.00214  
5740     N/A    0.001630  -25.06907  -25.07272  0.01644  -25.08551  -25.05263  0.99985  0.00098  0.00228  
5760     N/A    0.001472  -25.07304  -25.07456  0.01676  -25.08980  -25.05628  0.99994  0.00080  0.00214  
5780     N/A    0.001820  -25.06431  -25.06704  0.01667  -25.08097  -25.04764  0.99989  0.00116  0.00248  
5800     N/A    0.001670  -25.06808  -25.06620  0.01708  -25.08516  -25.05099  1.00007  0.00099  0.00235  
5820     N/A    0.001836  -25.06391  -25.06719  0.01691  -25.08082  -25.04699  0.99987  0.00116  0.00251  
5840     N/A    0.001632  -25.06902  -25.05451  0.01661  -25.08563  -25.05242  1.00058  0.00097  0.00229  
5860     N/A    0.001619  -25.06933  -25.06702  0.01675  -25.08609  -25.05258  1.00009  0.00095  0.00229  
5880     N/A    0.001752  -25.06600  -25.06374  0.01683  -25.08283  -25.04916  1.00009  0.00108  0.00242  
5900     N/A    0.001425  -25.07422  -25.07046  0.01693  -25.09116  -25.05729  1.00015  0.00075  0.00210  
5920     N/A    0.002209  -25.05453  -25.04416  0.01658  -25.07111  -25.03795  1.00041  0.00155  0.00287  
5940     N/A    0.001576  -25.07042  -25.06703  0.01723  -25.08766  -25.05319  1.00014  0.00089  0.00226  
5960     N/A    0.001454  -25.07349  -25.06173  0.01647  -25.08996  -25.05702  1.00047  0.00080  0.00211  
5980     N/A    0.001215  -25.07950  -25.08209  0.01655  -25.09605  -25.06295  0.99990  0.00056  0.00187  
6000     N/A    0.001521  -25.07180  -25.06951  0.01644  -25.08824  -25.05536  1.00009  0.00087  0.00218  
6020     N/A    0.001495  -25.07246  -25.06383  0.01682  -25.08928  -25.05564  1.00034  0.00083  0.00216  
6040     N/A    0.001101  -25.08236  -25.06188  0.01634  -25.09870  -25.06601  1.00082  0.00045  0.00175  
6060     N/A    0.001581  -25.07031  -25.06789  0.01653  -25.08684  -25.05378  1.00010  0.00092  0.00224  
6080     N/A    0.001329  -25.07663  -25.07008  0.01640  -25.09303  -25.06023  1.00026  0.00068  0.00198  
6100     N/A    0.001465  -25.07321  -25.07103  0.01656  -25.08977  -25.05665  1.00009  0.00081  0.00212  
6120     N/A    0.000928  -25.08671  -25.07921  0.01636  -25.10306  -25.07035  1.00030  0.00028  0.00158  
6140     N/A    0.001580  -25.07033  -25.05584  0.01634  -25.08667  -25.05398  1.00058  0.00093  0.00223  
6160     N/A    0.001920  -25.06178  -25.06145  0.01650  -25.07828  -25.04528  1.00001  0.00126  0.00258  
6180     N/A    0.001696  -25.06743  -25.05622  0.01676  -25.08419  -25.05066  1.00045  0.00103  0.00236  
6200     N/A    0.001408  -25.07465  -25.07253  0.01648  -25.09113  -25.05818  1.00008  0.00075  0.00206  
6220     N/A    0.001301  -25.07732  -25.06678  0.01612  -25.09344  -25.06120  1.00042  0.00066  0.00194  
6240     N/A    0.001836  -25.06389  -25.07168  0.01619  -25.08007  -25.04770  0.99969  0.00119  0.00248  
6260     N/A    0.001424  -25.07424  -25.07500  0.01609  -25.09033  -25.05815  0.99997  0.00078  0.00206  
6280     N/A    0.001386  -25.07519  -25.05735  0.01627  -25.09146  -25.05892  1.00071  0.00074  0.00203  
6300     N/A    0.001361  -25.07582  -25.06088  0.01675  -25.09258  -25.05907  1.00060  0.00069  0.00203  
6320     N/A    0.001769  -25.06558  -25.05687  0.01644  -25.08201  -25.04914  1.00035  0.00111  0.00242  
6340     N/A    0.001137  -25.08145  -25.06908  0.01618  -25.09764  -25.06527  1.00049  0.00049  0.00178  
6360     N/A    0.001703  -25.06723  -25.05853  0.01681  -25.08404  -25.05043  1.00035  0.00103  0.00237  
6380     N/A    0.001299  -25.07738  -25.06836  0.01643  -25.09381  -25.06094  1.00036  0.00064  0.00195  
6400     N/A    0.001163  -25.08079  -25.07573  0.01694  -25.09774  -25.06385  1.00020  0.00049  0.00184  
6420     N/A    0.001537  -25.07140  -25.05374  0.01673  -25.08813  -25.05468  1.00071  0.00087  0.00220  
6440     N/A    0.001995  -25.05990  -25.05468  0.01635  -25.07624  -25.04355  1.00021  0.00134  0.00265  
6460     N/A    0.001605  -25.06971  -25.05370  0.01654  -25.08625  -25.05317  1.00064  0.00095  0.00226  
6480     N/A    0.001847  -25.06363  -25.06243  0.01647  -25.08010  -25.04716  1.00005  0.00119  0.00250  
6500     N/A    0.001239  -25.07890  -25.07374  0.01626  -25.09516  -25.06264  1.00021  0.00059  0.00189  
6520     N/A    0.001368  -25.07564  -25.07372  0.01650  -25.09214  -25.05915  1.00008  0.00071  0.00203  
6540     N/A    0.001680  -25.06781  -25.05946  0.01620  -25.08402  -25.05161  1.00033  0.00103  0.00233  
6560     N/A    0.001616  -25.06942  -25.05972  0.01650  -25.08592  -25.05292  1.00039  0.00096  0.00227  
6580     N/A    0.001633  -25.06899  -25.07291  0.01654  -25.08553  -25.05245  0.99984  0.00097  0.00229  
6600     N/A    0.001110  -25.08213  -25.07548  0.01612  -25.09825  -25.06602  1.00027  0.00047  0.00175  
6620     N/A    0.001426  -25.07420  -25.06471  0.01634  -25.09054  -25.05785  1.00038  0.00078  0.00208  
6640     N/A    0.001841  -25.06377  -25.04620  0.01664  -25.08041  -25.04713  1.00070  0.00118  0.00250  
6660     N/A    0.001539  -25.07136  -25.06446  0.01647  -25.08783  -25.05489  1.00028  0.00088  0.00219  
6680     N/A    0.001341  -25.07633  -25.06481  0.01656  -25.09288  -25.05977  1.00046  0.00068  0.00200  
6700     N/A    0.001714  -25.06695  -25.05545  0.01619  -25.08314  -25.05076  1.00046  0.00107  0.00236  
6720     N/A    0.001768  -25.06561  -25.05530  0.01640  -25.08201  -25.04921  1.00041  0.00111  0.00242  
6740     N/A    0.001726  -25.06667  -25.05961  0.01686  -25.08353  -25.04981  1.00028  0.00105  0.00240  
6760     N/A    0.001606  -25.06967  -25.05739  0.01684  -25.08651  -25.05284  1.00049  0.00094  0.00228  
6780     N/A    0.001363  -25.07577  -25.06319  0.01643  -25.09219  -25.05934  1.00050  0.00071  0.00202  
6800     N/A    0.001761  -25.06579  -25.05936  0.01668  -25.08247  -25.04911  1.00026  0.00110  0.00243  
6820     N/A    0.001295  -25.07749  -25.07361  0.01660  -25.09410  -25.06089  1.00015  0.00063  0.00196  
6840     N/A    0.001525  -25.07170  -25.06146  0.01644  -25.08814  -25.05527  1.00041  0.00087  0.00218  
6860     N/A    0.001238  -25.07891  -25.06751  0.01663  -25.09553  -25.06228  1.00045  0.00058  0.00190  
6880     N/A    0.001375  -25.07547  -25.07790  0.01657  -25.09204  -25.05890  0.99990  0.00072  0.00203  
6900     N/A    0.000940  -25.08638  -25.07914  0.01653  -25.10291  -25.06986  1.00029  0.00028  0.00160  
6920     N/A    0.001626  -25.06918  -25.07161  0.01629  -25.08547  -25.05289  0.99990  0.00098  0.00227  
6940     N/A    0.001174  -25.08051  -25.08831  0.01611  -25.09662  -25.06441  0.99969  0.00053  0.00182  
6960     N/A    0.001373  -25.07552  -25.07064  0.01656  -25.09208  -25.05897  1.00019  0.00071  0.00203  
6980     N/A    0.001735  -25.06644  -25.04824  0.01651  -25.08295  -25.04993  1.00073  0.00108  0.00239  
7000     N/A    0.001598  -25.06988  -25.06500  0.01654  -25.08642  -25.05334  1.00019  0.00094  0.00226  
7020     N/A    0.001138  -25.08141  -25.07559  0.01634  -25.09775  -25.06507  1.00023  0.00049  0.00179  
7040     N/A    0.001896  -25.06238  -25.05916  0.01681  -25.07919  -25.04557  1.00013  0.00123  0.00257  
7060     N/A    0.001766  -25.06566  -25.05053  0.01634  -25.08200  -25.04932  1.00060  0.00112  0.00242  
7080     N/A    0.001298  -25.07740  -25.07821  0.01664  -25.09404  -25.06076  0.99997  0.00064  0.00196  
7100     N/A    0.000873  -25.08808  -25.08123  0.01659  -25.10466  -25.07149  1.00027  0.00021  0.00153  
7120     N/A    0.001592  -25.07003  -25.06853  0.01628  -25.08631  -25.05375  1.00006  0.00094  0.00224  
7140     N/A    0.001579  -25.07036  -25.05919  0.01632  -25.08668  -25.05403  1.00045  0.00093  0.00223  
7160     N/A    0.001382  -25.07530  -25.06903  0.01609  -25.09138  -25.05921  1.00025  0.00074  0.00202  
7180     N/A    0.001507  -25.07217  -25.04715  0.01628  -25.08845  -25.05590  1.00100  0.00086  0.00215  
7200     N/A    0.001074  -25.08302  -25.08586  0.01638  -25.09940  -25.06664  0.99989  0.00042  0.00173  
7220     N/A    0.001728  -25.06661  -25.06096  0.01644  -25.08304  -25.05017  1.00023  0.00107  0.00238  
7240     N/A    0.001224  -25.07926  -25.07024  0.01621  -25.09547  -25.06306  1.00036  0.00058  0.00187  
7260     N/A    0.001934  -25.06143  -25.05905  0.01641  -25.07784  -25.04502  1.00009  0.00128  0.00259  
7280     N/A    0.001431  -25.07407  -25.06963  0.01650  -25.09057  -25.05758  1.00018  0.00077  0.00209  
7300     N/A    0.001684  -25.06772  -25.06289  0.01627  -25.08399  -25.05145  1.00019  0.00104  0.00233  
7320     N/A    0.001591  -25.07005  -25.06548  0.01653  -25.08658  -25.05351  1.00018  0.00093  0.00225  
7340     N/A    0.001556  -25.07093  -25.07612  0.01665  -25.08758  -25.05429  0.99979  0.00089  0.00222  
7360     N/A    0.001098  -25.08243  -25.06086  0.01642  -25.09886  -25.06601  1.00086  0.00044  0.00175  
7380     N/A    0.001627  -25.06915  -25.06610  0.01616  -25.08531  -25.05299  1.00012  0.00098  0.00227  
7400     N/A    0.001286  -25.07770  -25.06393  0.01690  -25.09460  -25.06081  1.00055  0.00061  0.00196  
7420     N/A    0.001436  -25.07394  -25.06676  0.01629  -25.09023  -25.05765  1.00029  0.00079  0.00208  
7440     N/A    0.001083  -25.08280  -25.07915  0.01652  -25.09932  -25.06628  1.00015  0.00043  0.00174  
7460     N/A    0.001835  -25.06393  -25.06225  0.01618  -25.08011  -25.04775  1.00007  0.00119  0.00248  
7480     N/A    0.001793  -25.06497  -25.06375  0.01659  -25.08155  -25.04838  1.00005  0.00113  0.00245  
7500     N/A    0.000883  -25.08783  -25.07847  0.01638  -25.10421  -25.07144  1.00037  0.00023  0.00154  
7520     N/A    0.001563  -25.07076  -25.06829  0.01652  -25.08727  -25.05424  1.00010  0.00091  0.00222  
7540     N/A    0.001499  -25.07236  -25.06697  0.01648  -25.08884  -25.05588  1.00022  0.00084  0.00216  
7560     N/A    0.001403  -25.07478  -25.06590  0.01664  -25.09142  -25.05814  1.00035  0.00074  0.00207  
7580     N/A    0.001468  -25.07315  -25.06057  0.01606  -25.08921  -25.05709  1.00050  0.00083  0.00211  
7600     N/A    0.001324  -25.07675  -25.07299  0.01601  -25.09276  -25.06074  1.00015  0.00069  0.00196  
7620     N/A    0.001779  -25.06533  -25.06405  0.01601  -25.08134  -25.04932  1.00005  0.00114  0.00242  
7640     N/A    0.001293  -25.07754  -25.07118  0.01650  -25.09404  -25.06104  1.00025  0.00064  0.00195  
7660     N/A    0.001672  -25.06802  -25.05685  0.01643  -25.08445  -25.05159  1.00045  0.00102  0.00233  
7680     N/A    0.001801  -25.06477  -25.05753  0.01648  -25.08125  -25.04829  1.00029  0.00115  0.00246  
7700     N/A    0.001320  -25.07687  -25.06568  0.01637  -25.09323  -25.06050  1.00045  0.00067  0.00197  
7720     N/A    0.001316  -25.07696  -25.07273  0.01658  -25.09355  -25.06038  1.00017  0.00066  0.00198  
7740     N/A    0.001855  -25.06341  -25.05844  0.01655  -25.07996  -25.04687  1.00020  0.00120  0.00251  
7760     N/A    0.001143  -25.08130  -25.07360  0.01635  -25.09765  -25.06494  1.00031  0.00049  0.00179  
7780     N/A    0.001524  -25.07174  -25.05635  0.01632  -25.08806  -25.05542  1.00061  0.00087  0.00217  
7800     N/A    0.001256  -25.07846  -25.06893  0.01643  -25.09488  -25.06203  1.00038  0.00060  0.00191  
7820     N/A    0.001650  -25.06857  -25.06136  0.01660  -25.08517  -25.05197  1.00029  0.00099  0.00231  
7840     N/A    0.001348  -25.07615  -25.07397  0.01654  -25.09269  -25.05962  1.00009  0.00069  0.00201  
7860     N/A    0.001510  -25.07208  -25.06779  0.01654  -25.08862  -25.05554  1.00017  0.00085  0.00217  
7880     N/A    0.001591  -25.07005  -25.06793  0.01660  -25.08665  -25.05344  1.00008  0.00093  0.00225  
7900     N/A    0.001731  -25.06654  -25.06616  0.01644  -25.08298  -25.05011  1.00002  0.00108  0.00239  
7920     N/A    0.001623  -25.06926  -25.06628  0.01647  -25.08573  -25.05279  1.00012  0.00097  0.00228  
7940     N/A    0.001393  -25.07502  -25.06248  0.01653  -25.09154  -25.05849  1.00050  0.00074  0.00205  
7960     N/A    0.001521  -25.07180  -25.05958  0.01650  -25.08830  -25.05530  1.00049  0.00086  0.00218  
7980     N/A    0.001010  -25.08464  -25.09112  0.01642  -25.10106  -25.06821  0.99974  0.00036  0.00166  
8000     N/A    0.001822  -25.06426  -25.06410  0.01645  -25.08070  -25.04781  1.00001  0.00117  0.00248  
8020     N/A    0.001202  -25.07982  -25.07106  0.01633  -25.09615  -25.06349  1.00035  0.00055  0.00185  
8040     N/A    0.001486  -25.07268  -25.07309  0.01697  -25.08965  -25.05571  0.99998  0.00081  0.00216  
8060     N/A    0.001198  -25.07992  -25.07591  0.01621  -25.09613  -25.06371  1.00016  0.00055  0.00184  
8080     N/A    0.001765  -25.06568  -25.05198  0.01665  -25.08232  -25.04903  1.00055  0.00110  0.00243  
8100     N/A    0.001180  -25.08036  -25.08580  0.01598  -25.09634  -25.06438  0.99978  0.00054  0.00182  
8120     N/A    0.001311  -25.07709  -25.06594  0.01640  -25.09349  -25.06069  1.00044  0.00066  0.00196  
8140     N/A    0.001703  -25.06724  -25.05546  0.01599  -25.08322  -25.05125  1.00047  0.00107  0.00234  
8160     N/A    0.001656  -25.06843  -25.06942  0.01645  -25.08488  -25.05198  0.99996  0.00100  0.00231  
8180     N/A    0.001435  -25.07397  -25.05347  0.01677  -25.09074  -25.05720  1.00082  0.00077  0.00210  
8200     N/A    0.001776  -25.06541  -25.06295  0.01698  -25.08240  -25.04843  1.00010  0.00110  0.00245  
8220     N/A    0.001546  -25.07117  -25.06795  0.01646  -25.08763  -25.05471  1.00013  0.00089  0.00220  
8240     N/A    0.002031  -25.05900  -25.04584  0.01685  -25.07585  -25.04215  1.00053  0.00136  0.00270  
8260     N/A    0.000964  -25.08579  -25.07272  0.01653  -25.10232  -25.06926  1.00052  0.00031  0.00162  
8280     N/A    0.001247  -25.07869  -25.06711  0.01628  -25.09497  -25.06241  1.00046  0.00060  0.00190  
8300     N/A    0.001207  -25.07970  -25.08214  0.01655  -25.09625  -25.06315  0.99990  0.00055  0.00187  
8320     N/A    0.001674  -25.06797  -25.05867  0.01658  -25.08455  -25.05139  1.00037  0.00101  0.00233  
8340     N/A    0.001108  -25.08218  -25.06753  0.01667  -25.09886  -25.06551  1.00058  0.00044  0.00177  
8360     N/A    0.002306  -25.05210  -25.04287  0.01692  -25.06902  -25.03519  1.00037  0.00163  0.00298  
8380     N/A    0.001636  -25.06891  -25.07250  0.01669  -25.08560  -25.05223  0.99986  0.00097  0.00230  
8400     N/A    0.001533  -25.07151  -25.06206  0.01645  -25.08796  -25.05505  1.00038  0.00088  0.00219  
8420     N/A    0.001552  -25.07102  -25.07691  0.01667  -25.08769  -25.05435  0.99976  0.00089  0.00222  
8440     N/A    0.001418  -25.07439  -25.06501  0.01674  -25.09113  -25.05765  1.00037  0.00075  0.00208  
8460     N/A    0.001445  -25.07371  -25.06682  0.01661  -25.09031  -25.05710  1.00027  0.00078  0.00211  
8480     N/A    0.001330  -25.07661  -25.08586  0.01618  -25.09278  -25.06043  0.99963  0.00069  0.00197  
8500     N/A    0.001879  -25.06282  -25.05252  0.01679  -25.07961  -25.04603  1.00041  0.00121  0.00255  
8520     N/A    0.002081  -25.05774  -25.04004  0.01673  -25.07447  -25.04101  1.00071  0.00141  0.00275  
8540     N/A    0.001527  -25.07165  -25.06390  0.01615  -25.08780  -25.05551  1.00031  0.00088  0.00217  
8560     N/A    0.001377  -25.07542  -25.06747  0.01667  -25.09209  -25.05876  1.00032  0.00071  0.00204  
8580     N/A    0.001672  -25.06803  -25.05669  0.01660  -25.08463  -25.05142  1.00045  0.00101  0.00233  
8600     N/A    0.001617  -25.06940  -25.06180  0.01658  -25.08599  -25.05282  1.00030  0.00096  0.00228  
8620     N/A    0.001842  -25.06375  -25.05151  0.01660  -25.08036  -25.04715  1.00049  0.00118  0.00250  
8640     N/A    0.001326  -25.07671  -25.06923  0.01677  -25.09348  -25.05995  1.00030  0.00066  0.00199  
8660     N/A    0.001749  -25.06607  -25.06963  0.01638  -25.08245  -25.04970  0.99986  0.00110  0.00240  
8680     N/A    0.001988  -25.06008  -25.06845  0.01616  -25.07625  -25.04392  0.99967  0.00134  0.00263  
8700     N/A    0.001455  -25.07347  -25.06414  0.01643  -25.08990  -25.05704  1.00037  0.00080  0.00211  
8720     N/A    0.001352  -25.07605  -25.06833  0.01665  -25.09271  -25.05940  1.00031  0.00069  0.00202  
8740     N/A    0.001885  -25.06266  -25.06431  0.01633  -25.07898  -25.04633  0.99993  0.00124  0.00254  
8760     N/A    0.001322  -25.07680  -25.07019  0.01635  -25.09315  -25.06045  1.00026  0.00067  0.00197  
8780     N/A    0.001440  -25.07383  -25.06785  0.01638  -25.09021  -25.05746  1.00024  0.00079  0.00209  
8800     N/A    0.001289  -25.07764  -25.07114  0.01623  -25.09388  -25.06141  1.00026  0.00064  0.00194  
8820     N/A    0.001660  -25.06831  -25.06917  0.01644  -25.08475  -25.05186  0.99997  0.00101  0.00232  
8840     N/A    0.001733  -25.06649  -25.06194  0.01663  -25.08312  -25.04987  1.00018  0.00107  0.00239  
8860     N/A    0.001693  -25.06748  -25.06781  0.01682  -25.08430  -25.05067  0.99999  0.00102  0.00236  
8880     N/A    0.001546  -25.07118  -25.05628  0.01657  -25.08775  -25.05461  1.00059  0.00089  0.00221  
8900     N/A    0.001508  -25.07213  -25.06081  0.01645  -25.08858  -25.05568  1.00045  0.00085  0.00216  
