nh: 10
samples1: 12500
samples2: 5000
burn_in: 500
steps: 100
Exact H:-25.11
   Fidelity  ROE       Mean      Median    CI Width LL on CI  UL on CI  mmRatio  Min Err  Max Err
20     N/A    0.152811  -21.27292  -21.39001  0.14751  -21.42043  -21.12541  0.99453  0.14694  0.15869  
40     N/A    0.106573  -22.43395  -22.57290  0.12631  -22.56026  -22.30765  0.99384  0.10154  0.11160  
60     N/A    0.075714  -23.20882  -23.37430  0.11181  -23.32062  -23.09701  0.99292  0.07126  0.08017  
80     N/A    0.059765  -23.60930  -23.79131  0.09895  -23.70825  -23.51035  0.99235  0.05582  0.06371  
100     N/A    0.045928  -23.95674  -24.13543  0.09044  -24.04719  -23.86630  0.99260  0.04233  0.04953  
120     N/A    0.037191  -24.17613  -24.34133  0.08165  -24.25778  -24.09448  0.99321  0.03394  0.04044  
140     N/A    0.035754  -24.21221  -24.38005  0.07859  -24.29080  -24.13361  0.99312  0.03262  0.03888  
160     N/A    0.027871  -24.41015  -24.54160  0.07374  -24.48389  -24.33642  0.99464  0.02493  0.03081  
180     N/A    0.026645  -24.44094  -24.58687  0.07044  -24.51138  -24.37049  0.99406  0.02384  0.02945  
200     N/A    0.023697  -24.51498  -24.64980  0.06720  -24.58218  -24.44778  0.99453  0.02102  0.02637  
220     N/A    0.023122  -24.52940  -24.66304  0.06492  -24.59432  -24.46449  0.99458  0.02054  0.02571  
240     N/A    0.019401  -24.62283  -24.77411  0.06173  -24.68456  -24.56110  0.99389  0.01694  0.02186  
260     N/A    0.016730  -24.68991  -24.82014  0.06010  -24.75001  -24.62981  0.99475  0.01434  0.01912  
280     N/A    0.017330  -24.67485  -24.79157  0.05867  -24.73352  -24.61618  0.99529  0.01499  0.01967  
300     N/A    0.014631  -24.74263  -24.86628  0.05629  -24.79892  -24.68634  0.99503  0.01239  0.01687  
320     N/A    0.015108  -24.73063  -24.84088  0.05488  -24.78551  -24.67576  0.99556  0.01292  0.01729  
340     N/A    0.014193  -24.75360  -24.84208  0.05431  -24.80791  -24.69929  0.99644  0.01203  0.01636  
360     N/A    0.013740  -24.76499  -24.88182  0.05284  -24.81783  -24.71215  0.99530  0.01164  0.01584  
380     N/A    0.013011  -24.78330  -24.88610  0.05074  -24.83405  -24.73256  0.99587  0.01099  0.01503  
400     N/A    0.011767  -24.81453  -24.93339  0.05025  -24.86477  -24.76428  0.99523  0.00977  0.01377  
420     N/A    0.012801  -24.78857  -24.86801  0.04854  -24.83711  -24.74004  0.99681  0.01087  0.01473  
440     N/A    0.013064  -24.78197  -24.89004  0.04964  -24.83161  -24.73232  0.99566  0.01109  0.01504  
460     N/A    0.012310  -24.80090  -24.89228  0.04731  -24.84821  -24.75359  0.99633  0.01043  0.01419  
480     N/A    0.010369  -24.84964  -24.95940  0.04734  -24.89698  -24.80230  0.99560  0.00848  0.01225  
500     N/A    0.009709  -24.86620  -24.96117  0.04632  -24.91251  -24.81988  0.99620  0.00786  0.01155  
520     N/A    0.010590  -24.84409  -24.94419  0.04567  -24.88976  -24.79843  0.99599  0.00877  0.01241  
540     N/A    0.009107  -24.88133  -24.96690  0.04539  -24.92672  -24.83594  0.99657  0.00730  0.01091  
560     N/A    0.009657  -24.86752  -24.96849  0.04436  -24.91187  -24.82316  0.99596  0.00789  0.01142  
580     N/A    0.010369  -24.84963  -24.95451  0.04394  -24.89357  -24.80569  0.99580  0.00862  0.01212  
600     N/A    0.008494  -24.89671  -24.96713  0.04380  -24.94051  -24.85291  0.99718  0.00675  0.01024  
620     N/A    0.008771  -24.88977  -24.97518  0.04326  -24.93302  -24.84651  0.99658  0.00705  0.01049  
640     N/A    0.008353  -24.90025  -24.99737  0.04313  -24.94338  -24.85712  0.99611  0.00664  0.01007  
660     N/A    0.008439  -24.89809  -24.97258  0.04389  -24.94198  -24.85420  0.99702  0.00669  0.01019  
680     N/A    0.007784  -24.91453  -24.99412  0.04157  -24.95611  -24.87296  0.99682  0.00613  0.00944  
700     N/A    0.008279  -24.90211  -24.97411  0.04235  -24.94446  -24.85976  0.99712  0.00659  0.00997  
720     N/A    0.008668  -24.89233  -24.98665  0.04166  -24.93400  -24.85067  0.99623  0.00701  0.01033  
740     N/A    0.006813  -24.93893  -25.02071  0.04092  -24.97985  -24.89801  0.99673  0.00518  0.00844  
760     N/A    0.008131  -24.90583  -24.97559  0.04045  -24.94627  -24.86538  0.99721  0.00652  0.00974  
780     N/A    0.007260  -24.92771  -25.01642  0.04224  -24.96995  -24.88547  0.99645  0.00558  0.00894  
800     N/A    0.008859  -24.88756  -24.98315  0.04156  -24.92912  -24.84600  0.99617  0.00720  0.01051  
820     N/A    0.007472  -24.92237  -25.00472  0.04043  -24.96280  -24.88194  0.99671  0.00586  0.00908  
840     N/A    0.007622  -24.91862  -25.01656  0.04123  -24.95985  -24.87739  0.99608  0.00598  0.00926  
860     N/A    0.007883  -24.91205  -25.00692  0.04048  -24.95254  -24.87157  0.99621  0.00627  0.00950  
880     N/A    0.007528  -24.92097  -25.01887  0.03942  -24.96039  -24.88155  0.99609  0.00596  0.00910  
900     N/A    0.007743  -24.91558  -24.99162  0.04151  -24.95709  -24.87407  0.99696  0.00609  0.00940  
920     N/A    0.007749  -24.91541  -24.98516  0.04006  -24.95547  -24.87535  0.99721  0.00615  0.00934  
940     N/A    0.006937  -24.93582  -25.03340  0.03868  -24.97450  -24.89714  0.99610  0.00540  0.00848  
960     N/A    0.008115  -24.90623  -25.00067  0.04000  -24.94623  -24.86623  0.99622  0.00652  0.00971  
980     N/A    0.007677  -24.91722  -25.00822  0.03887  -24.95609  -24.87835  0.99636  0.00613  0.00923  
1000     N/A    0.006485  -24.94716  -25.02967  0.03950  -24.98666  -24.90765  0.99670  0.00491  0.00806  
1020     N/A    0.007397  -24.92425  -25.01951  0.03973  -24.96398  -24.88452  0.99619  0.00582  0.00898  
1040     N/A    0.006389  -24.94957  -25.03153  0.03901  -24.98859  -24.91056  0.99673  0.00484  0.00794  
1060     N/A    0.006924  -24.93615  -25.01472  0.03908  -24.97524  -24.89707  0.99686  0.00537  0.00848  
1080     N/A    0.006773  -24.93994  -25.01928  0.03856  -24.97850  -24.90138  0.99683  0.00524  0.00831  
1100     N/A    0.006624  -24.94367  -25.03405  0.03860  -24.98226  -24.90507  0.99639  0.00509  0.00816  
1120     N/A    0.007309  -24.92646  -25.04333  0.03797  -24.96443  -24.88849  0.99533  0.00580  0.00882  
1140     N/A    0.006005  -24.95922  -25.02973  0.03795  -24.99717  -24.92126  0.99718  0.00449  0.00752  
1160     N/A    0.006071  -24.95755  -25.01821  0.03719  -24.99474  -24.92036  0.99758  0.00459  0.00755  
1180     N/A    0.005888  -24.96216  -25.01985  0.03780  -24.99997  -24.92436  0.99769  0.00438  0.00739  
1200     N/A    0.006580  -24.94478  -25.03206  0.03778  -24.98256  -24.90700  0.99651  0.00508  0.00808  
1220     N/A    0.006945  -24.93562  -25.01316  0.03651  -24.97213  -24.89911  0.99690  0.00549  0.00840  
1240     N/A    0.006998  -24.93428  -25.00122  0.03765  -24.97194  -24.89663  0.99732  0.00550  0.00850  
1260     N/A    0.005472  -24.97261  -25.02598  0.03639  -25.00899  -24.93622  0.99787  0.00402  0.00692  
1280     N/A    0.005788  -24.96466  -25.02076  0.03730  -25.00197  -24.92736  0.99776  0.00430  0.00727  
1300     N/A    0.004880  -24.98745  -25.02939  0.03585  -25.02330  -24.95161  0.99832  0.00345  0.00631  
1320     N/A    0.006283  -24.95222  -25.01044  0.03668  -24.98890  -24.91554  0.99767  0.00482  0.00774  
1340     N/A    0.005195  -24.97956  -25.03302  0.03568  -25.01524  -24.94388  0.99786  0.00377  0.00662  
1360     N/A    0.007856  -24.91274  -25.00636  0.03399  -24.94673  -24.87876  0.99626  0.00650  0.00921  
1380     N/A    0.006295  -24.95193  -25.01353  0.03421  -24.98614  -24.91772  0.99754  0.00493  0.00766  
1400     N/A    0.005020  -24.98394  -25.03522  0.03506  -25.01900  -24.94888  0.99795  0.00362  0.00642  
1420     N/A    0.005409  -24.97418  -25.04660  0.03373  -25.00791  -24.94044  0.99711  0.00407  0.00675  
1440     N/A    0.005267  -24.97775  -25.01305  0.03396  -25.01171  -24.94380  0.99859  0.00391  0.00662  
1460     N/A    0.004290  -25.00227  -25.04571  0.03339  -25.03566  -24.96888  0.99827  0.00296  0.00562  
1480     N/A    0.005475  -24.97253  -25.01325  0.03389  -25.00642  -24.93864  0.99837  0.00413  0.00682  
1500     N/A    0.005124  -24.98133  -25.01337  0.03425  -25.01558  -24.94708  0.99872  0.00376  0.00649  
1520     N/A    0.005445  -24.97327  -25.02097  0.03370  -25.00697  -24.93956  0.99809  0.00410  0.00679  
1540     N/A    0.005267  -24.97773  -25.01967  0.03318  -25.01091  -24.94456  0.99832  0.00395  0.00659  
1560     N/A    0.004882  -24.98741  -25.02800  0.03306  -25.02048  -24.95435  0.99838  0.00357  0.00620  
1580     N/A    0.005165  -24.98031  -25.03587  0.03261  -25.01292  -24.94769  0.99778  0.00387  0.00646  
1600     N/A    0.004205  -25.00441  -25.04172  0.03285  -25.03725  -24.97156  0.99851  0.00290  0.00551  
1620     N/A    0.005078  -24.98249  -25.02389  0.03151  -25.01399  -24.95098  0.99835  0.00382  0.00633  
1640     N/A    0.004133  -25.00622  -25.04510  0.03249  -25.03871  -24.97374  0.99845  0.00284  0.00543  
1660     N/A    0.005114  -24.98159  -25.03901  0.03214  -25.01374  -24.94945  0.99771  0.00383  0.00639  
1680     N/A    0.005365  -24.97528  -25.01431  0.03200  -25.00728  -24.94329  0.99844  0.00409  0.00664  
1700     N/A    0.005352  -24.97560  -25.02028  0.03225  -25.00785  -24.94335  0.99821  0.00407  0.00664  
1720     N/A    0.004029  -25.00884  -25.00378  0.03092  -25.03976  -24.97792  1.00020  0.00280  0.00526  
1740     N/A    0.004582  -24.99493  -25.01970  0.03150  -25.02643  -24.96344  0.99901  0.00333  0.00584  
1760     N/A    0.004175  -25.00516  -25.02608  0.03178  -25.03695  -24.97338  0.99916  0.00291  0.00544  
1780     N/A    0.004098  -25.00711  -25.03701  0.03210  -25.03920  -24.97501  0.99881  0.00282  0.00538  
1800     N/A    0.004315  -25.00164  -25.02223  0.03171  -25.03335  -24.96993  0.99918  0.00305  0.00558  
1820     N/A    0.003881  -25.01255  -25.02969  0.03065  -25.04319  -24.98190  0.99932  0.00266  0.00510  
1840     N/A    0.004221  -25.00401  -25.03771  0.03047  -25.03447  -24.97354  0.99865  0.00301  0.00543  
1860     N/A    0.005319  -24.97643  -25.01184  0.03029  -25.00672  -24.94613  0.99858  0.00411  0.00653  
1880     N/A    0.003855  -25.01321  -25.01558  0.02929  -25.04249  -24.98392  0.99991  0.00269  0.00502  
1900     N/A    0.003461  -25.02309  -25.03510  0.03056  -25.05365  -24.99253  0.99952  0.00224  0.00468  
1920     N/A    0.004292  -25.00223  -25.02109  0.03104  -25.03327  -24.97119  0.99925  0.00306  0.00553  
1940     N/A    0.004306  -25.00188  -25.02842  0.03012  -25.03200  -24.97176  0.99894  0.00311  0.00551  
1960     N/A    0.004152  -25.00573  -25.03269  0.03018  -25.03591  -24.97555  0.99892  0.00295  0.00535  
1980     N/A    0.003957  -25.01064  -25.02857  0.03017  -25.04082  -24.98047  0.99928  0.00276  0.00516  
2000     N/A    0.004487  -24.99734  -25.03025  0.02998  -25.02732  -24.96736  0.99869  0.00329  0.00568  
2020     N/A    0.003906  -25.01192  -25.03791  0.02980  -25.04172  -24.98213  0.99896  0.00272  0.00509  
2040     N/A    0.003632  -25.01880  -25.03149  0.02858  -25.04737  -24.99022  0.99949  0.00249  0.00477  
2060     N/A    0.003627  -25.01893  -25.02975  0.02894  -25.04787  -24.98999  0.99957  0.00247  0.00478  
2080     N/A    0.003965  -25.01043  -25.02829  0.02946  -25.03989  -24.98097  0.99929  0.00279  0.00514  
2100     N/A    0.004218  -25.00410  -25.01475  0.02851  -25.03261  -24.97558  0.99957  0.00308  0.00535  
2120     N/A    0.003698  -25.01716  -25.02632  0.02893  -25.04609  -24.98822  0.99963  0.00255  0.00485  
2140     N/A    0.004173  -25.00521  -25.01985  0.02839  -25.03360  -24.97681  0.99941  0.00304  0.00530  
2160     N/A    0.004574  -24.99515  -25.02802  0.02925  -25.02440  -24.96591  0.99869  0.00341  0.00574  
2180     N/A    0.003852  -25.01327  -25.03141  0.02870  -25.04197  -24.98457  0.99928  0.00271  0.00500  
2200     N/A    0.003653  -25.01826  -25.03387  0.02870  -25.04696  -24.98957  0.99938  0.00251  0.00480  
2220     N/A    0.004302  -25.00198  -25.02161  0.02885  -25.03083  -24.97312  0.99922  0.00315  0.00545  
2240     N/A    0.003918  -25.01162  -25.03694  0.02871  -25.04033  -24.98290  0.99899  0.00277  0.00506  
2260     N/A    0.003521  -25.02158  -25.03794  0.02864  -25.05023  -24.99294  0.99935  0.00238  0.00466  
2280     N/A    0.004214  -25.00419  -25.03823  0.02902  -25.03321  -24.97517  0.99864  0.00306  0.00537  
2300     N/A    0.003546  -25.02097  -25.03216  0.02807  -25.04903  -24.99290  0.99955  0.00243  0.00466  
2320     N/A    0.003719  -25.01661  -25.02448  0.02801  -25.04462  -24.98861  0.99969  0.00260  0.00483  
2340     N/A    0.003747  -25.01591  -25.04738  0.02890  -25.04481  -24.98700  0.99874  0.00260  0.00490  
2360     N/A    0.004447  -24.99834  -25.02561  0.02758  -25.02591  -24.97076  0.99891  0.00335  0.00555  
2380     N/A    0.003060  -25.03315  -25.04973  0.02887  -25.06203  -25.00428  0.99934  0.00191  0.00421  
2400     N/A    0.003627  -25.01892  -25.02908  0.02859  -25.04751  -24.99033  0.99959  0.00249  0.00477  
2420     N/A    0.003360  -25.02562  -25.03899  0.02831  -25.05393  -24.99732  0.99947  0.00223  0.00449  
2440     N/A    0.004236  -25.00363  -25.03135  0.02773  -25.03137  -24.97590  0.99889  0.00313  0.00534  
2460     N/A    0.003834  -25.01373  -25.03542  0.02794  -25.04167  -24.98579  0.99913  0.00272  0.00495  
2480     N/A    0.004531  -24.99624  -25.01194  0.02854  -25.02478  -24.96769  0.99937  0.00339  0.00567  
2500     N/A    0.003806  -25.01443  -25.03840  0.02740  -25.04183  -24.98703  0.99904  0.00271  0.00490  
2520     N/A    0.003719  -25.01662  -25.02994  0.02642  -25.04304  -24.99020  0.99947  0.00267  0.00477  
2540     N/A    0.004093  -25.00723  -25.01333  0.02793  -25.03516  -24.97930  0.99976  0.00298  0.00521  
2560     N/A    0.003149  -25.03092  -25.04127  0.02830  -25.05922  -25.00262  0.99959  0.00202  0.00428  
2580     N/A    0.003539  -25.02114  -25.02366  0.02825  -25.04939  -24.99289  0.99990  0.00241  0.00466  
2600     N/A    0.003373  -25.02530  -25.02613  0.02765  -25.05295  -24.99764  0.99997  0.00227  0.00447  
2620     N/A    0.002971  -25.03540  -25.02551  0.02752  -25.06291  -25.00788  1.00040  0.00188  0.00407  
2640     N/A    0.003331  -25.02637  -25.03151  0.02672  -25.05309  -24.99965  0.99979  0.00227  0.00439  
2660     N/A    0.004223  -25.00395  -25.01591  0.02634  -25.03029  -24.97761  0.99952  0.00317  0.00527  
2680     N/A    0.003450  -25.02337  -25.03891  0.02716  -25.05052  -24.99621  0.99938  0.00237  0.00453  
2700     N/A    0.003837  -25.01365  -25.02899  0.02691  -25.04056  -24.98674  0.99939  0.00277  0.00491  
2720     N/A    0.003227  -25.02897  -25.04067  0.02693  -25.05590  -25.00204  0.99953  0.00215  0.00430  
2740     N/A    0.004202  -25.00449  -25.00564  0.02717  -25.03166  -24.97731  0.99995  0.00312  0.00528  
2760     N/A    0.003242  -25.02858  -25.02542  0.02633  -25.05491  -25.00225  1.00013  0.00219  0.00429  
2780     N/A    0.003708  -25.01688  -25.03530  0.02666  -25.04354  -24.99022  0.99926  0.00265  0.00477  
2800     N/A    0.002848  -25.03849  -25.04501  0.02700  -25.06549  -25.01149  0.99974  0.00177  0.00392  
2820     N/A    0.003405  -25.02451  -25.03052  0.02686  -25.05136  -24.99765  0.99976  0.00234  0.00447  
2840     N/A    0.003234  -25.02881  -25.03487  0.02614  -25.05494  -25.00267  0.99976  0.00219  0.00427  
2860     N/A    0.003913  -25.01175  -25.02727  0.02638  -25.03813  -24.98537  0.99938  0.00286  0.00496  
2880     N/A    0.004090  -25.00729  -25.03064  0.02698  -25.03427  -24.98032  0.99907  0.00302  0.00516  
2900     N/A    0.002621  -25.04418  -25.05076  0.02591  -25.07009  -25.01827  0.99974  0.00159  0.00365  
2920     N/A    0.003637  -25.01869  -25.02546  0.02617  -25.04486  -24.99251  0.99973  0.00259  0.00468  
2940     N/A    0.003645  -25.01847  -25.03832  0.02501  -25.04348  -24.99346  0.99921  0.00265  0.00464  
2960     N/A    0.003463  -25.02303  -25.03849  0.02662  -25.04966  -24.99641  0.99938  0.00240  0.00452  
2980     N/A    0.003395  -25.02476  -25.03246  0.02539  -25.05016  -24.99937  0.99969  0.00238  0.00441  
3000     N/A    0.003629  -25.01888  -25.02623  0.02574  -25.04462  -24.99315  0.99971  0.00260  0.00465  
3020     N/A    0.003758  -25.01564  -25.02656  0.02544  -25.04108  -24.99020  0.99956  0.00274  0.00477  
3040     N/A    0.003882  -25.01253  -25.02493  0.02603  -25.03856  -24.98649  0.99950  0.00284  0.00492  
3060     N/A    0.003315  -25.02677  -25.04820  0.02524  -25.05200  -25.00153  0.99914  0.00231  0.00432  
3080     N/A    0.002855  -25.03831  -25.03671  0.02623  -25.06454  -25.01208  1.00006  0.00181  0.00390  
3100     N/A    0.003202  -25.02960  -25.03607  0.02458  -25.05418  -25.00502  0.99974  0.00222  0.00418  
3120     N/A    0.003139  -25.03118  -25.04864  0.02505  -25.05622  -25.00613  0.99930  0.00214  0.00414  
3140     N/A    0.002700  -25.04221  -25.03920  0.02491  -25.06712  -25.01730  1.00012  0.00171  0.00369  
3160     N/A    0.004002  -25.00952  -25.02793  0.02450  -25.03401  -24.98502  0.99926  0.00303  0.00498  
3180     N/A    0.004014  -25.00921  -25.01335  0.02581  -25.03502  -24.98339  0.99983  0.00299  0.00504  
3200     N/A    0.003092  -25.03236  -25.02405  0.02440  -25.05676  -25.00797  1.00033  0.00212  0.00406  
3220     N/A    0.003300  -25.02714  -25.03109  0.02464  -25.05178  -25.00249  0.99984  0.00232  0.00428  
3240     N/A    0.003414  -25.02428  -25.03190  0.02437  -25.04865  -24.99991  0.99970  0.00244  0.00438  
3260     N/A    0.004166  -25.00539  -25.01853  0.02391  -25.02930  -24.98149  0.99948  0.00321  0.00512  
3280     N/A    0.002583  -25.04513  -25.04034  0.02410  -25.06923  -25.02103  1.00019  0.00162  0.00354  
3300     N/A    0.003274  -25.02780  -25.03446  0.02477  -25.05257  -25.00303  0.99973  0.00229  0.00426  
3320     N/A    0.002184  -25.05516  -25.03594  0.02381  -25.07897  -25.03135  1.00077  0.00124  0.00313  
3340     N/A    0.003170  -25.03041  -25.02170  0.02489  -25.05530  -25.00551  1.00035  0.00218  0.00416  
3360     N/A    0.002296  -25.05235  -25.04607  0.02372  -25.07607  -25.02863  1.00025  0.00135  0.00324  
3380     N/A    0.003177  -25.03024  -25.03535  0.02311  -25.05334  -25.00713  0.99980  0.00226  0.00410  
3400     N/A    0.002448  -25.04852  -25.03683  0.02326  -25.07178  -25.02526  1.00047  0.00152  0.00337  
3420     N/A    0.002840  -25.03870  -25.03782  0.02410  -25.06279  -25.01460  1.00003  0.00188  0.00380  
3440     N/A    0.001963  -25.06071  -25.03753  0.02272  -25.08342  -25.03799  1.00093  0.00106  0.00287  
3460     N/A    0.002716  -25.04180  -25.04836  0.02296  -25.06476  -25.01884  0.99974  0.00180  0.00363  
3480     N/A    0.002535  -25.04636  -25.04160  0.02340  -25.06975  -25.02296  1.00019  0.00160  0.00347  
3500     N/A    0.002456  -25.04834  -25.03253  0.02245  -25.07079  -25.02589  1.00063  0.00156  0.00335  
3520     N/A    0.002480  -25.04773  -25.04393  0.02229  -25.07002  -25.02544  1.00015  0.00159  0.00337  
3540     N/A    0.001970  -25.06053  -25.04603  0.02230  -25.08283  -25.03823  1.00058  0.00108  0.00286  
3560     N/A    0.002545  -25.04610  -25.04252  0.02250  -25.06861  -25.02360  1.00014  0.00165  0.00344  
3580     N/A    0.002391  -25.04997  -25.04933  0.02235  -25.07232  -25.02762  1.00003  0.00150  0.00328  
3600     N/A    0.002503  -25.04716  -25.04576  0.02151  -25.06867  -25.02565  1.00006  0.00165  0.00336  
3620     N/A    0.002831  -25.03892  -25.03469  0.02147  -25.06039  -25.01745  1.00017  0.00198  0.00369  
3640     N/A    0.002706  -25.04204  -25.04518  0.02115  -25.06319  -25.02089  0.99987  0.00186  0.00355  
3660     N/A    0.002414  -25.04938  -25.04096  0.02121  -25.07058  -25.02817  1.00034  0.00157  0.00326  
3680     N/A    0.002191  -25.05499  -25.06834  0.02148  -25.07648  -25.03351  0.99947  0.00134  0.00305  
3700     N/A    0.002353  -25.05091  -25.04658  0.02167  -25.07258  -25.02924  1.00017  0.00149  0.00322  
3720     N/A    0.001897  -25.06238  -25.05113  0.02081  -25.08319  -25.04157  1.00045  0.00107  0.00273  
3740     N/A    0.002103  -25.05720  -25.03647  0.02048  -25.07767  -25.03672  1.00083  0.00129  0.00292  
3760     N/A    0.002292  -25.05246  -25.03461  0.02078  -25.07323  -25.03168  1.00071  0.00146  0.00312  
3780     N/A    0.001841  -25.06376  -25.04599  0.02040  -25.08417  -25.04336  1.00071  0.00103  0.00265  
3800     N/A    0.002237  -25.05383  -25.04794  0.01969  -25.07352  -25.03414  1.00024  0.00145  0.00302  
3820     N/A    0.002601  -25.04470  -25.02569  0.01983  -25.06452  -25.02487  1.00076  0.00181  0.00339  
3840     N/A    0.001941  -25.06126  -25.05087  0.02041  -25.08167  -25.04085  1.00041  0.00113  0.00275  
3860     N/A    0.002185  -25.05514  -25.04152  0.01965  -25.07479  -25.03548  1.00054  0.00140  0.00297  
3880     N/A    0.001496  -25.07244  -25.06385  0.01986  -25.09230  -25.05257  1.00034  0.00070  0.00229  
3900     N/A    0.002177  -25.05534  -25.04079  0.01842  -25.07376  -25.03692  1.00058  0.00144  0.00291  
3920     N/A    0.001885  -25.06268  -25.05195  0.01910  -25.08178  -25.04357  1.00043  0.00112  0.00265  
3940     N/A    0.001807  -25.06462  -25.04800  0.01921  -25.08383  -25.04541  1.00066  0.00104  0.00257  
3960     N/A    0.001536  -25.07144  -25.06167  0.01896  -25.09041  -25.05248  1.00039  0.00078  0.00229  
3980     N/A    0.001521  -25.07181  -25.06525  0.01829  -25.09010  -25.05352  1.00026  0.00079  0.00225  
4000     N/A    0.002015  -25.05940  -25.05136  0.01856  -25.07796  -25.04083  1.00032  0.00128  0.00275  
4020     N/A    0.001490  -25.07257  -25.05755  0.01804  -25.09062  -25.05453  1.00060  0.00077  0.00221  
4040     N/A    0.001781  -25.06528  -25.05557  0.01840  -25.08368  -25.04689  1.00039  0.00105  0.00251  
4060     N/A    0.001355  -25.07598  -25.04663  0.01806  -25.09404  -25.05792  1.00117  0.00064  0.00207  
4080     N/A    0.002129  -25.05653  -25.04914  0.01745  -25.07398  -25.03908  1.00030  0.00143  0.00282  
4100     N/A    0.002244  -25.05367  -25.05176  0.01829  -25.07196  -25.03537  1.00008  0.00151  0.00297  
4120     N/A    0.001629  -25.06910  -25.05072  0.01793  -25.08704  -25.05117  1.00073  0.00091  0.00234  
4140     N/A    0.001199  -25.07990  -25.06200  0.01748  -25.09738  -25.06242  1.00071  0.00050  0.00190  
4160     N/A    0.001868  -25.06310  -25.05658  0.01755  -25.08065  -25.04555  1.00026  0.00117  0.00257  
4180     N/A    0.001195  -25.07999  -25.07186  0.01795  -25.09794  -25.06204  1.00032  0.00048  0.00191  
4200     N/A    0.001272  -25.07805  -25.06260  0.01706  -25.09511  -25.06099  1.00062  0.00059  0.00195  
4220     N/A    0.001206  -25.07973  -25.06612  0.01757  -25.09729  -25.06216  1.00054  0.00051  0.00191  
4240     N/A    0.001555  -25.07096  -25.06098  0.01735  -25.08831  -25.05360  1.00040  0.00086  0.00225  
4260     N/A    0.001695  -25.06744  -25.06623  0.01713  -25.08457  -25.05031  1.00005  0.00101  0.00238  
4280     N/A    0.001547  -25.07115  -25.05979  0.01677  -25.08792  -25.05438  1.00045  0.00088  0.00222  
4300     N/A    0.001957  -25.06087  -25.05723  0.01713  -25.07800  -25.04374  1.00015  0.00127  0.00264  
4320     N/A    0.001409  -25.07461  -25.05147  0.01705  -25.09166  -25.05757  1.00092  0.00073  0.00209  
4340     N/A    0.001236  -25.07895  -25.07280  0.01626  -25.09522  -25.06269  1.00025  0.00059  0.00188  
4360     N/A    0.001708  -25.06711  -25.06678  0.01669  -25.08380  -25.05043  1.00001  0.00104  0.00237  
4380     N/A    0.002290  -25.05251  -25.05227  0.01691  -25.06942  -25.03560  1.00001  0.00162  0.00296  
4400     N/A    0.001654  -25.06847  -25.05452  0.01649  -25.08496  -25.05198  1.00056  0.00100  0.00231  
4420     N/A    0.001156  -25.08098  -25.07360  0.01667  -25.09766  -25.06431  1.00029  0.00049  0.00182  
4440     N/A    0.001656  -25.06842  -25.06684  0.01628  -25.08470  -25.05215  1.00006  0.00101  0.00230  
4460     N/A    0.001941  -25.06126  -25.05379  0.01656  -25.07782  -25.04470  1.00030  0.00128  0.00260  
4480     N/A    0.001379  -25.07538  -25.05550  0.01637  -25.09175  -25.05901  1.00079  0.00073  0.00203  
4500     N/A    0.001208  -25.07967  -25.07531  0.01596  -25.09563  -25.06370  1.00017  0.00057  0.00184  
4520     N/A    0.001131  -25.08161  -25.07159  0.01599  -25.09760  -25.06562  1.00040  0.00049  0.00177  
4540     N/A    0.001749  -25.06608  -25.05335  0.01626  -25.08234  -25.04982  1.00051  0.00110  0.00240  
4560     N/A    0.001460  -25.07335  -25.05785  0.01613  -25.08948  -25.05722  1.00062  0.00082  0.00210  
4580     N/A    0.001420  -25.07434  -25.05969  0.01572  -25.09005  -25.05862  1.00058  0.00079  0.00205  
4600     N/A    0.001409  -25.07463  -25.06792  0.01606  -25.09069  -25.05857  1.00027  0.00077  0.00205  
4620     N/A    0.001697  -25.06739  -25.04952  0.01626  -25.08365  -25.05113  1.00071  0.00105  0.00234  
4640     N/A    0.001583  -25.07024  -25.06028  0.01614  -25.08638  -25.05410  1.00040  0.00094  0.00223  
4660     N/A    0.000949  -25.08616  -25.07581  0.01602  -25.10217  -25.07014  1.00041  0.00031  0.00159  
4680     N/A    0.001462  -25.07330  -25.07672  0.01574  -25.08904  -25.05756  0.99986  0.00083  0.00209  
4700     N/A    0.001015  -25.08453  -25.06558  0.01626  -25.10078  -25.06827  1.00076  0.00037  0.00166  
4720     N/A    0.000945  -25.08627  -25.06638  0.01591  -25.10218  -25.07036  1.00079  0.00031  0.00158  
4740     N/A    0.001364  -25.07574  -25.06218  0.01619  -25.09193  -25.05955  1.00054  0.00072  0.00201  
4760     N/A    0.001222  -25.07933  -25.04888  0.01597  -25.09530  -25.06335  1.00122  0.00059  0.00186  
4780     N/A    0.001401  -25.07481  -25.06122  0.01563  -25.09044  -25.05918  1.00054  0.00078  0.00202  
4800     N/A    0.001392  -25.07505  -25.06565  0.01590  -25.09095  -25.05915  1.00038  0.00076  0.00203  
4820     N/A    0.001439  -25.07388  -25.06705  0.01598  -25.08986  -25.05789  1.00027  0.00080  0.00208  
4840     N/A    0.001915  -25.06192  -25.06526  0.01605  -25.07797  -25.04587  0.99987  0.00128  0.00255  
4860     N/A    0.001104  -25.08227  -25.06990  0.01528  -25.09755  -25.06699  1.00049  0.00050  0.00171  
4880     N/A    0.001423  -25.07426  -25.05410  0.01515  -25.08941  -25.05910  1.00080  0.00082  0.00203  
4900     N/A    0.001945  -25.06116  -25.06228  0.01563  -25.07679  -25.04552  0.99996  0.00132  0.00257  
4920     N/A    0.001357  -25.07593  -25.05376  0.01576  -25.09169  -25.06017  1.00088  0.00073  0.00198  
4940     N/A    0.001228  -25.07917  -25.06923  0.01536  -25.09453  -25.06380  1.00040  0.00062  0.00184  
4960     N/A    0.001706  -25.06717  -25.06164  0.01564  -25.08281  -25.05153  1.00022  0.00108  0.00233  
4980     N/A    0.001061  -25.08335  -25.05906  0.01550  -25.09884  -25.06785  1.00097  0.00044  0.00168  
5000     N/A    0.000849  -25.08869  -25.07676  0.01550  -25.10419  -25.07319  1.00048  0.00023  0.00147  
5020     N/A    0.001337  -25.07642  -25.06433  0.01530  -25.09173  -25.06112  1.00048  0.00073  0.00195  
5040     N/A    0.001193  -25.08004  -25.06432  0.01534  -25.09539  -25.06470  1.00063  0.00058  0.00180  
5060     N/A    0.001262  -25.07832  -25.07137  0.01558  -25.09390  -25.06274  1.00028  0.00064  0.00188  
5080     N/A    0.001871  -25.06303  -25.05899  0.01538  -25.07841  -25.04765  1.00016  0.00126  0.00248  
5100     N/A    0.001055  -25.08352  -25.06510  0.01579  -25.09930  -25.06773  1.00073  0.00043  0.00168  
5120     N/A    0.001450  -25.07359  -25.06836  0.01533  -25.08892  -25.05825  1.00021  0.00084  0.00206  
5140     N/A    0.001555  -25.07095  -25.05799  0.01494  -25.08588  -25.05601  1.00052  0.00096  0.00215  
5160     N/A    0.001353  -25.07601  -25.06168  0.01501  -25.09102  -25.06100  1.00057  0.00076  0.00195  
5180     N/A    0.001377  -25.07542  -25.06617  0.01517  -25.09059  -25.06025  1.00037  0.00077  0.00198  
5200     N/A    0.001459  -25.07336  -25.05653  0.01522  -25.08857  -25.05814  1.00067  0.00085  0.00207  
5220     N/A    0.001127  -25.08171  -25.06555  0.01538  -25.09709  -25.06633  1.00064  0.00051  0.00174  
5240     N/A    0.001235  -25.07898  -25.06027  0.01548  -25.09446  -25.06349  1.00075  0.00062  0.00185  
5260     N/A    0.001166  -25.08071  -25.07171  0.01538  -25.09609  -25.06533  1.00036  0.00055  0.00178  
5280     N/A    0.001482  -25.07278  -25.06737  0.01513  -25.08791  -25.05765  1.00022  0.00088  0.00208  
5300     N/A    0.002084  -25.05767  -25.04469  0.01546  -25.07314  -25.04221  1.00052  0.00147  0.00270  
5320     N/A    0.000754  -25.09107  -25.08119  0.01515  -25.10622  -25.07592  1.00039  0.00015  0.00136  
5340     N/A    0.001304  -25.07726  -25.07367  0.01490  -25.09216  -25.06236  1.00014  0.00071  0.00190  
5360     N/A    0.001551  -25.07106  -25.05656  0.01523  -25.08629  -25.05582  1.00058  0.00094  0.00216  
5380     N/A    0.001428  -25.07413  -25.06568  0.01533  -25.08946  -25.05881  1.00034  0.00082  0.00204  
5400     N/A    0.001262  -25.07831  -25.06077  0.01515  -25.09346  -25.06317  1.00070  0.00066  0.00187  
5420     N/A    0.001616  -25.06941  -25.06363  0.01488  -25.08429  -25.05454  1.00023  0.00102  0.00221  
5440     N/A    0.001303  -25.07729  -25.06461  0.01502  -25.09231  -25.06227  1.00051  0.00070  0.00190  
5460     N/A    0.000684  -25.09283  -25.08615  0.01527  -25.10809  -25.07756  1.00027  0.00008  0.00129  
5480     N/A    0.001697  -25.06738  -25.06378  0.01531  -25.08270  -25.05207  1.00014  0.00109  0.00231  
5500     N/A    0.001336  -25.07645  -25.06442  0.01520  -25.09166  -25.06125  1.00048  0.00073  0.00194  
5520     N/A    0.001686  -25.06765  -25.06549  0.01528  -25.08293  -25.05237  1.00009  0.00108  0.00229  
5540     N/A    0.001462  -25.07330  -25.06602  0.01535  -25.08864  -25.05795  1.00029  0.00085  0.00207  
5560     N/A    0.001182  -25.08033  -25.07509  0.01548  -25.09581  -25.06485  1.00021  0.00057  0.00180  
5580     N/A    0.001118  -25.08194  -25.07538  0.01530  -25.09724  -25.06664  1.00026  0.00051  0.00173  
5600     N/A    0.001378  -25.07541  -25.06188  0.01527  -25.09068  -25.06013  1.00054  0.00077  0.00199  
5620     N/A    0.001250  -25.07862  -25.07679  0.01526  -25.09388  -25.06337  1.00007  0.00064  0.00186  
5640     N/A    0.001395  -25.07497  -25.05680  0.01520  -25.09017  -25.05976  1.00072  0.00079  0.00200  
5660     N/A    0.001372  -25.07556  -25.07229  0.01512  -25.09068  -25.06043  1.00013  0.00077  0.00197  
5680     N/A    0.001110  -25.08212  -25.07002  0.01528  -25.09740  -25.06684  1.00048  0.00050  0.00172  
5700     N/A    0.001312  -25.07706  -25.07892  0.01483  -25.09189  -25.06223  0.99993  0.00072  0.00190  
5720     N/A    0.001535  -25.07146  -25.05408  0.01464  -25.08610  -25.05682  1.00069  0.00095  0.00212  
5740     N/A    0.001402  -25.07479  -25.06726  0.01510  -25.08989  -25.05969  1.00030  0.00080  0.00200  
5760     N/A    0.001529  -25.07161  -25.06015  0.01505  -25.08666  -25.05657  1.00046  0.00093  0.00213  
5780     N/A    0.001560  -25.07083  -25.06488  0.01496  -25.08579  -25.05587  1.00024  0.00096  0.00216  
5800     N/A    0.001159  -25.08089  -25.06943  0.01518  -25.09607  -25.06571  1.00046  0.00055  0.00176  
5820     N/A    0.001593  -25.07000  -25.06565  0.01495  -25.08496  -25.05505  1.00017  0.00100  0.00219  
5840     N/A    0.000766  -25.09076  -25.07907  0.01496  -25.10572  -25.07581  1.00047  0.00017  0.00136  
5860     N/A    0.001086  -25.08274  -25.06620  0.01507  -25.09781  -25.06768  1.00066  0.00049  0.00169  
5880     N/A    0.001132  -25.08158  -25.05904  0.01517  -25.09674  -25.06641  1.00090  0.00053  0.00174  
5900     N/A    0.001295  -25.07748  -25.06102  0.01525  -25.09273  -25.06224  1.00066  0.00069  0.00190  
5920     N/A    0.001542  -25.07129  -25.06110  0.01511  -25.08640  -25.05618  1.00041  0.00094  0.00214  
5940     N/A    0.001336  -25.07645  -25.05919  0.01530  -25.09175  -25.06116  1.00069  0.00073  0.00195  
5960     N/A    0.001494  -25.07248  -25.07187  0.01517  -25.08766  -25.05731  1.00002  0.00089  0.00210  
5980     N/A    0.000832  -25.08911  -25.07572  0.01495  -25.10406  -25.07416  1.00053  0.00024  0.00143  
6000     N/A    0.001333  -25.07653  -25.06711  0.01488  -25.09141  -25.06165  1.00038  0.00074  0.00193  
6020     N/A    0.001186  -25.08021  -25.06798  0.01503  -25.09524  -25.06518  1.00049  0.00059  0.00178  
6040     N/A    0.001367  -25.07569  -25.05201  0.01453  -25.09021  -25.06116  1.00095  0.00079  0.00195  
6060     N/A    0.001120  -25.08187  -25.07188  0.01486  -25.09673  -25.06700  1.00040  0.00053  0.00171  
6080     N/A    0.001313  -25.07703  -25.05822  0.01488  -25.09191  -25.06214  1.00075  0.00072  0.00191  
6100     N/A    0.000911  -25.08712  -25.06576  0.01482  -25.10194  -25.07230  1.00085  0.00032  0.00150  
6120     N/A    0.001110  -25.08212  -25.06397  0.01500  -25.09712  -25.06713  1.00072  0.00051  0.00171  
6140     N/A    0.001270  -25.07810  -25.07481  0.01432  -25.09242  -25.06378  1.00013  0.00070  0.00184  
6160     N/A    0.001121  -25.08185  -25.07124  0.01514  -25.09700  -25.06671  1.00042  0.00052  0.00172  
6180     N/A    0.001180  -25.08036  -25.07896  0.01495  -25.09531  -25.06541  1.00006  0.00059  0.00178  
6200     N/A    0.000920  -25.08690  -25.07344  0.01534  -25.10224  -25.07156  1.00054  0.00031  0.00153  
6220     N/A    0.001342  -25.07629  -25.06628  0.01515  -25.09144  -25.06115  1.00040  0.00074  0.00195  
6240     N/A    0.001758  -25.06585  -25.05515  0.01547  -25.08132  -25.05038  1.00043  0.00114  0.00237  
6260     N/A    0.001163  -25.08080  -25.06470  0.01442  -25.09522  -25.06638  1.00064  0.00059  0.00174  
6280     N/A    0.001594  -25.06997  -25.06487  0.01507  -25.08504  -25.05491  1.00020  0.00099  0.00219  
6300     N/A    0.001674  -25.06797  -25.05781  0.01475  -25.08272  -25.05322  1.00041  0.00109  0.00226  
6320     N/A    0.001176  -25.08047  -25.05444  0.01524  -25.09571  -25.06522  1.00104  0.00057  0.00178  
6340     N/A    0.001920  -25.06179  -25.05229  0.01496  -25.07675  -25.04683  1.00038  0.00132  0.00252  
6360     N/A    0.001084  -25.08277  -25.07435  0.01490  -25.09767  -25.06787  1.00034  0.00049  0.00168  
6380     N/A    0.001297  -25.07743  -25.07398  0.01475  -25.09218  -25.06268  1.00014  0.00071  0.00188  
6400     N/A    0.001315  -25.07697  -25.06440  0.01503  -25.09200  -25.06194  1.00050  0.00072  0.00191  
6420     N/A    0.001553  -25.07100  -25.06287  0.01508  -25.08608  -25.05592  1.00032  0.00095  0.00215  
6440     N/A    0.001529  -25.07162  -25.05496  0.01489  -25.08651  -25.05672  1.00066  0.00094  0.00212  
6460     N/A    0.001493  -25.07250  -25.06221  0.01509  -25.08759  -25.05741  1.00041  0.00089  0.00209  
6480     N/A    0.001340  -25.07634  -25.06879  0.01518  -25.09152  -25.06116  1.00030  0.00074  0.00195  
6500     N/A    0.001186  -25.08021  -25.07125  0.01503  -25.09525  -25.06518  1.00036  0.00059  0.00178  
6520     N/A    0.001205  -25.07974  -25.07074  0.01537  -25.09511  -25.06437  1.00036  0.00059  0.00182  
6540     N/A    0.001480  -25.07284  -25.05638  0.01495  -25.08779  -25.05790  1.00066  0.00088  0.00208  
6560     N/A    0.001300  -25.07736  -25.06262  0.01514  -25.09251  -25.06222  1.00059  0.00070  0.00190  
6580     N/A    0.001108  -25.08217  -25.06947  0.01477  -25.09694  -25.06740  1.00051  0.00052  0.00170  
6600     N/A    0.001031  -25.08411  -25.07463  0.01465  -25.09876  -25.06946  1.00038  0.00045  0.00161  
6620     N/A    0.001543  -25.07125  -25.04808  0.01490  -25.08615  -25.05635  1.00093  0.00095  0.00214  
6640     N/A    0.001094  -25.08252  -25.06728  0.01462  -25.09715  -25.06790  1.00061  0.00051  0.00168  
6660     N/A    0.001068  -25.08317  -25.07646  0.01456  -25.09773  -25.06861  1.00027  0.00049  0.00165  
6680     N/A    0.001205  -25.07975  -25.06127  0.01452  -25.09427  -25.06523  1.00074  0.00063  0.00178  
6700     N/A    0.001421  -25.07433  -25.06696  0.01509  -25.08941  -25.05924  1.00029  0.00082  0.00202  
6720     N/A    0.000951  -25.08612  -25.07576  0.01509  -25.10121  -25.07103  1.00041  0.00035  0.00155  
6740     N/A    0.001338  -25.07641  -25.07529  0.01479  -25.09119  -25.06162  1.00004  0.00075  0.00193  
6760     N/A    0.000984  -25.08528  -25.07069  0.01424  -25.09952  -25.07104  1.00058  0.00042  0.00155  
6780     N/A    0.001055  -25.08350  -25.07282  0.01482  -25.09832  -25.06868  1.00043  0.00047  0.00165  
6800     N/A    0.001260  -25.07836  -25.07548  0.01464  -25.09300  -25.06371  1.00011  0.00068  0.00184  
6820     N/A    0.001557  -25.07090  -25.06106  0.01462  -25.08552  -25.05629  1.00039  0.00098  0.00214  
6840     N/A    0.001168  -25.08067  -25.07785  0.01472  -25.09539  -25.06595  1.00011  0.00058  0.00175  
6860     N/A    0.001420  -25.07436  -25.05524  0.01523  -25.08959  -25.05912  1.00076  0.00081  0.00203  
6880     N/A    0.001390  -25.07509  -25.06765  0.01508  -25.09017  -25.06001  1.00030  0.00079  0.00199  
6900     N/A    0.000792  -25.09012  -25.08723  0.01478  -25.10490  -25.07535  1.00012  0.00020  0.00138  
6920     N/A    0.001190  -25.08013  -25.07188  0.01505  -25.09518  -25.06508  1.00033  0.00059  0.00179  
6940     N/A    0.001561  -25.07081  -25.05626  0.01512  -25.08594  -25.05569  1.00058  0.00096  0.00216  
6960     N/A    0.001563  -25.07076  -25.05423  0.01496  -25.08572  -25.05579  1.00066  0.00097  0.00216  
6980     N/A    0.001170  -25.08062  -25.07092  0.01481  -25.09543  -25.06582  1.00039  0.00058  0.00176  
7000     N/A    0.001523  -25.07175  -25.05410  0.01516  -25.08691  -25.05659  1.00070  0.00092  0.00213  
7020     N/A    0.001269  -25.07814  -25.07292  0.01480  -25.09294  -25.06334  1.00021  0.00068  0.00186  
7040     N/A    0.001030  -25.08414  -25.07956  0.01503  -25.09918  -25.06911  1.00018  0.00043  0.00163  
7060     N/A    0.001031  -25.08411  -25.06527  0.01521  -25.09932  -25.06890  1.00075  0.00043  0.00164  
7080     N/A    0.001062  -25.08333  -25.07575  0.01471  -25.09805  -25.06862  1.00030  0.00048  0.00165  
7100     N/A    0.001015  -25.08451  -25.07552  0.01462  -25.09913  -25.06990  1.00036  0.00043  0.00160  
7120     N/A    0.001713  -25.06698  -25.05737  0.01466  -25.08163  -25.05232  1.00038  0.00113  0.00230  
7140     N/A    0.001338  -25.07639  -25.06405  0.01494  -25.09133  -25.06145  1.00049  0.00074  0.00193  
7160     N/A    0.001271  -25.07808  -25.08213  0.01502  -25.09309  -25.06306  0.99984  0.00067  0.00187  
7180     N/A    0.001345  -25.07622  -25.07040  0.01459  -25.09081  -25.06163  1.00023  0.00076  0.00193  
7200     N/A    0.001507  -25.07216  -25.04408  0.01460  -25.08676  -25.05756  1.00112  0.00093  0.00209  
7220     N/A    0.000718  -25.09196  -25.06652  0.01498  -25.10694  -25.07699  1.00102  0.00012  0.00131  
7240     N/A    0.001255  -25.07848  -25.07414  0.01465  -25.09313  -25.06383  1.00017  0.00067  0.00184  
7260     N/A    0.001081  -25.08285  -25.06348  0.01521  -25.09806  -25.06764  1.00077  0.00048  0.00169  
7280     N/A    0.001273  -25.07804  -25.07497  0.01500  -25.09304  -25.06303  1.00012  0.00068  0.00187  
7300     N/A    0.001208  -25.07967  -25.06826  0.01498  -25.09465  -25.06468  1.00046  0.00061  0.00180  
7320     N/A    0.001438  -25.07389  -25.06512  0.01515  -25.08904  -25.05875  1.00035  0.00083  0.00204  
7340     N/A    0.001150  -25.08111  -25.07260  0.01480  -25.09592  -25.06631  1.00034  0.00056  0.00174  
7360     N/A    0.001463  -25.07327  -25.06461  0.01499  -25.08825  -25.05828  1.00035  0.00087  0.00206  
7380     N/A    0.001607  -25.06964  -25.06300  0.01517  -25.08481  -25.05448  1.00026  0.00100  0.00221  
7400     N/A    0.001140  -25.08139  -25.07189  0.01505  -25.09643  -25.06634  1.00038  0.00054  0.00174  
7420     N/A    0.001359  -25.07589  -25.06655  0.01508  -25.09097  -25.06081  1.00037  0.00076  0.00196  
7440     N/A    0.001301  -25.07732  -25.06593  0.01468  -25.09200  -25.06264  1.00045  0.00072  0.00189  
7460     N/A    0.001412  -25.07453  -25.06931  0.01532  -25.08985  -25.05921  1.00021  0.00080  0.00202  
7480     N/A    0.001400  -25.07484  -25.05768  0.01456  -25.08940  -25.06028  1.00068  0.00082  0.00198  
7500     N/A    0.001535  -25.07145  -25.05491  0.01477  -25.08622  -25.05668  1.00066  0.00095  0.00212  
7520     N/A    0.001345  -25.07624  -25.06036  0.01537  -25.09160  -25.06087  1.00063  0.00073  0.00196  
7540     N/A    0.001465  -25.07322  -25.06675  0.01508  -25.08829  -25.05814  1.00026  0.00086  0.00207  
7560     N/A    0.001483  -25.07276  -25.06576  0.01510  -25.08786  -25.05766  1.00028  0.00088  0.00208  
7580     N/A    0.001531  -25.07155  -25.05570  0.01523  -25.08679  -25.05632  1.00063  0.00092  0.00214  
7600     N/A    0.001159  -25.08090  -25.07201  0.01482  -25.09572  -25.06608  1.00035  0.00057  0.00175  
7620     N/A    0.001371  -25.07558  -25.06822  0.01540  -25.09098  -25.06017  1.00029  0.00076  0.00198  
7640     N/A    0.001195  -25.08001  -25.06969  0.01489  -25.09490  -25.06511  1.00041  0.00060  0.00179  
7660     N/A    0.000915  -25.08703  -25.07440  0.01499  -25.10202  -25.07204  1.00050  0.00032  0.00151  
7680     N/A    0.001344  -25.07625  -25.05692  0.01528  -25.09153  -25.06097  1.00077  0.00074  0.00195  
7700     N/A    0.001101  -25.08236  -25.07028  0.01526  -25.09762  -25.06710  1.00048  0.00049  0.00171  
7720     N/A    0.001166  -25.08071  -25.05688  0.01503  -25.09574  -25.06568  1.00095  0.00057  0.00176  
7740     N/A    0.001168  -25.08066  -25.06248  0.01536  -25.09602  -25.06530  1.00073  0.00056  0.00178  
7760     N/A    0.001558  -25.07089  -25.05566  0.01527  -25.08615  -25.05562  1.00061  0.00095  0.00217  
7780     N/A    0.001206  -25.07973  -25.06278  0.01545  -25.09518  -25.06428  1.00068  0.00059  0.00182  
7800     N/A    0.001436  -25.07393  -25.05635  0.01543  -25.08936  -25.05850  1.00070  0.00082  0.00205  
7820     N/A    0.001608  -25.06963  -25.04357  0.01491  -25.08454  -25.05472  1.00104  0.00101  0.00220  
7840     N/A    0.001292  -25.07756  -25.05100  0.01507  -25.09263  -25.06249  1.00106  0.00069  0.00189  
7860     N/A    0.001304  -25.07725  -25.05823  0.01515  -25.09240  -25.06210  1.00076  0.00070  0.00191  
7880     N/A    0.000766  -25.09076  -25.07553  0.01491  -25.10567  -25.07585  1.00061  0.00017  0.00136  
7900     N/A    0.001300  -25.07736  -25.06414  0.01497  -25.09233  -25.06239  1.00053  0.00070  0.00190  
7920     N/A    0.001018  -25.08443  -25.06869  0.01524  -25.09967  -25.06920  1.00063  0.00041  0.00162  
7940     N/A    0.001687  -25.06764  -25.06012  0.01479  -25.08243  -25.05286  1.00030  0.00110  0.00228  
7960     N/A    0.001451  -25.07356  -25.05282  0.01533  -25.08889  -25.05823  1.00083  0.00084  0.00206  
7980     N/A    0.000817  -25.08949  -25.05908  0.01516  -25.10464  -25.07433  1.00121  0.00021  0.00142  
8000     N/A    0.001495  -25.07247  -25.05876  0.01487  -25.08734  -25.05759  1.00055  0.00090  0.00209  
8020     N/A    0.001081  -25.08286  -25.06531  0.01526  -25.09811  -25.06760  1.00070  0.00047  0.00169  
8040     N/A    0.001117  -25.08194  -25.07501  0.01522  -25.09716  -25.06672  1.00028  0.00051  0.00172  
8060     N/A    0.001140  -25.08136  -25.07157  0.01552  -25.09688  -25.06585  1.00039  0.00052  0.00176  
8080     N/A    0.001206  -25.07972  -25.06337  0.01532  -25.09505  -25.06440  1.00065  0.00060  0.00182  
8100     N/A    0.001247  -25.07869  -25.05885  0.01508  -25.09377  -25.06361  1.00079  0.00065  0.00185  
8120     N/A    0.001283  -25.07777  -25.06753  0.01486  -25.09263  -25.06291  1.00041  0.00069  0.00188  
8140     N/A    0.001354  -25.07600  -25.06151  0.01541  -25.09141  -25.06058  1.00058  0.00074  0.00197  
8160     N/A    0.001151  -25.08111  -25.06623  0.01481  -25.09592  -25.06630  1.00059  0.00056  0.00174  
8180     N/A    0.000868  -25.08820  -25.07554  0.01502  -25.10322  -25.07317  1.00050  0.00027  0.00147  
8200     N/A    0.001593  -25.07000  -25.05575  0.01588  -25.08588  -25.05411  1.00057  0.00096  0.00223  
8220     N/A    0.001635  -25.06895  -25.05753  0.01508  -25.08403  -25.05386  1.00046  0.00103  0.00224  
8240     N/A    0.001313  -25.07703  -25.05439  0.01476  -25.09179  -25.06226  1.00090  0.00073  0.00190  
8260     N/A    0.000824  -25.08931  -25.07628  0.01452  -25.10383  -25.07479  1.00052  0.00025  0.00140  
8280     N/A    0.001097  -25.08246  -25.05880  0.01488  -25.09734  -25.06759  1.00094  0.00050  0.00169  
8300     N/A    0.001074  -25.08304  -25.06364  0.01554  -25.09858  -25.06750  1.00077  0.00045  0.00169  
8320     N/A    0.001507  -25.07216  -25.06371  0.01502  -25.08718  -25.05714  1.00034  0.00091  0.00210  
8340     N/A    0.001490  -25.07259  -25.05926  0.01517  -25.08776  -25.05742  1.00053  0.00089  0.00209  
8360     N/A    0.001347  -25.07617  -25.07289  0.01506  -25.09123  -25.06111  1.00013  0.00075  0.00195  
8380     N/A    0.001045  -25.08376  -25.06618  0.01540  -25.09917  -25.06836  1.00070  0.00043  0.00166  
8400     N/A    0.001344  -25.07625  -25.06538  0.01516  -25.09141  -25.06108  1.00043  0.00074  0.00195  
8420     N/A    0.001540  -25.07133  -25.06719  0.01521  -25.08654  -25.05613  1.00017  0.00093  0.00215  
8440     N/A    0.001380  -25.07536  -25.05064  0.01497  -25.09032  -25.06039  1.00099  0.00078  0.00198  
8460     N/A    0.001110  -25.08213  -25.07098  0.01546  -25.09760  -25.06667  1.00044  0.00049  0.00173  
8480     N/A    0.001333  -25.07652  -25.06002  0.01501  -25.09153  -25.06151  1.00066  0.00074  0.00193  
8500     N/A    0.000987  -25.08521  -25.06397  0.01488  -25.10009  -25.07033  1.00085  0.00039  0.00158  
8520     N/A    0.001488  -25.07264  -25.05408  0.01507  -25.08770  -25.05757  1.00074  0.00089  0.00209  
8540     N/A    0.001310  -25.07709  -25.06278  0.01547  -25.09257  -25.06162  1.00057  0.00069  0.00193  
8560     N/A    0.001243  -25.07879  -25.05888  0.01496  -25.09375  -25.06383  1.00079  0.00065  0.00184  
8580     N/A    0.001590  -25.07007  -25.05638  0.01485  -25.08492  -25.05522  1.00055  0.00100  0.00218  
8600     N/A    0.001295  -25.07749  -25.05955  0.01531  -25.09280  -25.06218  1.00072  0.00068  0.00190  
8620     N/A    0.001188  -25.08016  -25.05876  0.01505  -25.09522  -25.06511  1.00085  0.00059  0.00179  
8640     N/A    0.001269  -25.07813  -25.05833  0.01572  -25.09384  -25.06241  1.00079  0.00064  0.00190  
8660     N/A    0.001262  -25.07830  -25.06109  0.01526  -25.09356  -25.06304  1.00069  0.00065  0.00187  
8680     N/A    0.000848  -25.08870  -25.08417  0.01497  -25.10367  -25.07373  1.00018  0.00025  0.00144  
8700     N/A    0.001349  -25.07613  -25.06784  0.01507  -25.09120  -25.06106  1.00033  0.00075  0.00195  
8720     N/A    0.001444  -25.07374  -25.05410  0.01489  -25.08863  -25.05884  1.00078  0.00085  0.00204  
8740     N/A    0.001538  -25.07138  -25.05930  0.01520  -25.08658  -25.05619  1.00048  0.00093  0.00214  
8760     N/A    0.001200  -25.07988  -25.06351  0.01531  -25.09519  -25.06456  1.00065  0.00059  0.00181  
8780     N/A    0.001647  -25.06865  -25.04527  0.01498  -25.08363  -25.05367  1.00093  0.00105  0.00224  
8800     N/A    0.001349  -25.07614  -25.05284  0.01493  -25.09106  -25.06121  1.00093  0.00075  0.00194  
8820     N/A    0.000977  -25.08546  -25.07509  0.01534  -25.10080  -25.07012  1.00041  0.00037  0.00159  
8840     N/A    0.001715  -25.06692  -25.05216  0.01481  -25.08174  -25.05211  1.00059  0.00113  0.00231  
8860     N/A    0.001343  -25.07627  -25.07853  0.01509  -25.09136  -25.06118  0.99991  0.00074  0.00194  
8880     N/A    0.000945  -25.08627  -25.06547  0.01545  -25.10172  -25.07083  1.00083  0.00033  0.00156  
8900     N/A    0.001520  -25.07184  -25.06539  0.01529  -25.08713  -25.05655  1.00026  0.00091  0.00213  
8920     N/A    0.001077  -25.08295  -25.07371  0.01512  -25.09806  -25.06783  1.00037  0.00048  0.00168  
8940     N/A    0.001330  -25.07661  -25.06271  0.01494  -25.09156  -25.06167  1.00055  0.00073  0.00192  
8960     N/A    0.001318  -25.07690  -25.05956  0.01513  -25.09202  -25.06177  1.00069  0.00072  0.00192  
8980     N/A    0.001206  -25.07973  -25.07296  0.01538  -25.09510  -25.06435  1.00027  0.00059  0.00182  
9000     N/A    0.001370  -25.07560  -25.06939  0.01529  -25.09089  -25.06030  1.00025  0.00076  0.00198  
