nh: 10
samples1: 17500
samples2: 5000
burn_in: 500
steps: 100
Exact H:-25.11
   Fidelity  ROE       Mean      Median    CI Width LL on CI  UL on CI  mmRatio  Min Err  Max Err
20     N/A    0.135237  -21.71419  -21.72824  0.13947  -21.85366  -21.57472  0.99935  0.12968  0.14079  
40     N/A    0.083893  -23.00345  -23.14239  0.11385  -23.11730  -22.88959  0.99400  0.07936  0.08843  
60     N/A    0.058697  -23.63611  -23.75465  0.09834  -23.73444  -23.53777  0.99501  0.05478  0.06261  
80     N/A    0.043384  -24.02063  -24.13617  0.08908  -24.10971  -23.93155  0.99521  0.03984  0.04693  
100     N/A    0.035797  -24.21114  -24.31676  0.08072  -24.29186  -24.13042  0.99566  0.03258  0.03901  
120     N/A    0.032114  -24.30361  -24.40516  0.07547  -24.37907  -24.22814  0.99584  0.02911  0.03512  
140     N/A    0.024237  -24.50140  -24.64555  0.07072  -24.57213  -24.43068  0.99415  0.02142  0.02705  
160     N/A    0.024426  -24.49667  -24.65621  0.06745  -24.56411  -24.42922  0.99353  0.02174  0.02711  
180     N/A    0.023029  -24.53175  -24.71796  0.06502  -24.59677  -24.46673  0.99247  0.02044  0.02562  
200     N/A    0.019762  -24.61377  -24.79832  0.06186  -24.67563  -24.55191  0.99256  0.01730  0.02223  
220     N/A    0.017430  -24.67233  -24.86229  0.05934  -24.73167  -24.61299  0.99236  0.01507  0.01979  
240     N/A    0.016535  -24.69480  -24.86170  0.05684  -24.75164  -24.63796  0.99329  0.01427  0.01880  
260     N/A    0.015156  -24.72943  -24.88034  0.05681  -24.78624  -24.67261  0.99393  0.01289  0.01742  
280     N/A    0.014071  -24.75669  -24.89931  0.05465  -24.81133  -24.70204  0.99427  0.01189  0.01625  
300     N/A    0.015143  -24.72976  -24.90776  0.05315  -24.78291  -24.67660  0.99285  0.01303  0.01726  
320     N/A    0.013489  -24.77130  -24.97858  0.05251  -24.82381  -24.71879  0.99170  0.01140  0.01558  
340     N/A    0.012603  -24.79354  -24.94627  0.05079  -24.84432  -24.74275  0.99388  0.01058  0.01463  
360     N/A    0.010926  -24.83566  -25.00433  0.04864  -24.88430  -24.78702  0.99325  0.00899  0.01286  
380     N/A    0.011514  -24.82090  -24.97401  0.04757  -24.86847  -24.77332  0.99387  0.00962  0.01341  
400     N/A    0.009958  -24.85994  -25.01594  0.04721  -24.90715  -24.81274  0.99376  0.00808  0.01184  
420     N/A    0.010519  -24.84587  -25.01367  0.04630  -24.89217  -24.79957  0.99329  0.00868  0.01236  
440     N/A    0.009635  -24.86807  -25.03338  0.04569  -24.91376  -24.82237  0.99340  0.00782  0.01145  
460     N/A    0.008895  -24.88666  -25.03113  0.04351  -24.93016  -24.84315  0.99423  0.00716  0.01063  
480     N/A    0.007947  -24.91044  -25.03533  0.04105  -24.95149  -24.86939  0.99501  0.00631  0.00958  
500     N/A    0.008093  -24.90678  -25.04637  0.04050  -24.94728  -24.86628  0.99443  0.00648  0.00971  
520     N/A    0.007967  -24.90996  -25.06380  0.03924  -24.94920  -24.87072  0.99386  0.00640  0.00953  
540     N/A    0.006595  -24.94439  -25.07211  0.03820  -24.98259  -24.90619  0.99491  0.00507  0.00812  
560     N/A    0.006761  -24.94023  -25.07115  0.03743  -24.97766  -24.90281  0.99478  0.00527  0.00825  
580     N/A    0.005537  -24.97096  -25.08828  0.03627  -25.00723  -24.93469  0.99532  0.00409  0.00698  
600     N/A    0.006325  -24.95118  -25.07608  0.03523  -24.98641  -24.91595  0.99502  0.00492  0.00773  
620     N/A    0.005481  -24.97237  -25.09411  0.03561  -25.00798  -24.93677  0.99515  0.00406  0.00690  
640     N/A    0.004536  -24.99611  -25.07342  0.03364  -25.02975  -24.96247  0.99692  0.00320  0.00588  
660     N/A    0.004767  -24.99029  -25.09271  0.03411  -25.02440  -24.95617  0.99592  0.00341  0.00613  
680     N/A    0.005950  -24.96060  -25.06921  0.03333  -24.99393  -24.92727  0.99567  0.00462  0.00728  
700     N/A    0.004733  -24.99114  -25.07292  0.03282  -25.02396  -24.95832  0.99674  0.00343  0.00604  
720     N/A    0.004230  -25.00380  -25.08575  0.03070  -25.03450  -24.97309  0.99673  0.00301  0.00545  
740     N/A    0.004799  -24.98949  -25.06334  0.03245  -25.02194  -24.95705  0.99705  0.00351  0.00609  
760     N/A    0.004436  -24.99860  -25.06457  0.03068  -25.02928  -24.96793  0.99737  0.00321  0.00566  
780     N/A    0.004204  -25.00443  -25.05720  0.03049  -25.03493  -24.97394  0.99789  0.00299  0.00542  
800     N/A    0.005040  -24.98345  -25.04247  0.03077  -25.01422  -24.95268  0.99764  0.00381  0.00627  
820     N/A    0.003507  -25.02194  -25.07512  0.03030  -25.05224  -24.99164  0.99788  0.00230  0.00471  
840     N/A    0.004341  -25.00100  -25.05545  0.02939  -25.03039  -24.97161  0.99783  0.00317  0.00551  
860     N/A    0.003587  -25.01993  -25.07740  0.02958  -25.04952  -24.99035  0.99771  0.00241  0.00477  
880     N/A    0.004070  -25.00780  -25.07400  0.02926  -25.03706  -24.97854  0.99736  0.00290  0.00524  
900     N/A    0.003138  -25.03120  -25.07115  0.02908  -25.06028  -25.00212  0.99841  0.00198  0.00430  
920     N/A    0.003695  -25.01722  -25.07118  0.02870  -25.04592  -24.98852  0.99785  0.00255  0.00484  
940     N/A    0.003376  -25.02523  -25.06996  0.02891  -25.05414  -24.99632  0.99822  0.00222  0.00453  
960     N/A    0.004641  -24.99346  -25.03676  0.02860  -25.02206  -24.96485  0.99827  0.00350  0.00578  
980     N/A    0.004286  -25.00237  -25.05369  0.02977  -25.03214  -24.97260  0.99795  0.00310  0.00547  
1000     N/A    0.003753  -25.01576  -25.06925  0.02889  -25.04465  -24.98688  0.99787  0.00260  0.00490  
1020     N/A    0.004132  -25.00624  -25.05782  0.02818  -25.03441  -24.97806  0.99794  0.00301  0.00525  
1040     N/A    0.004662  -24.99294  -25.04952  0.02796  -25.02090  -24.96498  0.99774  0.00355  0.00578  
1060     N/A    0.003656  -25.01821  -25.08282  0.02850  -25.04671  -24.98970  0.99742  0.00252  0.00479  
1080     N/A    0.003872  -25.01277  -25.05158  0.02681  -25.03958  -24.98597  0.99845  0.00280  0.00494  
1100     N/A    0.003467  -25.02294  -25.09036  0.02683  -25.04977  -24.99611  0.99731  0.00240  0.00454  
1120     N/A    0.003656  -25.01820  -25.06701  0.02765  -25.04585  -24.99055  0.99805  0.00255  0.00476  
1140     N/A    0.003081  -25.03265  -25.06895  0.02733  -25.05998  -25.00531  0.99855  0.00199  0.00417  
1160     N/A    0.003367  -25.02544  -25.09740  0.02730  -25.05275  -24.99814  0.99713  0.00228  0.00445  
1180     N/A    0.002934  -25.03634  -25.07422  0.02737  -25.06371  -25.00897  0.99849  0.00184  0.00402  
1200     N/A    0.003522  -25.02155  -25.07625  0.02627  -25.04783  -24.99528  0.99782  0.00248  0.00457  
1220     N/A    0.003379  -25.02516  -25.07805  0.02697  -25.05213  -24.99819  0.99789  0.00230  0.00445  
1240     N/A    0.003587  -25.01993  -25.08474  0.02753  -25.04746  -24.99240  0.99742  0.00249  0.00468  
1260     N/A    0.003056  -25.03326  -25.08664  0.02655  -25.05982  -25.00671  0.99787  0.00200  0.00411  
1280     N/A    0.002860  -25.03818  -25.08573  0.02558  -25.06375  -25.01260  0.99810  0.00184  0.00388  
1300     N/A    0.002694  -25.04236  -25.07710  0.02572  -25.06807  -25.01664  0.99861  0.00167  0.00372  
1320     N/A    0.002724  -25.04161  -25.09606  0.02764  -25.06925  -25.01397  0.99783  0.00162  0.00382  
1340     N/A    0.003874  -25.01273  -25.09115  0.02650  -25.03923  -24.98622  0.99687  0.00282  0.00493  
1360     N/A    0.003126  -25.03150  -25.08336  0.02556  -25.05706  -25.00594  0.99793  0.00211  0.00414  
1380     N/A    0.002945  -25.03605  -25.07274  0.02617  -25.06222  -25.00988  0.99854  0.00190  0.00399  
1400     N/A    0.004145  -25.00591  -25.07547  0.02684  -25.03275  -24.97907  0.99723  0.00308  0.00521  
1420     N/A    0.002766  -25.04054  -25.08766  0.02573  -25.06627  -25.01481  0.99812  0.00174  0.00379  
1440     N/A    0.002725  -25.04157  -25.07762  0.02634  -25.06792  -25.01523  0.99856  0.00168  0.00377  
1460     N/A    0.003234  -25.02880  -25.07703  0.02579  -25.05459  -25.00301  0.99808  0.00221  0.00426  
1480     N/A    0.003650  -25.01835  -25.07675  0.02546  -25.04382  -24.99289  0.99767  0.00264  0.00466  
1500     N/A    0.003188  -25.02995  -25.08751  0.02497  -25.05492  -25.00497  0.99771  0.00219  0.00418  
1520     N/A    0.003176  -25.03025  -25.08525  0.02631  -25.05656  -25.00394  0.99781  0.00213  0.00422  
1540     N/A    0.002071  -25.05799  -25.11316  0.02494  -25.08293  -25.03305  0.99780  0.00108  0.00306  
1560     N/A    0.003596  -25.01971  -25.08541  0.02502  -25.04473  -24.99469  0.99738  0.00260  0.00459  
1580     N/A    0.003030  -25.03392  -25.07339  0.02616  -25.06008  -25.00775  0.99843  0.00199  0.00407  
1600     N/A    0.003153  -25.03083  -25.09877  0.02520  -25.05602  -25.00563  0.99729  0.00215  0.00416  
1620     N/A    0.002436  -25.04882  -25.09049  0.02562  -25.07445  -25.02320  0.99834  0.00142  0.00346  
1640     N/A    0.002250  -25.05351  -25.08216  0.02509  -25.07859  -25.02842  0.99886  0.00125  0.00325  
1660     N/A    0.003059  -25.03319  -25.06720  0.02500  -25.05820  -25.00819  0.99864  0.00206  0.00405  
1680     N/A    0.002690  -25.04246  -25.09609  0.02502  -25.06748  -25.01744  0.99786  0.00169  0.00369  
1700     N/A    0.003376  -25.02522  -25.08241  0.02477  -25.04999  -25.00045  0.99772  0.00239  0.00436  
1720     N/A    0.003282  -25.02759  -25.08772  0.02511  -25.05270  -25.00248  0.99760  0.00228  0.00428  
1740     N/A    0.003135  -25.03128  -25.08191  0.02556  -25.05684  -25.00573  0.99798  0.00212  0.00415  
1760     N/A    0.002466  -25.04807  -25.09006  0.02585  -25.07393  -25.02222  0.99833  0.00144  0.00350  
1780     N/A    0.002712  -25.04191  -25.08573  0.02422  -25.06613  -25.01769  0.99825  0.00175  0.00368  
1800     N/A    0.003034  -25.03381  -25.07957  0.02454  -25.05834  -25.00927  0.99818  0.00206  0.00401  
1820     N/A    0.002666  -25.04306  -25.08981  0.02423  -25.06728  -25.01883  0.99814  0.00170  0.00363  
1840     N/A    0.002924  -25.03659  -25.09507  0.02446  -25.06105  -25.01212  0.99767  0.00195  0.00390  
1860     N/A    0.002784  -25.04008  -25.07711  0.02439  -25.06447  -25.01570  0.99852  0.00181  0.00376  
1880     N/A    0.002920  -25.03668  -25.08791  0.02389  -25.06057  -25.01279  0.99796  0.00197  0.00387  
1900     N/A    0.002310  -25.05200  -25.09363  0.02429  -25.07629  -25.02770  0.99834  0.00134  0.00328  
1920     N/A    0.003000  -25.03468  -25.09140  0.02375  -25.05843  -25.01093  0.99774  0.00205  0.00395  
1940     N/A    0.002553  -25.04588  -25.09531  0.02433  -25.07021  -25.02155  0.99803  0.00158  0.00352  
1960     N/A    0.003177  -25.03022  -25.08201  0.02340  -25.05362  -25.00682  0.99794  0.00225  0.00411  
1980     N/A    0.003260  -25.02813  -25.07224  0.02421  -25.05234  -25.00392  0.99824  0.00230  0.00422  
2000     N/A    0.002425  -25.04910  -25.07971  0.02317  -25.07227  -25.02593  0.99878  0.00150  0.00335  
2020     N/A    0.002745  -25.04109  -25.10018  0.02371  -25.06480  -25.01737  0.99765  0.00180  0.00369  
2040     N/A    0.002098  -25.05733  -25.09005  0.02367  -25.08100  -25.03366  0.99870  0.00115  0.00304  
2060     N/A    0.002412  -25.04945  -25.07384  0.02370  -25.07314  -25.02575  0.99903  0.00147  0.00336  
2080     N/A    0.003056  -25.03325  -25.08646  0.02379  -25.05704  -25.00946  0.99788  0.00211  0.00400  
2100     N/A    0.002876  -25.03777  -25.08150  0.02330  -25.06107  -25.01447  0.99826  0.00195  0.00380  
2120     N/A    0.002029  -25.05904  -25.07922  0.02230  -25.08134  -25.03674  0.99920  0.00114  0.00292  
2140     N/A    0.002585  -25.04509  -25.08990  0.02384  -25.06893  -25.02125  0.99821  0.00164  0.00353  
2160     N/A    0.002572  -25.04543  -25.08253  0.02322  -25.06865  -25.02221  0.99852  0.00165  0.00350  
2180     N/A    0.002757  -25.04076  -25.07720  0.02287  -25.06363  -25.01789  0.99855  0.00185  0.00367  
2200     N/A    0.002719  -25.04174  -25.09278  0.02242  -25.06415  -25.01932  0.99797  0.00183  0.00361  
2220     N/A    0.002107  -25.05708  -25.08991  0.02216  -25.07925  -25.03492  0.99869  0.00122  0.00299  
2240     N/A    0.002433  -25.04891  -25.08118  0.02168  -25.07059  -25.02722  0.99871  0.00157  0.00330  
2260     N/A    0.001934  -25.06143  -25.07884  0.02253  -25.08396  -25.03891  0.99931  0.00104  0.00283  
2280     N/A    0.002226  -25.05410  -25.09473  0.02154  -25.07564  -25.03255  0.99838  0.00137  0.00308  
2300     N/A    0.002075  -25.05790  -25.09100  0.02148  -25.07938  -25.03641  0.99868  0.00122  0.00293  
2320     N/A    0.002428  -25.04902  -25.06848  0.02106  -25.07008  -25.02796  0.99922  0.00159  0.00327  
2340     N/A    0.002294  -25.05240  -25.06979  0.02192  -25.07432  -25.03048  0.99931  0.00142  0.00317  
2360     N/A    0.002605  -25.04460  -25.07357  0.02058  -25.06518  -25.02402  0.99884  0.00178  0.00342  
2380     N/A    0.001581  -25.07029  -25.07384  0.02145  -25.09174  -25.04883  0.99986  0.00073  0.00244  
2400     N/A    0.001895  -25.06242  -25.07181  0.02075  -25.08317  -25.04167  0.99963  0.00107  0.00272  
2420     N/A    0.002203  -25.05469  -25.06582  0.02032  -25.07501  -25.03437  0.99956  0.00139  0.00301  
2440     N/A    0.002079  -25.05779  -25.07666  0.02047  -25.07826  -25.03731  0.99925  0.00126  0.00289  
2460     N/A    0.002302  -25.05220  -25.07254  0.01998  -25.07218  -25.03222  0.99919  0.00151  0.00310  
2480     N/A    0.001242  -25.07881  -25.06708  0.01978  -25.09859  -25.05902  1.00047  0.00045  0.00203  
2500     N/A    0.001882  -25.06275  -25.07224  0.01951  -25.08227  -25.04324  0.99962  0.00110  0.00266  
2520     N/A    0.002094  -25.05742  -25.07626  0.01898  -25.07640  -25.03844  0.99925  0.00134  0.00285  
2540     N/A    0.001622  -25.06927  -25.06591  0.01902  -25.08829  -25.05025  1.00013  0.00086  0.00238  
2560     N/A    0.002022  -25.05923  -25.07110  0.01885  -25.07808  -25.04038  0.99953  0.00127  0.00277  
2580     N/A    0.001359  -25.07587  -25.07911  0.01898  -25.09485  -25.05689  0.99987  0.00060  0.00212  
2600     N/A    0.001412  -25.07455  -25.07440  0.01840  -25.09294  -25.05615  1.00001  0.00068  0.00214  
2620     N/A    0.001208  -25.07967  -25.07116  0.01813  -25.09780  -25.06155  1.00034  0.00049  0.00193  
2640     N/A    0.001634  -25.06898  -25.06857  0.01833  -25.08731  -25.05065  1.00002  0.00090  0.00236  
2660     N/A    0.001452  -25.07354  -25.07306  0.01849  -25.09202  -25.05505  1.00002  0.00072  0.00219  
2680     N/A    0.001241  -25.07884  -25.06904  0.01801  -25.09685  -25.06083  1.00039  0.00052  0.00196  
2700     N/A    0.000998  -25.08495  -25.07751  0.01728  -25.10223  -25.06766  1.00030  0.00031  0.00169  
2720     N/A    0.001872  -25.06299  -25.07119  0.01691  -25.07990  -25.04609  0.99967  0.00120  0.00255  
2740     N/A    0.001536  -25.07144  -25.07032  0.01713  -25.08857  -25.05431  1.00004  0.00085  0.00222  
2760     N/A    0.001280  -25.07785  -25.09040  0.01714  -25.09499  -25.06071  0.99950  0.00060  0.00196  
2780     N/A    0.001240  -25.07885  -25.08242  0.01706  -25.09592  -25.06179  0.99986  0.00056  0.00192  
2800     N/A    0.001940  -25.06130  -25.05559  0.01660  -25.07790  -25.04470  1.00023  0.00128  0.00260  
2820     N/A    0.001297  -25.07743  -25.07948  0.01656  -25.09400  -25.06087  0.99992  0.00064  0.00196  
2840     N/A    0.001074  -25.08303  -25.08505  0.01628  -25.09932  -25.06675  0.99992  0.00043  0.00172  
2860     N/A    0.001399  -25.07487  -25.07458  0.01628  -25.09115  -25.05859  1.00001  0.00075  0.00205  
2880     N/A    0.001424  -25.07423  -25.06957  0.01592  -25.09015  -25.05832  1.00019  0.00079  0.00206  
2900     N/A    0.001594  -25.06997  -25.06754  0.01573  -25.08570  -25.05423  1.00010  0.00097  0.00222  
2920     N/A    0.001303  -25.07728  -25.07597  0.01572  -25.09300  -25.06157  1.00005  0.00068  0.00193  
2940     N/A    0.000699  -25.09245  -25.09038  0.01566  -25.10811  -25.07679  1.00008  0.00008  0.00132  
2960     N/A    0.001375  -25.07549  -25.07454  0.01553  -25.09102  -25.05995  1.00004  0.00076  0.00199  
2980     N/A    0.001894  -25.06245  -25.07118  0.01571  -25.07816  -25.04674  0.99965  0.00127  0.00252  
3000     N/A    0.001070  -25.08313  -25.08827  0.01536  -25.09849  -25.06777  0.99980  0.00046  0.00168  
3020     N/A    0.001440  -25.07384  -25.06762  0.01512  -25.08896  -25.05871  1.00025  0.00084  0.00204  
3040     N/A    0.001562  -25.07078  -25.07022  0.01558  -25.08637  -25.05520  1.00002  0.00094  0.00218  
3060     N/A    0.001319  -25.07688  -25.07816  0.01521  -25.09209  -25.06167  0.99995  0.00071  0.00192  
3080     N/A    0.001354  -25.07601  -25.06739  0.01499  -25.09100  -25.06102  1.00034  0.00076  0.00195  
3100     N/A    0.001338  -25.07640  -25.07593  0.01504  -25.09144  -25.06136  1.00002  0.00074  0.00194  
3120     N/A    0.001105  -25.08226  -25.07290  0.01483  -25.09709  -25.06743  1.00037  0.00051  0.00170  
3140     N/A    0.000675  -25.09306  -25.08536  0.01469  -25.10775  -25.07837  1.00031  0.00009  0.00126  
3160     N/A    0.001055  -25.08352  -25.07391  0.01500  -25.09852  -25.06852  1.00038  0.00046  0.00165  
3180     N/A    0.000956  -25.08600  -25.07408  0.01468  -25.10069  -25.07132  1.00048  0.00037  0.00154  
3200     N/A    0.001153  -25.08105  -25.08658  0.01483  -25.09587  -25.06622  0.99978  0.00056  0.00174  
3220     N/A    0.001379  -25.07537  -25.07121  0.01440  -25.08976  -25.06097  1.00017  0.00081  0.00195  
3240     N/A    0.001092  -25.08258  -25.07666  0.01488  -25.09746  -25.06770  1.00024  0.00050  0.00168  
3260     N/A    0.001323  -25.07678  -25.06468  0.01459  -25.09138  -25.06219  1.00048  0.00074  0.00190  
3280     N/A    0.001236  -25.07896  -25.07833  0.01436  -25.09333  -25.06460  1.00003  0.00066  0.00181  
3300     N/A    0.000851  -25.08864  -25.08721  0.01448  -25.10313  -25.07416  1.00006  0.00027  0.00143  
3320     N/A    0.001212  -25.07958  -25.07829  0.01433  -25.09391  -25.06525  1.00005  0.00064  0.00178  
3340     N/A    0.001021  -25.08437  -25.08248  0.01465  -25.09901  -25.06972  1.00008  0.00044  0.00160  
3360     N/A    0.001208  -25.07966  -25.07478  0.01478  -25.09444  -25.06488  1.00019  0.00062  0.00180  
3380     N/A    0.001167  -25.08068  -25.07772  0.01416  -25.09484  -25.06653  1.00012  0.00060  0.00173  
3400     N/A    0.000926  -25.08675  -25.08623  0.01421  -25.10097  -25.07254  1.00002  0.00036  0.00149  
3420     N/A    0.001085  -25.08274  -25.08182  0.01428  -25.09703  -25.06846  1.00004  0.00052  0.00165  
3440     N/A    0.001513  -25.07201  -25.07127  0.01405  -25.08606  -25.05797  1.00003  0.00095  0.00207  
3460     N/A    0.001264  -25.07826  -25.07332  0.01477  -25.09304  -25.06349  1.00020  0.00068  0.00185  
3480     N/A    0.001330  -25.07659  -25.07271  0.01470  -25.09129  -25.06189  1.00015  0.00074  0.00192  
3500     N/A    0.001239  -25.07888  -25.08127  0.01469  -25.09358  -25.06419  0.99991  0.00065  0.00182  
3520     N/A    0.001255  -25.07848  -25.07422  0.01434  -25.09283  -25.06414  1.00017  0.00068  0.00183  
3540     N/A    0.001195  -25.08000  -25.07719  0.01443  -25.09444  -25.06557  1.00011  0.00062  0.00177  
3560     N/A    0.001086  -25.08274  -25.07528  0.01460  -25.09734  -25.06814  1.00030  0.00050  0.00167  
3580     N/A    0.001035  -25.08400  -25.07268  0.01422  -25.09822  -25.06978  1.00045  0.00047  0.00160  
3600     N/A    0.000915  -25.08703  -25.08799  0.01420  -25.10124  -25.07283  0.99996  0.00035  0.00148  
3620     N/A    0.001232  -25.07907  -25.07297  0.01417  -25.09325  -25.06490  1.00024  0.00067  0.00180  
3640     N/A    0.001242  -25.07882  -25.07463  0.01409  -25.09291  -25.06472  1.00017  0.00068  0.00180  
3660     N/A    0.000863  -25.08834  -25.07843  0.01404  -25.10237  -25.07430  1.00040  0.00030  0.00142  
3680     N/A    0.001152  -25.08108  -25.07849  0.01379  -25.09487  -25.06730  1.00010  0.00060  0.00170  
3700     N/A    0.001180  -25.08037  -25.08182  0.01428  -25.09465  -25.06610  0.99994  0.00061  0.00175  
3720     N/A    0.001221  -25.07935  -25.06991  0.01383  -25.09317  -25.06552  1.00038  0.00067  0.00177  
3740     N/A    0.001020  -25.08440  -25.08196  0.01433  -25.09872  -25.07007  1.00010  0.00045  0.00159  
3760     N/A    0.001515  -25.07197  -25.06356  0.01385  -25.08581  -25.05812  1.00034  0.00096  0.00207  
3780     N/A    0.001404  -25.07474  -25.07428  0.01365  -25.08838  -25.06109  1.00002  0.00086  0.00195  
3800     N/A    0.000971  -25.08561  -25.07785  0.01394  -25.09955  -25.07167  1.00031  0.00042  0.00153  
3820     N/A    0.000859  -25.08844  -25.08751  0.01388  -25.10232  -25.07456  1.00004  0.00031  0.00141  
3840     N/A    0.001065  -25.08326  -25.07359  0.01360  -25.09686  -25.06966  1.00039  0.00052  0.00161  
3860     N/A    0.001298  -25.07741  -25.06601  0.01397  -25.09139  -25.06344  1.00045  0.00074  0.00185  
3880     N/A    0.000997  -25.08498  -25.07538  0.01429  -25.09927  -25.07069  1.00038  0.00043  0.00157  
3900     N/A    0.001487  -25.07265  -25.07197  0.01396  -25.08661  -25.05869  1.00003  0.00093  0.00204  
3920     N/A    0.001548  -25.07114  -25.06763  0.01430  -25.08544  -25.05684  1.00014  0.00098  0.00212  
3940     N/A    0.000979  -25.08542  -25.07970  0.01367  -25.09909  -25.07175  1.00023  0.00043  0.00152  
3960     N/A    0.001167  -25.08069  -25.07659  0.01379  -25.09448  -25.06691  1.00016  0.00062  0.00172  
3980     N/A    0.001174  -25.08053  -25.07535  0.01362  -25.09415  -25.06691  1.00021  0.00063  0.00172  
4000     N/A    0.000872  -25.08811  -25.07933  0.01402  -25.10213  -25.07410  1.00035  0.00031  0.00143  
4020     N/A    0.000644  -25.09384  -25.08683  0.01333  -25.10717  -25.08051  1.00028  0.00011  0.00117  
4040     N/A    0.000983  -25.08531  -25.07491  0.01401  -25.09932  -25.07130  1.00041  0.00043  0.00154  
4060     N/A    0.001054  -25.08354  -25.07382  0.01353  -25.09707  -25.07001  1.00039  0.00052  0.00159  
4080     N/A    0.000761  -25.09090  -25.08322  0.01395  -25.10485  -25.07695  1.00031  0.00021  0.00132  
4100     N/A    0.000845  -25.08879  -25.07696  0.01402  -25.10281  -25.07477  1.00047  0.00029  0.00140  
4120     N/A    0.001171  -25.08061  -25.08730  0.01390  -25.09451  -25.06670  0.99973  0.00062  0.00172  
4140     N/A    0.001048  -25.08369  -25.07952  0.01403  -25.09771  -25.06966  1.00017  0.00049  0.00161  
4160     N/A    0.001200  -25.07987  -25.07305  0.01422  -25.09409  -25.06565  1.00027  0.00063  0.00177  
4180     N/A    0.001261  -25.07834  -25.07060  0.01407  -25.09241  -25.06427  1.00031  0.00070  0.00182  
4200     N/A    0.001376  -25.07545  -25.06981  0.01365  -25.08909  -25.06180  1.00022  0.00083  0.00192  
4220     N/A    0.000989  -25.08518  -25.07550  0.01396  -25.09913  -25.07122  1.00039  0.00043  0.00154  
4240     N/A    0.001002  -25.08485  -25.07860  0.01365  -25.09850  -25.07120  1.00025  0.00046  0.00155  
4260     N/A    0.001282  -25.07782  -25.08247  0.01370  -25.09151  -25.06412  0.99981  0.00074  0.00183  
4280     N/A    0.001617  -25.06939  -25.06436  0.01363  -25.08302  -25.05576  1.00020  0.00107  0.00216  
4300     N/A    0.001037  -25.08396  -25.08118  0.01383  -25.09779  -25.07013  1.00011  0.00049  0.00159  
4320     N/A    0.000646  -25.09379  -25.07978  0.01338  -25.10717  -25.08041  1.00056  0.00011  0.00118  
4340     N/A    0.000674  -25.09306  -25.08073  0.01368  -25.10674  -25.07939  1.00049  0.00013  0.00122  
4360     N/A    0.001186  -25.08022  -25.08300  0.01392  -25.09414  -25.06630  0.99989  0.00063  0.00174  
4380     N/A    0.000608  -25.09472  -25.08599  0.01382  -25.10854  -25.08091  1.00035  0.00006  0.00116  
4400     N/A    0.001062  -25.08332  -25.07322  0.01338  -25.09670  -25.06995  1.00040  0.00053  0.00160  
4420     N/A    0.001210  -25.07963  -25.08174  0.01357  -25.09320  -25.06606  0.99992  0.00067  0.00175  
4440     N/A    0.001343  -25.07628  -25.07586  0.01375  -25.09003  -25.06253  1.00002  0.00080  0.00189  
4460     N/A    0.001038  -25.08395  -25.07793  0.01382  -25.09776  -25.07013  1.00024  0.00049  0.00159  
4480     N/A    0.000958  -25.08594  -25.08358  0.01369  -25.09964  -25.07225  1.00009  0.00041  0.00150  
4500     N/A    0.000994  -25.08504  -25.07473  0.01358  -25.09862  -25.07146  1.00041  0.00045  0.00153  
4520     N/A    0.000952  -25.08609  -25.08968  0.01392  -25.10001  -25.07217  0.99986  0.00040  0.00151  
4540     N/A    0.000981  -25.08537  -25.08529  0.01387  -25.09924  -25.07149  1.00000  0.00043  0.00153  
4560     N/A    0.000971  -25.08563  -25.08332  0.01371  -25.09934  -25.07192  1.00009  0.00042  0.00152  
4580     N/A    0.001458  -25.07338  -25.07362  0.01407  -25.08745  -25.05931  0.99999  0.00090  0.00202  
4600     N/A    0.000721  -25.09189  -25.08413  0.01367  -25.10557  -25.07822  1.00031  0.00018  0.00127  
4620     N/A    0.001424  -25.07424  -25.07223  0.01371  -25.08795  -25.06054  1.00008  0.00088  0.00197  
4640     N/A    0.000622  -25.09437  -25.08154  0.01372  -25.10810  -25.08065  1.00051  0.00008  0.00117  
4660     N/A    0.000999  -25.08492  -25.07524  0.01364  -25.09856  -25.07129  1.00039  0.00046  0.00154  
4680     N/A    0.001297  -25.07744  -25.06791  0.01379  -25.09123  -25.06365  1.00038  0.00075  0.00185  
4700     N/A    0.000755  -25.09104  -25.08729  0.01372  -25.10476  -25.07731  1.00015  0.00021  0.00130  
4720     N/A    0.000871  -25.08812  -25.08915  0.01357  -25.10169  -25.07456  0.99996  0.00033  0.00141  
4740     N/A    0.001050  -25.08364  -25.08101  0.01363  -25.09726  -25.07001  1.00010  0.00051  0.00159  
4760     N/A    0.000965  -25.08576  -25.07965  0.01384  -25.09960  -25.07193  1.00024  0.00041  0.00152  
4780     N/A    0.000951  -25.08612  -25.08490  0.01367  -25.09979  -25.07245  1.00005  0.00041  0.00150  
4800     N/A    0.001182  -25.08033  -25.06944  0.01405  -25.09438  -25.06628  1.00043  0.00062  0.00174  
4820     N/A    0.000809  -25.08969  -25.08784  0.01399  -25.10368  -25.07570  1.00007  0.00025  0.00137  
4840     N/A    0.000751  -25.09114  -25.07848  0.01359  -25.10472  -25.07755  1.00050  0.00021  0.00129  
4860     N/A    0.001047  -25.08371  -25.07704  0.01366  -25.09737  -25.07005  1.00027  0.00050  0.00159  
4880     N/A    0.000976  -25.08549  -25.08219  0.01377  -25.09926  -25.07173  1.00013  0.00043  0.00152  
4900     N/A    0.001620  -25.06932  -25.05942  0.01371  -25.08303  -25.05560  1.00039  0.00107  0.00217  
4920     N/A    0.001174  -25.08052  -25.08341  0.01381  -25.09433  -25.06671  0.99988  0.00062  0.00172  
4940     N/A    0.001355  -25.07598  -25.06843  0.01373  -25.08970  -25.06225  1.00030  0.00081  0.00190  
4960     N/A    0.000848  -25.08870  -25.07530  0.01357  -25.10227  -25.07513  1.00053  0.00031  0.00139  
4980     N/A    0.001319  -25.07687  -25.07663  0.01387  -25.09075  -25.06300  1.00001  0.00077  0.00187  
5000     N/A    0.000962  -25.08584  -25.07824  0.01359  -25.09943  -25.07225  1.00030  0.00042  0.00150  
5020     N/A    0.001235  -25.07900  -25.06823  0.01386  -25.09286  -25.06514  1.00043  0.00068  0.00179  
5040     N/A    0.001134  -25.08152  -25.07426  0.01360  -25.09512  -25.06792  1.00029  0.00059  0.00168  
5060     N/A    0.001222  -25.07931  -25.08007  0.01365  -25.09296  -25.06566  0.99997  0.00068  0.00177  
5080     N/A    0.001237  -25.07894  -25.07821  0.01356  -25.09251  -25.06538  1.00003  0.00070  0.00178  
5100     N/A    0.001077  -25.08296  -25.06837  0.01344  -25.09640  -25.06952  1.00058  0.00054  0.00161  
5120     N/A    0.000659  -25.09346  -25.09325  0.01326  -25.10673  -25.08020  1.00001  0.00013  0.00119  
5140     N/A    0.001005  -25.08477  -25.08163  0.01364  -25.09841  -25.07113  1.00013  0.00046  0.00155  
5160     N/A    0.000795  -25.09003  -25.08599  0.01335  -25.10339  -25.07668  1.00016  0.00026  0.00133  
5180     N/A    0.001489  -25.07260  -25.08279  0.01370  -25.08631  -25.05890  0.99959  0.00094  0.00204  
5200     N/A    0.001376  -25.07545  -25.07464  0.01346  -25.08891  -25.06198  1.00003  0.00084  0.00191  
5220     N/A    0.000854  -25.08857  -25.08052  0.01330  -25.10187  -25.07526  1.00032  0.00032  0.00138  
5240     N/A    0.000976  -25.08550  -25.08018  0.01338  -25.09888  -25.07212  1.00021  0.00044  0.00151  
5260     N/A    0.001050  -25.08364  -25.08188  0.01371  -25.09735  -25.06992  1.00007  0.00050  0.00160  
5280     N/A    0.000973  -25.08557  -25.07719  0.01341  -25.09898  -25.07216  1.00033  0.00044  0.00151  
5300     N/A    0.001164  -25.08078  -25.07853  0.01336  -25.09415  -25.06742  1.00009  0.00063  0.00170  
5320     N/A    0.001241  -25.07885  -25.07535  0.01350  -25.09234  -25.06535  1.00014  0.00070  0.00178  
5340     N/A    0.000904  -25.08729  -25.08682  0.01331  -25.10061  -25.07398  1.00002  0.00037  0.00143  
5360     N/A    0.001089  -25.08265  -25.07280  0.01372  -25.09637  -25.06893  1.00039  0.00054  0.00164  
5380     N/A    0.001305  -25.07723  -25.07701  0.01403  -25.09126  -25.06320  1.00001  0.00075  0.00186  
5400     N/A    0.001373  -25.07552  -25.08241  0.01357  -25.08909  -25.06195  0.99973  0.00083  0.00191  
5420     N/A    0.001055  -25.08351  -25.07783  0.01372  -25.09723  -25.06980  1.00023  0.00051  0.00160  
5440     N/A    0.000933  -25.08657  -25.08491  0.01369  -25.10027  -25.07288  1.00007  0.00039  0.00148  
5460     N/A    0.001153  -25.08104  -25.07271  0.01344  -25.09447  -25.06760  1.00033  0.00062  0.00169  
5480     N/A    0.001180  -25.08036  -25.08056  0.01362  -25.09398  -25.06675  0.99999  0.00064  0.00172  
5500     N/A    0.001032  -25.08408  -25.08046  0.01344  -25.09753  -25.07064  1.00014  0.00050  0.00157  
5520     N/A    0.001004  -25.08480  -25.08675  0.01334  -25.09814  -25.07146  0.99992  0.00047  0.00153  
5540     N/A    0.000984  -25.08530  -25.08527  0.01372  -25.09902  -25.07159  1.00000  0.00044  0.00153  
5560     N/A    0.001522  -25.07178  -25.08236  0.01391  -25.08569  -25.05786  0.99958  0.00097  0.00208  
5580     N/A    0.000386  -25.10030  -25.09589  0.01369  -25.11399  -25.08661  1.00018  0.00016  0.00093  
5600     N/A    0.000894  -25.08754  -25.07649  0.01391  -25.10145  -25.07363  1.00044  0.00034  0.00145  
5620     N/A    0.000733  -25.09159  -25.08724  0.01375  -25.10535  -25.07784  1.00017  0.00019  0.00128  
5640     N/A    0.000987  -25.08523  -25.07614  0.01345  -25.09867  -25.07178  1.00036  0.00045  0.00152  
5660     N/A    0.000750  -25.09116  -25.09056  0.01372  -25.10488  -25.07745  1.00002  0.00020  0.00130  
5680     N/A    0.001013  -25.08455  -25.08332  0.01385  -25.09840  -25.07070  1.00005  0.00046  0.00156  
5700     N/A    0.001155  -25.08100  -25.08717  0.01368  -25.09468  -25.06732  0.99975  0.00061  0.00170  
5720     N/A    0.001052  -25.08357  -25.07090  0.01352  -25.09709  -25.07005  1.00051  0.00051  0.00159  
5740     N/A    0.001013  -25.08455  -25.08026  0.01377  -25.09832  -25.07078  1.00017  0.00047  0.00156  
5760     N/A    0.000958  -25.08595  -25.08555  0.01387  -25.09982  -25.07208  1.00002  0.00041  0.00151  
5780     N/A    0.000827  -25.08924  -25.08336  0.01390  -25.10314  -25.07534  1.00023  0.00027  0.00138  
5800     N/A    0.000889  -25.08767  -25.08499  0.01352  -25.10119  -25.07415  1.00011  0.00035  0.00143  
5820     N/A    0.000777  -25.09049  -25.08117  0.01380  -25.10429  -25.07669  1.00037  0.00023  0.00133  
5840     N/A    0.000895  -25.08752  -25.08753  0.01383  -25.10135  -25.07369  1.00000  0.00034  0.00145  
5860     N/A    0.001042  -25.08384  -25.06766  0.01357  -25.09741  -25.07027  1.00065  0.00050  0.00158  
5880     N/A    0.000733  -25.09158  -25.08031  0.01342  -25.10501  -25.07816  1.00045  0.00020  0.00127  
5900     N/A    0.000981  -25.08536  -25.08366  0.01335  -25.09871  -25.07201  1.00007  0.00045  0.00151  
5920     N/A    0.000848  -25.08870  -25.08153  0.01340  -25.10210  -25.07530  1.00029  0.00031  0.00138  
5940     N/A    0.000828  -25.08921  -25.08493  0.01378  -25.10300  -25.07543  1.00017  0.00028  0.00138  
5960     N/A    0.001127  -25.08170  -25.07664  0.01370  -25.09540  -25.06801  1.00020  0.00058  0.00167  
5980     N/A    0.001210  -25.07961  -25.06883  0.01365  -25.09326  -25.06596  1.00043  0.00067  0.00175  
6000     N/A    0.001106  -25.08222  -25.07486  0.01386  -25.09608  -25.06836  1.00029  0.00055  0.00166  
6020     N/A    0.001085  -25.08275  -25.08093  0.01348  -25.09623  -25.06927  1.00007  0.00055  0.00162  
6040     N/A    0.001515  -25.07196  -25.07561  0.01364  -25.08560  -25.05832  0.99985  0.00097  0.00206  
6060     N/A    0.001178  -25.08043  -25.07993  0.01354  -25.09397  -25.06689  1.00002  0.00064  0.00172  
6080     N/A    0.001023  -25.08432  -25.08220  0.01318  -25.09750  -25.07115  1.00008  0.00050  0.00155  
6100     N/A    0.001159  -25.08090  -25.07346  0.01392  -25.09482  -25.06698  1.00030  0.00060  0.00171  
6120     N/A    0.001229  -25.07915  -25.07555  0.01366  -25.09281  -25.06548  1.00014  0.00068  0.00177  
6140     N/A    0.000999  -25.08492  -25.08633  0.01391  -25.09882  -25.07101  0.99994  0.00045  0.00155  
6160     N/A    0.001299  -25.07738  -25.07782  0.01335  -25.09073  -25.06403  0.99998  0.00077  0.00183  
6180     N/A    0.001093  -25.08255  -25.08054  0.01351  -25.09606  -25.06904  1.00008  0.00056  0.00163  
6200     N/A    0.000906  -25.08724  -25.08015  0.01403  -25.10127  -25.07322  1.00028  0.00035  0.00146  
6220     N/A    0.000707  -25.09224  -25.09042  0.01341  -25.10565  -25.07883  1.00007  0.00017  0.00124  
6240     N/A    0.000684  -25.09283  -25.08012  0.01366  -25.10649  -25.07917  1.00051  0.00014  0.00123  
6260     N/A    0.000801  -25.08988  -25.08030  0.01373  -25.10360  -25.07615  1.00038  0.00025  0.00135  
6280     N/A    0.001010  -25.08463  -25.07790  0.01357  -25.09820  -25.07106  1.00027  0.00047  0.00155  
6300     N/A    0.001036  -25.08397  -25.07534  0.01375  -25.09772  -25.07022  1.00034  0.00049  0.00158  
6320     N/A    0.000824  -25.08930  -25.08726  0.01361  -25.10291  -25.07570  1.00008  0.00028  0.00137  
6340     N/A    0.001218  -25.07940  -25.08428  0.01346  -25.09286  -25.06595  0.99981  0.00068  0.00175  
6360     N/A    0.001191  -25.08009  -25.07682  0.01364  -25.09373  -25.06645  1.00013  0.00065  0.00173  
6380     N/A    0.000601  -25.09492  -25.08593  0.01378  -25.10869  -25.08114  1.00036  0.00005  0.00115  
6400     N/A    0.000771  -25.09065  -25.08836  0.01382  -25.10447  -25.07683  1.00009  0.00022  0.00132  
6420     N/A    0.000848  -25.08871  -25.07880  0.01334  -25.10205  -25.07536  1.00039  0.00032  0.00138  
6440     N/A    0.001176  -25.08046  -25.08390  0.01406  -25.09453  -25.06640  0.99986  0.00062  0.00174  
6460     N/A    0.001116  -25.08197  -25.08106  0.01404  -25.09602  -25.06793  1.00004  0.00056  0.00168  
6480     N/A    0.001245  -25.07875  -25.08753  0.01367  -25.09241  -25.06508  0.99965  0.00070  0.00179  
6500     N/A    0.001380  -25.07535  -25.06726  0.01377  -25.08912  -25.06159  1.00032  0.00083  0.00193  
6520     N/A    0.001016  -25.08449  -25.07790  0.01403  -25.09852  -25.07047  1.00026  0.00046  0.00157  
6540     N/A    0.001040  -25.08388  -25.08063  0.01366  -25.09754  -25.07021  1.00013  0.00050  0.00158  
6560     N/A    0.000775  -25.09055  -25.08521  0.01384  -25.10440  -25.07671  1.00021  0.00022  0.00133  
6580     N/A    0.000945  -25.08627  -25.08073  0.01364  -25.09991  -25.07263  1.00022  0.00040  0.00149  
6600     N/A    0.000921  -25.08688  -25.07517  0.01342  -25.10030  -25.07345  1.00047  0.00039  0.00146  
6620     N/A    0.001499  -25.07237  -25.06935  0.01380  -25.08617  -25.05856  1.00012  0.00095  0.00205  
6640     N/A    0.001177  -25.08045  -25.07313  0.01367  -25.09411  -25.06678  1.00029  0.00063  0.00172  
6660     N/A    0.001256  -25.07846  -25.06962  0.01400  -25.09245  -25.06446  1.00035  0.00070  0.00181  
6680     N/A    0.001182  -25.08033  -25.07692  0.01382  -25.09415  -25.06651  1.00014  0.00063  0.00173  
6700     N/A    0.000988  -25.08518  -25.07987  0.01368  -25.09887  -25.07150  1.00021  0.00044  0.00153  
6720     N/A    0.000947  -25.08621  -25.08044  0.01376  -25.09997  -25.07245  1.00023  0.00040  0.00150  
6740     N/A    0.001032  -25.08409  -25.08007  0.01349  -25.09758  -25.07060  1.00016  0.00049  0.00157  
6760     N/A    0.001046  -25.08374  -25.07936  0.01394  -25.09768  -25.06980  1.00017  0.00049  0.00160  
6780     N/A    0.000847  -25.08873  -25.08731  0.01389  -25.10263  -25.07484  1.00006  0.00029  0.00140  
6800     N/A    0.000810  -25.08965  -25.08321  0.01387  -25.10352  -25.07578  1.00026  0.00026  0.00136  
6820     N/A    0.001270  -25.07810  -25.07186  0.01365  -25.09175  -25.06445  1.00025  0.00073  0.00181  
6840     N/A    0.001308  -25.07716  -25.07804  0.01404  -25.09120  -25.06311  0.99996  0.00075  0.00187  
6860     N/A    0.000888  -25.08769  -25.08351  0.01378  -25.10147  -25.07392  1.00017  0.00034  0.00144  
6880     N/A    0.000734  -25.09156  -25.08832  0.01375  -25.10531  -25.07781  1.00013  0.00019  0.00128  
6900     N/A    0.001091  -25.08261  -25.07912  0.01334  -25.09595  -25.06927  1.00014  0.00056  0.00162  
6920     N/A    0.001175  -25.08051  -25.07742  0.01387  -25.09438  -25.06664  1.00012  0.00062  0.00173  
6940     N/A    0.000760  -25.09091  -25.08600  0.01361  -25.10452  -25.07730  1.00020  0.00022  0.00130  
6960     N/A    0.000778  -25.09047  -25.08220  0.01356  -25.10403  -25.07691  1.00033  0.00024  0.00132  
6980     N/A    0.001133  -25.08156  -25.07643  0.01344  -25.09500  -25.06812  1.00020  0.00060  0.00167  
7000     N/A    0.000987  -25.08521  -25.07831  0.01364  -25.09884  -25.07157  1.00027  0.00044  0.00153  
7020     N/A    0.000877  -25.08797  -25.07827  0.01349  -25.10145  -25.07448  1.00039  0.00034  0.00141  
7040     N/A    0.001264  -25.07826  -25.07742  0.01395  -25.09221  -25.06431  1.00003  0.00071  0.00182  
7060     N/A    0.001067  -25.08322  -25.08434  0.01350  -25.09672  -25.06972  0.99996  0.00053  0.00160  
7080     N/A    0.000903  -25.08734  -25.07992  0.01379  -25.10113  -25.07354  1.00030  0.00035  0.00145  
7100     N/A    0.000886  -25.08776  -25.07138  0.01402  -25.10178  -25.07374  1.00065  0.00033  0.00144  
7120     N/A    0.001171  -25.08059  -25.07756  0.01318  -25.09376  -25.06741  1.00012  0.00065  0.00170  
7140     N/A    0.001386  -25.07519  -25.07319  0.01409  -25.08928  -25.06110  1.00008  0.00083  0.00195  
7160     N/A    0.001273  -25.07804  -25.07199  0.01359  -25.09163  -25.06445  1.00024  0.00073  0.00181  
7180     N/A    0.001128  -25.08167  -25.07973  0.01390  -25.09557  -25.06777  1.00008  0.00057  0.00168  
7200     N/A    0.000962  -25.08585  -25.08473  0.01370  -25.09954  -25.07215  1.00004  0.00042  0.00151  
7220     N/A    0.001006  -25.08473  -25.08392  0.01369  -25.09842  -25.07104  1.00003  0.00046  0.00155  
7240     N/A    0.000771  -25.09063  -25.08592  0.01358  -25.10421  -25.07705  1.00019  0.00023  0.00131  
7260     N/A    0.001255  -25.07849  -25.07185  0.01397  -25.09246  -25.06453  1.00026  0.00070  0.00181  
7280     N/A    0.001138  -25.08142  -25.08077  0.01373  -25.09515  -25.06768  1.00003  0.00059  0.00169  
7300     N/A    0.001285  -25.07773  -25.06868  0.01398  -25.09172  -25.06375  1.00036  0.00073  0.00184  
7320     N/A    0.001159  -25.08091  -25.07815  0.01395  -25.09486  -25.06696  1.00011  0.00060  0.00171  
7340     N/A    0.001047  -25.08371  -25.08302  0.01377  -25.09748  -25.06995  1.00003  0.00050  0.00160  
7360     N/A    0.001446  -25.07369  -25.06905  0.01395  -25.08764  -25.05974  1.00019  0.00089  0.00200  
7380     N/A    0.001017  -25.08448  -25.08691  0.01352  -25.09799  -25.07096  0.99990  0.00048  0.00155  
7400     N/A    0.000918  -25.08696  -25.08356  0.01369  -25.10065  -25.07327  1.00014  0.00037  0.00146  
7420     N/A    0.001224  -25.07927  -25.07804  0.01376  -25.09303  -25.06551  1.00005  0.00068  0.00177  
7440     N/A    0.001114  -25.08202  -25.08217  0.01408  -25.09610  -25.06794  0.99999  0.00055  0.00167  
7460     N/A    0.000661  -25.09341  -25.08799  0.01397  -25.10738  -25.07944  1.00022  0.00010  0.00122  
7480     N/A    0.001043  -25.08381  -25.07978  0.01409  -25.09790  -25.06972  1.00016  0.00048  0.00160  
7500     N/A    0.001006  -25.08475  -25.07566  0.01386  -25.09861  -25.07089  1.00036  0.00045  0.00156  
7520     N/A    0.001035  -25.08401  -25.07705  0.01371  -25.09772  -25.07030  1.00028  0.00049  0.00158  
7540     N/A    0.000993  -25.08506  -25.07263  0.01354  -25.09860  -25.07152  1.00050  0.00045  0.00153  
7560     N/A    0.000979  -25.08542  -25.08014  0.01356  -25.09898  -25.07187  1.00021  0.00044  0.00152  
7580     N/A    0.001019  -25.08442  -25.07484  0.01393  -25.09835  -25.07048  1.00038  0.00046  0.00157  
7600     N/A    0.001482  -25.07279  -25.07039  0.01368  -25.08648  -25.05911  1.00010  0.00094  0.00203  
7620     N/A    0.000773  -25.09059  -25.08311  0.01338  -25.10397  -25.07722  1.00030  0.00024  0.00131  
7640     N/A    0.001041  -25.08386  -25.07984  0.01371  -25.09757  -25.07015  1.00016  0.00049  0.00159  
7660     N/A    0.001079  -25.08291  -25.09274  0.01380  -25.09671  -25.06911  0.99961  0.00053  0.00163  
7680     N/A    0.000797  -25.08999  -25.08871  0.01352  -25.10351  -25.07648  1.00005  0.00026  0.00134  
7700     N/A    0.001207  -25.07970  -25.07820  0.01399  -25.09368  -25.06571  1.00006  0.00065  0.00176  
7720     N/A    0.000846  -25.08875  -25.08691  0.01364  -25.10239  -25.07511  1.00007  0.00030  0.00139  
7740     N/A    0.000768  -25.09073  -25.08960  0.01396  -25.10468  -25.07677  1.00005  0.00021  0.00132  
7760     N/A    0.001053  -25.08357  -25.08400  0.01400  -25.09758  -25.06957  0.99998  0.00049  0.00161  
7780     N/A    0.001437  -25.07393  -25.08234  0.01400  -25.08793  -25.05993  0.99966  0.00088  0.00199  
7800     N/A    0.001109  -25.08216  -25.07578  0.01395  -25.09611  -25.06821  1.00025  0.00055  0.00166  
7820     N/A    0.000938  -25.08645  -25.08606  0.01336  -25.09981  -25.07309  1.00002  0.00041  0.00147  
7840     N/A    0.001302  -25.07731  -25.07915  0.01384  -25.09115  -25.06348  0.99993  0.00075  0.00185  
7860     N/A    0.001316  -25.07695  -25.07371  0.01357  -25.09052  -25.06339  1.00013  0.00078  0.00186  
7880     N/A    0.000922  -25.08684  -25.08528  0.01334  -25.10018  -25.07350  1.00006  0.00039  0.00145  
7900     N/A    0.000633  -25.09412  -25.08839  0.01411  -25.10823  -25.08000  1.00023  0.00007  0.00119  
7920     N/A    0.001058  -25.08344  -25.07910  0.01398  -25.09742  -25.06946  1.00017  0.00050  0.00161  
7940     N/A    0.001357  -25.07592  -25.07522  0.01384  -25.08975  -25.06208  1.00003  0.00081  0.00191  
