nh: 10
samples1: 17500
samples2: 5000
burn_in: 500
steps: 100
Exact H:-25.11
   Fidelity  ROE       Mean      Median    CI Width LL on CI  UL on CI  mmRatio  Min Err  Max Err
20     N/A    0.138546  -21.63110  -21.75338  0.14016  -21.77127  -21.49094  0.99438  0.13296  0.14413  
40     N/A    0.083575  -23.01144  -23.13738  0.11669  -23.12812  -22.89475  0.99456  0.07893  0.08822  
60     N/A    0.060355  -23.59448  -23.76768  0.09931  -23.69378  -23.49517  0.99271  0.05640  0.06431  
80     N/A    0.041889  -24.05816  -24.21715  0.08800  -24.14617  -23.97016  0.99343  0.03838  0.04539  
100     N/A    0.037323  -24.17281  -24.30153  0.08169  -24.25450  -24.09112  0.99470  0.03407  0.04058  
120     N/A    0.034229  -24.25050  -24.39670  0.07690  -24.32740  -24.17360  0.99401  0.03117  0.03729  
140     N/A    0.032287  -24.29928  -24.46100  0.07617  -24.37545  -24.22310  0.99339  0.02925  0.03532  
160     N/A    0.028963  -24.38274  -24.52575  0.07091  -24.45365  -24.31184  0.99417  0.02614  0.03179  
180     N/A    0.025303  -24.47465  -24.62040  0.06953  -24.54418  -24.40512  0.99408  0.02253  0.02807  
200     N/A    0.023658  -24.51595  -24.65912  0.06645  -24.58240  -24.44950  0.99419  0.02101  0.02630  
220     N/A    0.023153  -24.52863  -24.67228  0.06462  -24.59324  -24.46401  0.99418  0.02058  0.02573  
240     N/A    0.020280  -24.60076  -24.71945  0.06387  -24.66462  -24.53689  0.99520  0.01774  0.02282  
260     N/A    0.019635  -24.61696  -24.73337  0.06162  -24.67858  -24.55535  0.99529  0.01718  0.02209  
280     N/A    0.018510  -24.64522  -24.76047  0.06122  -24.70644  -24.58400  0.99535  0.01607  0.02095  
300     N/A    0.020232  -24.60196  -24.75496  0.05913  -24.66109  -24.54283  0.99382  0.01788  0.02259  
320     N/A    0.016399  -24.69822  -24.80721  0.05627  -24.75449  -24.64195  0.99561  0.01416  0.01864  
340     N/A    0.016817  -24.68771  -24.82888  0.05594  -24.74366  -24.63177  0.99431  0.01459  0.01905  
360     N/A    0.014607  -24.74323  -24.84551  0.05412  -24.79734  -24.68911  0.99588  0.01245  0.01676  
380     N/A    0.015222  -24.72778  -24.87860  0.05447  -24.78225  -24.67331  0.99394  0.01305  0.01739  
400     N/A    0.013251  -24.77726  -24.85667  0.05242  -24.82968  -24.72484  0.99681  0.01116  0.01534  
420     N/A    0.011608  -24.81853  -24.91522  0.05246  -24.87099  -24.76607  0.99612  0.00952  0.01370  
440     N/A    0.011754  -24.81485  -24.92253  0.05037  -24.86522  -24.76448  0.99568  0.00975  0.01376  
460     N/A    0.011662  -24.81718  -24.92265  0.05081  -24.86798  -24.76637  0.99577  0.00964  0.01368  
480     N/A    0.011660  -24.81722  -24.92062  0.04909  -24.86631  -24.76814  0.99585  0.00970  0.01361  
500     N/A    0.010591  -24.84407  -24.95450  0.04719  -24.89126  -24.79688  0.99557  0.00871  0.01247  
520     N/A    0.009578  -24.86950  -24.95429  0.04662  -24.91612  -24.82289  0.99660  0.00772  0.01143  
540     N/A    0.010776  -24.83942  -24.95260  0.04596  -24.88539  -24.79346  0.99546  0.00895  0.01261  
560     N/A    0.009609  -24.86872  -24.97508  0.04592  -24.91464  -24.82281  0.99574  0.00778  0.01144  
580     N/A    0.007158  -24.93026  -24.99992  0.04381  -24.97407  -24.88645  0.99721  0.00541  0.00890  
600     N/A    0.008813  -24.88870  -25.00608  0.04352  -24.93222  -24.84519  0.99531  0.00708  0.01055  
620     N/A    0.009076  -24.88210  -24.98500  0.04303  -24.92513  -24.83907  0.99588  0.00736  0.01079  
640     N/A    0.008128  -24.90590  -25.00736  0.04155  -24.94746  -24.86435  0.99594  0.00647  0.00978  
660     N/A    0.009886  -24.86177  -24.97979  0.04178  -24.90355  -24.81999  0.99528  0.00822  0.01155  
680     N/A    0.008040  -24.90811  -24.98235  0.04097  -24.94908  -24.86714  0.99703  0.00641  0.00967  
700     N/A    0.007538  -24.92073  -24.95741  0.04198  -24.96271  -24.87875  0.99853  0.00587  0.00921  
720     N/A    0.007412  -24.92389  -24.98286  0.04110  -24.96499  -24.88279  0.99764  0.00578  0.00905  
740     N/A    0.008543  -24.89549  -24.98374  0.04157  -24.93706  -24.85392  0.99647  0.00689  0.01020  
760     N/A    0.007002  -24.93417  -24.98965  0.04083  -24.97501  -24.89334  0.99778  0.00538  0.00863  
780     N/A    0.006745  -24.94064  -25.00121  0.03940  -24.98004  -24.90124  0.99758  0.00518  0.00831  
800     N/A    0.007123  -24.93114  -25.00121  0.03934  -24.97048  -24.89180  0.99720  0.00556  0.00869  
820     N/A    0.007145  -24.93060  -25.00564  0.03881  -24.96941  -24.89179  0.99700  0.00560  0.00869  
840     N/A    0.007727  -24.91597  -24.99161  0.03853  -24.95450  -24.87743  0.99697  0.00619  0.00926  
860     N/A    0.007164  -24.93012  -25.01136  0.03813  -24.96824  -24.89199  0.99675  0.00565  0.00868  
880     N/A    0.006036  -24.95843  -25.01917  0.03812  -24.99655  -24.92031  0.99757  0.00452  0.00755  
900     N/A    0.007185  -24.92957  -24.99838  0.03686  -24.96644  -24.89271  0.99725  0.00572  0.00865  
920     N/A    0.006892  -24.93693  -24.99029  0.03741  -24.97434  -24.89953  0.99786  0.00540  0.00838  
940     N/A    0.005918  -24.96140  -25.01521  0.03669  -24.99809  -24.92471  0.99785  0.00446  0.00738  
960     N/A    0.007042  -24.93318  -25.00709  0.03703  -24.97021  -24.89616  0.99704  0.00557  0.00852  
980     N/A    0.006064  -24.95772  -25.02199  0.03623  -24.99396  -24.92149  0.99743  0.00462  0.00751  
1000     N/A    0.005537  -24.97097  -25.03378  0.03617  -25.00714  -24.93480  0.99749  0.00410  0.00698  
1020     N/A    0.004542  -24.99595  -25.04982  0.03566  -25.03161  -24.96029  0.99785  0.00312  0.00596  
1040     N/A    0.005413  -24.97409  -25.03843  0.03455  -25.00864  -24.93953  0.99743  0.00404  0.00679  
1060     N/A    0.006476  -24.94740  -25.00986  0.03460  -24.98200  -24.91280  0.99750  0.00510  0.00785  
1080     N/A    0.005592  -24.96959  -25.03237  0.03457  -25.00416  -24.93501  0.99749  0.00422  0.00697  
1100     N/A    0.005747  -24.96570  -25.01473  0.03447  -25.00017  -24.93124  0.99804  0.00437  0.00712  
1120     N/A    0.006292  -24.95200  -25.01819  0.03418  -24.98619  -24.91782  0.99735  0.00493  0.00765  
1140     N/A    0.004653  -24.99316  -25.03568  0.03348  -25.02664  -24.95968  0.99830  0.00332  0.00599  
1160     N/A    0.004180  -25.00505  -25.05192  0.03378  -25.03882  -24.97127  0.99813  0.00283  0.00552  
1180     N/A    0.004557  -24.99557  -25.01875  0.03192  -25.02749  -24.96365  0.99907  0.00329  0.00583  
1200     N/A    0.005083  -24.98236  -25.03408  0.03152  -25.01388  -24.95084  0.99793  0.00383  0.00634  
1220     N/A    0.004460  -24.99802  -25.02826  0.03240  -25.03042  -24.96562  0.99879  0.00317  0.00575  
1240     N/A    0.003528  -25.02141  -25.04254  0.03176  -25.05316  -24.98965  0.99916  0.00226  0.00479  
1260     N/A    0.004961  -24.98543  -25.02833  0.03080  -25.01623  -24.95463  0.99829  0.00373  0.00619  
1280     N/A    0.003777  -25.01515  -25.04622  0.03150  -25.04665  -24.98365  0.99876  0.00252  0.00503  
1300     N/A    0.004005  -25.00944  -25.02713  0.03113  -25.04057  -24.97832  0.99929  0.00277  0.00524  
1320     N/A    0.004815  -24.98909  -25.04012  0.03084  -25.01993  -24.95826  0.99796  0.00359  0.00604  
1340     N/A    0.004276  -25.00264  -25.04574  0.03077  -25.03342  -24.97187  0.99828  0.00305  0.00550  
1360     N/A    0.003860  -25.01309  -25.02273  0.03032  -25.04340  -24.98277  0.99961  0.00265  0.00507  
1380     N/A    0.004507  -24.99683  -25.04045  0.02953  -25.02636  -24.96730  0.99826  0.00333  0.00568  
1400     N/A    0.003958  -25.01061  -25.05087  0.02961  -25.04022  -24.98101  0.99839  0.00278  0.00514  
1420     N/A    0.004026  -25.00891  -25.02938  0.02919  -25.03810  -24.97972  0.99918  0.00286  0.00519  
1440     N/A    0.004624  -24.99388  -25.03018  0.03013  -25.02401  -24.96376  0.99855  0.00342  0.00582  
1460     N/A    0.003541  -25.02109  -25.04589  0.02840  -25.04949  -24.99269  0.99901  0.00241  0.00467  
1480     N/A    0.003792  -25.01478  -25.02921  0.02937  -25.04415  -24.98541  0.99942  0.00262  0.00496  
1500     N/A    0.003966  -25.01043  -25.04586  0.02865  -25.03908  -24.98178  0.99859  0.00282  0.00511  
1520     N/A    0.003203  -25.02958  -25.04759  0.02825  -25.05783  -25.00134  0.99928  0.00208  0.00433  
1540     N/A    0.003963  -25.01050  -25.04203  0.02942  -25.03992  -24.98108  0.99874  0.00279  0.00513  
1560     N/A    0.003848  -25.01337  -25.03717  0.02887  -25.04224  -24.98450  0.99905  0.00270  0.00500  
1580     N/A    0.003672  -25.01780  -25.04731  0.02751  -25.04531  -24.99029  0.99882  0.00258  0.00477  
1600     N/A    0.003094  -25.03230  -25.03461  0.02759  -25.05989  -25.00471  0.99991  0.00200  0.00419  
1620     N/A    0.003854  -25.01323  -25.03619  0.02773  -25.04096  -24.98550  0.99908  0.00275  0.00496  
1640     N/A    0.003831  -25.01380  -25.03365  0.02833  -25.04213  -24.98548  0.99921  0.00270  0.00496  
1660     N/A    0.003678  -25.01764  -25.04129  0.02690  -25.04454  -24.99073  0.99906  0.00261  0.00475  
1680     N/A    0.003835  -25.01370  -25.03251  0.02764  -25.04134  -24.98607  0.99925  0.00273  0.00494  
1700     N/A    0.002861  -25.03817  -25.04512  0.02660  -25.06477  -25.01157  0.99972  0.00180  0.00392  
1720     N/A    0.002593  -25.04490  -25.05939  0.02718  -25.07209  -25.01772  0.99942  0.00151  0.00368  
1740     N/A    0.003369  -25.02540  -25.04465  0.02623  -25.05163  -24.99916  0.99923  0.00232  0.00441  
1760     N/A    0.003402  -25.02457  -25.04875  0.02667  -25.05125  -24.99790  0.99903  0.00234  0.00446  
1780     N/A    0.003202  -25.02961  -25.03541  0.02695  -25.05656  -25.00265  0.99977  0.00213  0.00428  
1800     N/A    0.002824  -25.03909  -25.04407  0.02658  -25.06567  -25.01251  0.99980  0.00177  0.00388  
1820     N/A    0.002842  -25.03863  -25.02318  0.02629  -25.06492  -25.01234  1.00062  0.00180  0.00389  
1840     N/A    0.003595  -25.01972  -25.03618  0.02608  -25.04580  -24.99365  0.99934  0.00256  0.00463  
1860     N/A    0.003494  -25.02227  -25.04845  0.02660  -25.04888  -24.99567  0.99895  0.00243  0.00455  
1880     N/A    0.003441  -25.02359  -25.03666  0.02591  -25.04949  -24.99768  0.99948  0.00241  0.00447  
1900     N/A    0.003175  -25.03027  -25.03464  0.02585  -25.05612  -25.00442  0.99983  0.00215  0.00420  
1920     N/A    0.003332  -25.02633  -25.04889  0.02629  -25.05263  -25.00004  0.99910  0.00228  0.00438  
1940     N/A    0.003895  -25.01219  -25.04420  0.02691  -25.03911  -24.98528  0.99872  0.00282  0.00497  
1960     N/A    0.002441  -25.04872  -25.06928  0.02509  -25.07381  -25.02363  0.99918  0.00144  0.00344  
1980     N/A    0.002558  -25.04577  -25.03836  0.02650  -25.07227  -25.01927  1.00030  0.00150  0.00361  
2000     N/A    0.003560  -25.02061  -25.03845  0.02634  -25.04695  -24.99426  0.99929  0.00251  0.00461  
2020     N/A    0.003479  -25.02264  -25.03204  0.02593  -25.04857  -24.99671  0.99962  0.00245  0.00451  
2040     N/A    0.003498  -25.02217  -25.03870  0.02551  -25.04769  -24.99666  0.99934  0.00248  0.00451  
2060     N/A    0.003217  -25.02923  -25.03760  0.02643  -25.05565  -25.00280  0.99967  0.00216  0.00427  
2080     N/A    0.002887  -25.03750  -25.05053  0.02586  -25.06336  -25.01165  0.99948  0.00186  0.00392  
2100     N/A    0.002687  -25.04253  -25.04648  0.02578  -25.06830  -25.01675  0.99984  0.00166  0.00371  
2120     N/A    0.002949  -25.03594  -25.04613  0.02600  -25.06194  -25.00994  0.99959  0.00191  0.00398  
2140     N/A    0.003363  -25.02555  -25.04265  0.02508  -25.05063  -25.00047  0.99932  0.00236  0.00436  
2160     N/A    0.003306  -25.02699  -25.04663  0.02611  -25.05310  -25.00089  0.99922  0.00227  0.00435  
2180     N/A    0.003432  -25.02382  -25.04385  0.02583  -25.04964  -24.99799  0.99920  0.00240  0.00446  
2200     N/A    0.002663  -25.04313  -25.05183  0.02541  -25.06854  -25.01772  0.99965  0.00165  0.00367  
2220     N/A    0.003140  -25.03115  -25.06494  0.02575  -25.05689  -25.00540  0.99865  0.00211  0.00417  
2240     N/A    0.002595  -25.04484  -25.06092  0.02538  -25.07022  -25.01946  0.99936  0.00158  0.00361  
2260     N/A    0.003064  -25.03308  -25.06122  0.02499  -25.05807  -25.00808  0.99888  0.00207  0.00406  
2280     N/A    0.002160  -25.05575  -25.05652  0.02383  -25.07958  -25.03192  0.99997  0.00121  0.00311  
2300     N/A    0.003314  -25.02680  -25.04385  0.02508  -25.05187  -25.00172  0.99932  0.00231  0.00431  
2320     N/A    0.003136  -25.03125  -25.04645  0.02519  -25.05643  -25.00606  0.99939  0.00213  0.00414  
2340     N/A    0.002908  -25.03698  -25.05311  0.02543  -25.06241  -25.01155  0.99936  0.00190  0.00392  
2360     N/A    0.002780  -25.04021  -25.05271  0.02487  -25.06507  -25.01534  0.99950  0.00179  0.00377  
2380     N/A    0.002524  -25.04662  -25.06508  0.02500  -25.07162  -25.02162  0.99926  0.00153  0.00352  
2400     N/A    0.003233  -25.02881  -25.05194  0.02558  -25.05440  -25.00323  0.99908  0.00221  0.00425  
2420     N/A    0.002578  -25.04527  -25.06351  0.02509  -25.07036  -25.02018  0.99927  0.00158  0.00358  
2440     N/A    0.003342  -25.02609  -25.04051  0.02473  -25.05082  -25.00135  0.99942  0.00236  0.00433  
2460     N/A    0.002452  -25.04842  -25.04506  0.02542  -25.07385  -25.02300  1.00013  0.00144  0.00346  
2480     N/A    0.002706  -25.04205  -25.05278  0.02372  -25.06577  -25.01834  0.99957  0.00176  0.00365  
2500     N/A    0.003231  -25.02887  -25.04663  0.02635  -25.05522  -25.00251  0.99929  0.00218  0.00428  
2520     N/A    0.002634  -25.04387  -25.05040  0.02431  -25.06818  -25.01957  0.99974  0.00167  0.00360  
2540     N/A    0.003220  -25.02915  -25.04374  0.02426  -25.05341  -25.00489  0.99942  0.00225  0.00419  
2560     N/A    0.002472  -25.04793  -25.05054  0.02488  -25.07281  -25.02304  0.99990  0.00148  0.00346  
2580     N/A    0.003114  -25.03180  -25.05517  0.02435  -25.05615  -25.00745  0.99907  0.00214  0.00408  
2600     N/A    0.002521  -25.04671  -25.04042  0.02423  -25.07094  -25.02248  1.00025  0.00156  0.00349  
2620     N/A    0.003048  -25.03347  -25.05754  0.02448  -25.05795  -25.00898  0.99904  0.00207  0.00402  
