nh: 10
samples1: 100000
samples2: 5000
burn_in: 500
steps: 100
Exact H:-25.11
   Fidelity  ROE       Mean      Median    CI Width LL on CI  UL on CI  mmRatio  Min Err  Max Err
20     N/A    0.039537  -24.11723  -24.30261  0.08264  -24.19986  -24.03459  0.99237  0.03625  0.04283  
40     N/A    0.019147  -24.62921  -24.77084  0.06183  -24.69105  -24.56738  0.99428  0.01668  0.02161  
60     N/A    0.013386  -24.77387  -24.90988  0.05102  -24.82488  -24.72285  0.99454  0.01135  0.01542  
80     N/A    0.009152  -24.88020  -24.99453  0.04255  -24.92276  -24.83765  0.99543  0.00746  0.01085  
100     N/A    0.005694  -24.96703  -25.05623  0.03628  -25.00332  -24.93075  0.99644  0.00425  0.00714  
120     N/A    0.003864  -25.01298  -25.06588  0.03017  -25.04315  -24.98281  0.99789  0.00266  0.00507  
140     N/A    0.002651  -25.04343  -25.08602  0.02649  -25.06992  -25.01694  0.99830  0.00160  0.00371  
160     N/A    0.002942  -25.03614  -25.06232  0.02315  -25.05929  -25.01299  0.99896  0.00202  0.00386  
180     N/A    0.001541  -25.07131  -25.08967  0.02060  -25.09191  -25.05071  0.99927  0.00072  0.00236  
200     N/A    0.001539  -25.07136  -25.09076  0.01860  -25.08996  -25.05276  0.99923  0.00080  0.00228  
220     N/A    0.001537  -25.07141  -25.06948  0.01711  -25.08852  -25.05430  1.00008  0.00086  0.00222  
240     N/A    0.001411  -25.07458  -25.08520  0.01544  -25.09002  -25.05914  0.99958  0.00080  0.00203  
260     N/A    0.001325  -25.07673  -25.08220  0.01486  -25.09159  -25.06187  0.99978  0.00073  0.00192  
280     N/A    0.000739  -25.09143  -25.09293  0.01394  -25.10537  -25.07750  0.99994  0.00018  0.00129  
300     N/A    0.000842  -25.08885  -25.09105  0.01286  -25.10171  -25.07599  0.99991  0.00033  0.00135  
320     N/A    0.000611  -25.09466  -25.09727  0.01240  -25.10706  -25.08227  0.99990  0.00012  0.00110  
340     N/A    0.000893  -25.08758  -25.08929  0.01166  -25.09925  -25.07592  0.99993  0.00043  0.00136  
360     N/A    0.000822  -25.08935  -25.09123  0.01146  -25.10081  -25.07789  0.99993  0.00037  0.00128  
380     N/A    0.000341  -25.10145  -25.11262  0.01083  -25.11227  -25.09062  0.99955  0.00009  0.00077  
400     N/A    0.000524  -25.09683  -25.09594  0.01098  -25.10781  -25.08586  1.00004  0.00009  0.00096  
420     N/A    0.000738  -25.09146  -25.09175  0.01046  -25.10192  -25.08099  0.99999  0.00032  0.00116  
440     N/A    0.000796  -25.09000  -25.10166  0.01017  -25.10018  -25.07983  0.99954  0.00039  0.00120  
