Learning rate is 0.001

Optimizer is Adadelta
Epoch & Fidelity & Runtime 
1 0.080647 1.239117
2 0.080942 2.457756
3 0.08122 3.675742
4 0.081496 4.894392
5 0.081771 6.147338
6 0.082032 7.375427
7 0.082286 8.597975
8 0.082525 9.823144
9 0.082758 11.046052
10 0.08299 12.26929
11 0.083208 13.504933
12 0.083434 14.728374
13 0.083653 15.953558
14 0.083866 17.178897
15 0.084069 18.403425
16 0.084283 19.62554
17 0.084475 20.850688
18 0.084671 22.07324
19 0.084859 23.295524
20 0.08504 24.51834
21 0.085214 25.741706
22 0.085398 26.968446
23 0.08557 28.190576
24 0.085734 29.433624
25 0.085893 30.655375
26 0.086053 31.880777
27 0.086211 33.100524
28 0.086362 34.323973
29 0.086513 35.573358
30 0.086656 36.798367
31 0.086796 38.022928
32 0.086933 39.24654
33 0.087071 40.469382
34 0.087202 41.69385
35 0.087334 42.94875
36 0.087465 44.203084
37 0.08759 45.426323
38 0.087715 46.648955
39 0.087833 47.872142
40 0.087953 49.098424
41 0.088064 50.320259
42 0.088176 51.546398
43 0.088287 52.770006
44 0.088391 53.994051
45 0.088497 55.216665
46 0.088598 56.440816
47 0.088698 57.663068
48 0.088794 58.924102
49 0.088892 60.147583
50 0.088991 61.373097
51 0.089083 62.596485
52 0.089176 63.821262
53 0.089263 65.047022
54 0.089353 66.270484
55 0.089441 67.494504
56 0.089521 68.720413
57 0.089608 69.942212
58 0.089695 71.168019
59 0.089774 72.39175
60 0.089854 73.657744
61 0.089934 74.880253
62 0.090012 76.106665
63 0.090089 77.329319
64 0.090165 78.552319
65 0.090241 79.775277
66 0.090313 80.999092
67 0.090387 82.225017
68 0.090454 83.448474
69 0.090524 84.670568
70 0.090594 85.896264
71 0.090663 87.121664
72 0.090733 88.389275
73 0.090802 89.615227
74 0.090868 90.839271
75 0.09093 92.063452
76 0.090995 93.289488
77 0.091061 94.513557
78 0.091123 95.736181
79 0.091188 96.960904
80 0.091249 98.185992
81 0.09131 99.410785
82 0.09137 100.632885
83 0.091432 101.859637
84 0.09149 103.084078
85 0.091547 104.365887
86 0.091608 105.588919
87 0.091664 106.80898
88 0.091722 108.030227
89 0.091777 109.255626
90 0.091832 110.532907
91 0.09189 111.755354
92 0.091945 112.975997
93 0.092 114.194283
94 0.092056 115.417441
95 0.092112 116.650023
96 0.092166 117.869844
97 0.09222 119.149794
98 0.092272 120.370692
99 0.092327 121.588241
100 0.092381 122.806653
101 0.092436 124.026705
102 0.092488 125.245618
103 0.09254 126.466563
104 0.092593 127.685775
105 0.092647 128.906288
106 0.092698 130.126942
107 0.092748 131.350661
108 0.092799 132.56995
109 0.092852 133.856266
110 0.092905 135.07367
111 0.092954 136.292449
112 0.093005 137.515433
113 0.093057 138.732741
114 0.093108 139.952373
115 0.093158 141.172156
116 0.09321 142.396109
117 0.093261 143.614517
118 0.093311 144.832629
119 0.093362 146.052583
120 0.093415 147.271787
121 0.093465 148.564164
122 0.093516 149.78097
123 0.093566 151.000657
124 0.093617 152.221679
125 0.093667 153.443919
126 0.093715 154.663341
127 0.093764 155.883547
128 0.093815 157.101771
129 0.093865 158.321795
130 0.093914 159.54366
131 0.093965 160.76455
132 0.094016 161.982016
133 0.094067 163.200123
134 0.094117 164.499381
135 0.094167 165.718116
136 0.094217 166.939081
137 0.094267 168.156607
138 0.094319 169.37367
139 0.09437 170.593868
140 0.094421 171.812557
141 0.09447 173.032598
142 0.09452 174.249914
143 0.094571 175.472652
144 0.094621 176.695159
145 0.094673 177.915436
146 0.094723 179.220736
147 0.094774 180.440188
148 0.094826 181.660721
149 0.094876 182.882255
150 0.094926 184.099266
151 0.094979 185.321337
152 0.09503 186.539677
153 0.095082 187.763796
154 0.095133 188.982931
155 0.095187 190.203046
156 0.095239 191.42063
157 0.09529 192.644423
158 0.095341 193.956245
159 0.095393 195.177449
160 0.095445 196.394033
161 0.095498 197.613578
162 0.095549 198.854943
163 0.095602 200.075014
164 0.095655 201.293611
165 0.095707 202.51361
166 0.095761 203.731635
167 0.095815 204.954241
168 0.095868 206.173061
169 0.095921 207.394631
170 0.095975 208.713558
171 0.096029 209.933746
172 0.096083 211.15041
173 0.096139 212.371833
174 0.096193 213.593185
175 0.096246 214.813902
176 0.096302 216.03753
177 0.096355 217.258209
178 0.09641 218.476523
179 0.096465 219.6973
180 0.096519 220.917563
181 0.096575 222.14169
182 0.09663 223.464808
183 0.096687 224.685288
184 0.096743 225.905548
185 0.096799 227.12338
186 0.096856 228.343013
187 0.096911 229.562792
188 0.096968 230.781481
189 0.097023 232.001843
190 0.097081 233.219679
191 0.097137 234.438559
192 0.097195 235.658309
193 0.097252 236.877445
194 0.097309 238.098031
195 0.097366 239.42892
196 0.097424 240.648988
197 0.097482 241.873267
198 0.097541 243.093031
199 0.0976 244.313577
200 0.097658 245.649937
201 0.097717 246.868363
202 0.097776 248.089693
203 0.097836 249.310832
204 0.097896 250.530218
205 0.097956 251.750427
206 0.098015 252.971846
207 0.098075 254.310858
208 0.098135 255.529961
209 0.098195 256.750276
210 0.098257 257.971931
211 0.098318 259.190993
212 0.098379 260.41217
213 0.098441 261.631923
214 0.098502 262.853652
215 0.098563 264.073582
216 0.098625 265.296308
217 0.098688 266.51614
218 0.09875 267.73291
219 0.098813 269.077529
220 0.098876 270.298848
221 0.098939 271.518929
222 0.099002 272.739801
223 0.099064 273.962761
224 0.099129 275.181105
225 0.099192 276.402674
226 0.099258 277.623093
227 0.099321 278.840773
228 0.099384 280.083525
229 0.099449 281.303784
230 0.099515 282.525442
231 0.09958 283.876434
232 0.099646 285.096358
233 0.099711 286.319402
234 0.099778 287.539654
235 0.099844 288.761857
236 0.099912 289.982119
237 0.099979 291.203079
238 0.100046 292.427285
239 0.100112 293.647533
240 0.100179 294.864901
241 0.100247 296.085769
242 0.100315 297.309076
243 0.100383 298.663945
244 0.100452 299.884503
245 0.100519 301.107033

Optimizer is Adam
Epoch & Fidelity & Runtime 
1 0.109773 1.181394
2 0.155078 2.333785
3 0.193554 3.484132
4 0.221615 4.637794
5 0.24844 5.929627
6 0.272162 7.102701
7 0.298927 8.272913
8 0.322702 9.425804
9 0.345316 10.595181
10 0.363829 11.74701
11 0.383986 12.901278
12 0.401178 14.051516
13 0.416188 15.205694
14 0.431328 16.356855
15 0.445846 17.510456
16 0.458865 18.664021
17 0.475165 19.956299
18 0.48575 21.109339
19 0.498011 22.261455
20 0.510781 23.412861
21 0.519725 24.566075
22 0.528908 25.72063
23 0.534211 26.879976
24 0.543034 28.061631
25 0.550675 29.245546
26 0.556807 30.430686
27 0.560122 31.61482
28 0.565467 32.79737
29 0.566175 33.981027
30 0.575343 35.303117
31 0.581734 36.487787
32 0.588569 37.670504
33 0.592408 38.855886
34 0.594125 40.027517
35 0.600631 41.220072
36 0.604634 42.402373
37 0.608294 43.584706
38 0.607451 44.768231
39 0.618526 45.951326
40 0.623039 47.134566
41 0.629324 48.30574
42 0.635823 49.454212
43 0.636941 50.748677
44 0.640939 51.904838
45 0.635783 53.056922
46 0.646444 54.201919
47 0.651802 55.374752
48 0.648263 56.548954
49 0.665019 57.728374
50 0.667072 58.911239
51 0.674522 60.093752
52 0.678548 61.273347
53 0.680659 62.455381
54 0.687316 63.634156
55 0.691563 64.952561
56 0.683873 66.131616
57 0.695429 67.312753
58 0.693121 68.494981
59 0.687062 69.674855
60 0.701294 70.853607
61 0.704287 72.036486
62 0.709542 73.21821
63 0.709847 74.396755
64 0.717158 75.576842
65 0.71792 76.758742
66 0.721226 77.941878
67 0.71292 79.122992
68 0.721961 80.437416
69 0.715264 81.616758
70 0.721331 82.797874
71 0.731968 83.977966
72 0.728524 85.15792
73 0.724323 86.336682
74 0.717239 87.519022
75 0.710648 88.698094
76 0.730744 89.878273
77 0.747492 91.059716
78 0.736861 92.24242
79 0.735589 93.42453
80 0.740375 94.605842
81 0.727179 95.926639
82 0.750123 97.110843
83 0.742351 98.290112
84 0.733627 99.469042
85 0.739203 100.650597
86 0.72981 101.833052
87 0.735841 103.010768
88 0.74793 104.332438
89 0.746827 105.512048
90 0.75859 106.692394
91 0.763873 107.871919
92 0.762699 109.049693
93 0.761199 110.368003
94 0.756496 111.54804
95 0.762692 112.727101
96 0.759823 113.908237
97 0.770798 115.091459
98 0.769579 116.272724
99 0.752132 117.453712
100 0.77127 118.633541
101 0.767299 119.839031
102 0.757763 121.020455
103 0.747157 122.203737
104 0.744124 123.387551
105 0.757521 124.569901
106 0.743482 125.891965
107 0.758178 127.076553
108 0.762085 128.259588
109 0.775741 129.445471
110 0.771975 130.628767
111 0.775032 131.813144
112 0.770393 132.996968
113 0.774589 134.184719
114 0.768892 135.368402
115 0.7648 136.552296
116 0.756465 137.733285
117 0.772062 138.920067
118 0.767042 140.243956
119 0.744455 141.4267
120 0.735591 142.610647
121 0.736818 143.793586
122 0.725569 144.977498
123 0.715107 146.162871
124 0.678763 147.347507
125 0.683268 148.531102
126 0.683192 149.718536
127 0.676456 150.915299
128 0.649828 152.111461
129 0.604835 153.309444
130 0.59697 154.508091
131 0.578079 155.848794
132 0.553475 157.047492
133 0.532056 158.245816
134 0.577192 159.444458
135 0.571524 160.642344
136 0.580016 161.839105
137 0.547778 163.038892
138 0.544136 164.236908
139 0.53124 165.432686
140 0.528227 166.629838
141 0.520099 167.827024
142 0.539363 169.02084
143 0.567172 170.362002
144 0.558942 171.558319
145 0.547417 172.754991
146 0.548485 173.949604
147 0.508931 175.148286
148 0.496697 176.343784
149 0.488436 177.543719
150 0.500556 178.741347
151 0.465089 179.938982
152 0.464174 181.136129
153 0.477608 182.333155
154 0.484344 183.530244
155 0.47234 184.886811
156 0.463987 186.082779
157 0.447677 187.277966
158 0.444159 188.472791
159 0.443593 189.666666
160 0.423836 190.861551
161 0.402975 192.05638
162 0.405732 193.251256
163 0.374033 194.445095
164 0.396392 195.638767
165 0.388505 196.835463
166 0.380599 198.030783
167 0.371403 199.225637
168 0.363054 200.606924
169 0.359659 201.803099
170 0.372309 202.999539
171 0.375637 204.197555
172 0.397174 205.393115
173 0.389756 206.591504
174 0.36521 207.787417
175 0.362939 208.986773
176 0.339663 210.184748
177 0.325008 211.383439
178 0.318246 212.577402
179 0.35946 213.776912
180 0.341064 215.134746
181 0.323943 216.335713
182 0.324367 217.532202
183 0.327358 218.731608
184 0.350415 219.928365
185 0.318922 221.1239
186 0.326181 222.320356
187 0.315137 223.520249
188 0.310549 224.716323
189 0.269591 225.918128
190 0.25127 227.115081
191 0.268871 228.313189
192 0.244007 229.510193
193 0.232144 230.880556
194 0.224717 232.076408
195 0.222492 233.272193
196 0.210587 234.46679
197 0.218295 235.666429
198 0.176585 236.861696
199 0.183593 238.229472
200 0.198983 239.429536
201 0.175793 240.626448
202 0.144366 241.824323
203 0.166708 243.021478
204 0.184404 244.220012
205 0.187774 245.599003
206 0.174532 246.797721
207 0.192165 247.994224
208 0.190576 249.191491
209 0.194885 250.388656
210 0.186286 251.586557
211 0.158979 252.783756
212 0.165784 253.980076
213 0.166559 255.176141
214 0.165084 256.372522
215 0.16468 257.569176
216 0.156793 258.763228
217 0.147304 260.143001
218 0.148325 261.338369
219 0.138216 262.53434
220 0.146442 263.730351
221 0.130191 264.924692
222 0.128917 266.117679
223 0.121609 267.314071
224 0.128251 268.506736
225 0.1152 269.704254
226 0.115799 270.898786
227 0.101821 272.09389
228 0.11749 273.29014
229 0.119834 274.484346
230 0.103333 275.880536
231 0.091254 277.082917
232 0.090863 278.278707
233 0.092513 279.475676
234 0.095919 280.70119
235 0.096256 281.900945
236 0.082241 283.09631
237 0.089156 284.294613
238 0.09108 285.491973
239 0.089653 286.691019
240 0.083766 287.889044
241 0.080364 289.08662
242 0.071433 290.478911
243 0.074876 291.676191
244 0.074978 292.871885
245 0.068804 294.071819
246 0.074767 295.267414
247 0.075383 296.468552
248 0.074249 297.666815
249 0.070975 298.865768
250 0.070297 300.066876

Optimizer is Adamax
Epoch & Fidelity & Runtime 
1 0.090742 1.360071
2 0.096624 2.631638
3 0.106243 3.864018
4 0.121278 5.095073
5 0.139086 6.329154
6 0.155181 7.562571
7 0.16706 8.799778
8 0.176961 10.034225
9 0.185396 11.268454
10 0.194493 12.70568
11 0.204292 13.937041
12 0.214495 15.172779
13 0.224686 16.405072
14 0.234757 17.641755
15 0.245438 18.873753
16 0.255589 20.106075
17 0.264899 21.341189
18 0.273122 22.580648
19 0.28201 23.827023
20 0.291912 25.073144
21 0.300242 26.309909
22 0.30909 27.751194
23 0.316192 28.991586
24 0.324257 30.234999
25 0.3309 31.466468
26 0.337748 32.712191
27 0.344221 33.952903
28 0.350895 35.18378
29 0.357011 36.423733
30 0.362663 37.666303
31 0.368152 38.896145
32 0.372411 40.140807
33 0.378387 41.382927
34 0.383201 42.823877
35 0.386826 44.076083
36 0.391775 45.348393
37 0.395453 46.60626
38 0.400227 47.857579
39 0.404371 49.120254
40 0.408566 50.372167
41 0.413079 51.639457
42 0.416952 52.903457
43 0.421453 54.169808
44 0.42561 55.433286
45 0.42988 56.751871
46 0.434664 58.163919
47 0.439089 59.426526
48 0.442577 60.692512
49 0.446873 61.955439
50 0.451323 63.220626
51 0.456413 64.483821
52 0.460834 65.747277
53 0.465688 67.010499
54 0.470438 68.27491
55 0.47426 69.538899
56 0.478751 70.801716
57 0.484045 72.265322
58 0.486626 73.527051
59 0.492323 74.793541
60 0.497351 76.059022
61 0.500859 77.326839
62 0.504931 78.591003
63 0.507473 79.85388
64 0.512277 81.121049
65 0.515069 82.38383
66 0.518962 83.647902
67 0.52196 84.910169
68 0.523658 86.173059
69 0.528731 87.636141
70 0.5307 88.89892
71 0.534797 90.158687
72 0.538172 91.421337
73 0.541647 92.685987
74 0.544369 93.947635
75 0.544973 95.383256
76 0.547909 96.675275
77 0.550466 97.935219
78 0.553082 99.197134
79 0.556295 100.458498
80 0.556094 101.800889
81 0.560153 103.18293
82 0.562641 104.444258
83 0.565962 105.702667
84 0.567519 106.963099
85 0.570401 108.224381
86 0.573885 109.483405
87 0.575211 110.746136
88 0.575678 112.005009
89 0.578413 113.267814
90 0.580432 114.53036
91 0.583895 115.79403
92 0.586167 117.257063
93 0.587772 118.515941
94 0.58875 119.778526
95 0.59035 121.036212
96 0.593935 122.302284
97 0.595541 123.562659
98 0.59901 124.82379
99 0.600471 126.083934
100 0.602887 127.345556
101 0.605453 128.609173
102 0.606969 129.898065
103 0.608232 131.162051
104 0.608982 132.624746
105 0.611108 133.892641
106 0.613249 135.155683
107 0.611971 136.422256
108 0.616143 137.687389
109 0.61834 138.948619
110 0.620187 140.21564
111 0.62293 141.477827
112 0.621906 142.743815
113 0.626815 144.011808
114 0.628304 145.274223
115 0.629999 146.537724
116 0.631817 147.999541
117 0.633003 149.26145
118 0.633942 150.52013
119 0.635169 151.781094
120 0.635422 153.043896
121 0.638847 154.30688
122 0.639335 155.568713
123 0.642518 156.827828
124 0.64246 158.088117
125 0.642515 159.351564
126 0.644697 160.615193
127 0.645997 162.076918
128 0.649834 163.347259
129 0.649012 164.625543
130 0.650849 165.898864
131 0.65187 167.174052
132 0.654052 168.447894
133 0.655447 169.723539
134 0.654539 170.998883
135 0.658185 172.271621
136 0.657641 173.547087
137 0.662042 174.821829
138 0.662488 176.096191
139 0.666102 177.575197
140 0.666885 178.847744
141 0.668072 180.122473
142 0.670469 181.395304
143 0.672266 182.671077
144 0.672655 183.946042
145 0.673648 185.218173
146 0.675669 186.493603
147 0.676663 187.766887
148 0.676124 189.041609
149 0.677262 190.317227
150 0.677247 191.593281
151 0.677259 193.081577
152 0.679413 194.357278
153 0.682554 195.635075
154 0.683735 196.90783
155 0.684372 198.182453
156 0.684411 199.455719
157 0.685532 200.728044
158 0.689203 202.002855
159 0.689721 203.277826
160 0.688918 204.554425
161 0.690179 205.829279
162 0.694234 207.320462
163 0.696118 208.59528
164 0.697519 209.873468
165 0.698557 211.150049
166 0.701658 212.423181
167 0.702515 213.698911
168 0.702421 214.974261
169 0.701648 216.278139
170 0.701387 217.558243
171 0.700405 218.837414
172 0.703338 220.115471
173 0.704562 221.391878
174 0.702751 222.895518
175 0.703359 224.17434
176 0.707456 225.451972
177 0.708559 226.727848
178 0.710122 228.006156
179 0.712802 229.28423
180 0.709753 230.558711
181 0.71254 232.062836
182 0.715012 233.341412
183 0.710291 234.620274
184 0.71436 235.896608
185 0.71393 237.403208
186 0.71757 238.68006
187 0.717813 239.959298
188 0.71936 241.234947
189 0.715968 242.511543
190 0.719313 243.788317
191 0.723381 245.065293
192 0.718881 246.340403
193 0.722338 247.616483
194 0.72347 248.894855
195 0.726627 250.171844
196 0.722834 251.446549
197 0.724899 252.959797
198 0.72888 254.23808
199 0.729092 255.515438
200 0.731887 256.795112
201 0.731823 258.073087
202 0.731484 259.349254
203 0.733445 260.627691
204 0.738514 261.903832
205 0.740907 263.182882
206 0.742832 264.462901
207 0.741314 265.742778
208 0.741666 267.255812
209 0.742612 268.534444
210 0.742927 269.814751
211 0.74499 271.091345
212 0.746161 272.367629
213 0.746105 273.645806
214 0.748262 274.923249
215 0.748756 276.200289
216 0.749547 277.4786
217 0.750452 278.756624
218 0.747986 280.036
219 0.751092 281.310752
220 0.750984 282.837952
221 0.753383 284.116476
222 0.754 285.396989
223 0.754135 286.675892
224 0.753857 287.958957
225 0.753632 289.237535
226 0.754552 290.516787
227 0.751391 291.793053
228 0.750896 293.070147
229 0.753987 294.346432
230 0.756374 295.624837
231 0.756611 297.155506
232 0.757833 298.43136
233 0.758713 299.711102
234 0.762267 300.988652

Optimizer is SGD
Epoch & Fidelity & Runtime 
1 0.091681 1.224844
2 0.095509 2.385907
3 0.098739 3.722911
4 0.102324 4.848824
5 0.10639 5.947164
6 0.110919 7.042008
7 0.115747 8.136015
8 0.121004 9.229558
9 0.126334 10.327933
10 0.131826 11.435484
11 0.137034 12.535905
12 0.142112 13.636614
13 0.146657 14.729677
14 0.151242 15.840569
15 0.15546 16.944931
16 0.159086 18.051237
17 0.162563 19.408757
18 0.165741 20.510611
19 0.168861 21.620757
20 0.171748 22.733098
21 0.174547 23.84328
22 0.177261 24.938603
23 0.179921 26.054779
24 0.182804 27.147902
25 0.185448 28.263919
26 0.188251 29.369495
27 0.191105 30.475617
28 0.194054 31.587543
29 0.196999 32.695474
30 0.200076 34.06196
31 0.203098 35.18207
32 0.206099 36.292904
33 0.209293 37.390013
34 0.212468 38.500143
35 0.215411 39.599139
36 0.218345 40.707274
37 0.22142 41.807915
38 0.224473 42.917702
39 0.227292 44.029398
40 0.230377 45.140924
41 0.233421 46.257588
42 0.236344 47.371906
43 0.239422 48.731297
44 0.242324 49.857875
45 0.245014 50.977735
46 0.247954 52.088326
47 0.250808 53.201705
48 0.253547 54.32456
49 0.256349 55.44526
50 0.25891 56.56338
51 0.26176 57.680925
52 0.264288 58.785841
53 0.26691 59.931682
54 0.269379 61.040287
55 0.271735 62.164166
56 0.274106 63.301777
57 0.276431 64.666218
58 0.27885 65.791761
59 0.281135 66.914816
60 0.283413 68.035449
61 0.285623 69.157586
62 0.287911 70.282082
63 0.290024 71.403267
64 0.292304 72.525364
65 0.294446 73.648021
66 0.296546 74.771595
67 0.298724 75.894084
68 0.300795 77.015285
69 0.302663 78.136719
70 0.304607 79.516135
71 0.306441 80.640146
72 0.308294 81.763119
73 0.310309 82.883102
74 0.312372 84.007815
75 0.314313 85.132715
76 0.316337 86.25819
77 0.318177 87.637677
78 0.319816 88.761011
79 0.321276 89.883707
80 0.323109 91.006383
81 0.324749 92.131492
82 0.326729 93.255496
83 0.328522 94.631323
84 0.33008 95.75638
85 0.331711 96.880463
86 0.333401 98.00473
87 0.335117 99.127073
88 0.336724 100.250511
89 0.338221 101.373575
90 0.339714 102.498386
91 0.341203 103.619887
92 0.342905 104.739385
93 0.344392 105.860712
94 0.346045 106.982489
95 0.347539 108.105633
96 0.349081 109.479517
97 0.350437 110.599441
98 0.351735 111.720965
99 0.353292 112.841662
100 0.354535 113.962529
101 0.355788 115.083769
102 0.357119 116.204054
103 0.358568 117.326584
104 0.359686 118.448008
105 0.361345 119.572593
106 0.362551 120.689899
107 0.363771 121.810266
108 0.365083 122.931181
109 0.36628 124.306078
110 0.367582 125.431624
111 0.368664 126.563895
112 0.369812 127.681857
113 0.370893 128.801831
114 0.372182 129.923439
115 0.373276 131.042714
116 0.374313 132.170557
117 0.375508 133.300356
118 0.376685 134.422553
119 0.377827 135.569319
120 0.378958 136.703963
121 0.380311 137.843737
122 0.381527 139.229621
123 0.382389 140.367359
124 0.383576 141.50466
125 0.384841 142.64026
126 0.38594 143.778913
127 0.386846 144.914068
128 0.387829 146.051331
129 0.389023 147.189322
130 0.390108 148.327157
131 0.391182 149.464997
132 0.392216 150.602579
133 0.392876 151.738249
134 0.39413 152.87504
135 0.395191 154.272924
136 0.396123 155.411927
137 0.397199 156.547179
138 0.398168 157.682829
139 0.399377 158.817859
140 0.400291 159.953357
141 0.401473 161.087936
142 0.402396 162.222749
143 0.403338 163.356252
144 0.40438 164.487647
145 0.405511 165.619826
146 0.406434 166.753749
147 0.407473 167.890045
148 0.408597 169.291643
149 0.409566 170.425133
150 0.410715 171.56118
151 0.411753 172.693784
152 0.412782 173.828512
153 0.413957 174.9646
154 0.414685 176.100121
155 0.415841 177.233925
156 0.41713 178.368597
157 0.418289 179.502549
158 0.419526 180.635285
159 0.420607 181.767646
160 0.421717 182.903198
161 0.422741 184.311379
162 0.424004 185.445729
163 0.424735 186.579252
164 0.425777 187.714647
165 0.427089 188.846306
166 0.427977 189.981622
167 0.428839 191.116282
168 0.430328 192.250248
169 0.431318 193.386541
170 0.432795 194.518779
171 0.433914 195.654442
172 0.435375 196.785012
173 0.436488 197.918318
174 0.437815 199.32975
175 0.439053 200.471261
176 0.440244 201.604495
177 0.441147 202.73733
178 0.442479 203.869978
179 0.443605 205.005908
180 0.44468 206.157818
181 0.445814 207.291249
182 0.447124 208.425474
183 0.448279 209.558072
184 0.449449 210.690874
185 0.450363 211.825547
186 0.45161 212.989053
187 0.452918 214.41237
188 0.454475 215.548754
189 0.455937 216.685812
190 0.457029 217.824872
191 0.458111 218.962055
192 0.459054 220.097878
193 0.460713 221.232229
194 0.462185 222.366938
195 0.463311 223.500377
196 0.464412 224.634204
197 0.465665 226.062185
198 0.467038 227.200499
199 0.468117 228.627204
200 0.469257 229.761272
201 0.470655 230.895343
202 0.470999 232.031482
203 0.472639 233.167658
204 0.474207 234.30146
205 0.475566 235.439349
206 0.477014 236.575815
207 0.477983 237.710431
208 0.478804 238.843518
209 0.480088 239.977446
210 0.481448 241.109977
211 0.48208 242.24535
212 0.483888 243.676004
213 0.485106 244.810999
214 0.48637 245.946355
215 0.487771 247.082126
216 0.488955 248.214631
217 0.48962 249.348917
218 0.490978 250.483656
219 0.492211 251.617762
220 0.492928 252.754276
221 0.493823 253.886948
222 0.495016 255.019982
223 0.496033 256.155446
224 0.497091 257.289698
225 0.497965 258.727071
226 0.499026 259.859444
227 0.499902 260.992628
228 0.501218 262.126443
229 0.50192 263.260304
230 0.503055 264.394236
231 0.50336 265.527769
232 0.504432 266.660914
233 0.505426 267.79378
234 0.506665 268.926801
235 0.50802 270.060323
236 0.509186 271.193679
237 0.51018 272.327777
238 0.511183 273.768829
239 0.511753 274.905647
240 0.512519 276.038927
241 0.513422 277.171448
242 0.51428 278.305151
243 0.515239 279.44457
244 0.515785 280.582053
245 0.516519 281.717182
246 0.51705 282.852384
247 0.517902 283.988522
248 0.518471 285.124721
249 0.518955 286.262016
250 0.519742 287.395583
251 0.520454 288.843704
252 0.521229 290.007422
253 0.522034 291.143497
254 0.522956 292.279054
255 0.523804 293.414891
256 0.524725 294.548844
257 0.525363 295.684795
258 0.526239 296.818561
259 0.526853 297.95295
260 0.527406 299.089873
261 0.527934 300.223644

Optimizer is SGD $\gamma$ = 0.9
Epoch & Fidelity & Runtime 
1 0.129669 1.215064
2 0.181274 2.428754
3 0.212665 3.572585
4 0.239418 4.684338
5 0.263558 5.794826
6 0.285844 6.904899
7 0.307103 8.015252
8 0.324977 9.130327
9 0.338958 10.571626
10 0.357183 11.683317
11 0.372025 12.802138
12 0.385058 13.918596
13 0.395862 15.032586
14 0.406915 16.149254
15 0.417697 17.260144
16 0.428001 18.376951
17 0.435204 19.492919
18 0.445343 20.625266
19 0.451643 21.73963
20 0.458298 22.858041
21 0.466386 23.990061
22 0.472121 25.432483
23 0.475823 26.553596
24 0.479661 27.686741
25 0.487165 28.801663
26 0.490686 29.933096
27 0.493943 31.061318
28 0.500984 32.189455
29 0.503322 33.319892
30 0.506547 34.454637
31 0.508393 35.594875
32 0.510036 36.722
33 0.514807 37.851748
34 0.51624 38.980304
35 0.521927 40.428982
36 0.523626 41.548197
37 0.525857 42.685502
38 0.528049 43.824056
39 0.53072 44.960643
40 0.53735 46.096799
41 0.538416 47.234346
42 0.541502 48.374514
43 0.543559 49.539026
44 0.544954 50.679529
45 0.551128 51.82225
46 0.554798 52.949384
47 0.559053 54.087374
48 0.556392 55.539509
49 0.556994 56.681026
50 0.564998 57.821969
51 0.565085 58.960414
52 0.574514 60.102257
53 0.577982 61.239682
54 0.583843 62.380379
55 0.58543 63.521056
56 0.590299 64.660103
57 0.59774 65.797786
58 0.601042 66.93856
59 0.602448 68.076839
60 0.605216 69.21721
61 0.609725 70.678596
62 0.614005 71.818722
63 0.617301 72.958006
64 0.622665 74.097432
65 0.624786 75.240314
66 0.62859 76.380635
67 0.634476 77.844211
68 0.631889 78.98584
69 0.629782 80.124633
70 0.640235 81.264088
71 0.645346 82.403936
72 0.651044 83.541459
73 0.65284 84.939153
74 0.658093 86.14459
75 0.6562 87.286795
76 0.662327 88.425847
77 0.663841 89.564499
78 0.666943 90.708762
79 0.672693 91.849537
80 0.673823 92.989187
81 0.67725 94.129999
82 0.680185 95.267274
83 0.684101 96.407021
84 0.686102 97.546067
85 0.686745 98.685611
86 0.687592 100.147789
87 0.692634 101.28844
88 0.695081 102.428568
89 0.696708 103.566199
90 0.69891 104.7035
91 0.699692 105.843637
92 0.702444 106.981048
93 0.701274 108.117362
94 0.709999 109.258465
95 0.708434 110.399483
96 0.711578 111.536172
97 0.713439 112.675861
98 0.715662 113.815855
99 0.720507 115.286763
100 0.719127 116.420403
101 0.722852 117.568657
102 0.720473 118.72058
103 0.725257 119.867843
104 0.726291 121.02108
105 0.725838 122.169236
106 0.728004 123.31261
107 0.730402 124.460792
108 0.733297 125.597346
109 0.73623 126.761886
110 0.735223 127.899588
111 0.735966 129.041697
112 0.735528 130.503911
113 0.738349 131.643186
114 0.736929 132.783225
115 0.741084 133.920807
116 0.744076 135.06257
117 0.742201 136.202853
118 0.742975 137.344929
119 0.746192 138.484346
120 0.74608 139.628018
121 0.748594 140.767171
122 0.750199 141.909015
123 0.748971 143.051888
124 0.748973 144.195392
125 0.751235 145.656621
126 0.753516 146.797351
127 0.758388 147.938171
128 0.758614 149.076039
129 0.757967 150.214412
130 0.761698 151.353323
131 0.760972 152.491576
132 0.758869 153.627542
133 0.761626 154.764521
134 0.762918 155.914572
135 0.764772 157.064822
136 0.764916 158.213921
137 0.766078 159.364823
138 0.76834 160.837861
139 0.764393 161.98611
140 0.762532 163.137114
141 0.767879 164.286766
142 0.764344 165.436767
143 0.764699 166.589469
144 0.769765 167.740342
145 0.772176 168.890195
146 0.769063 170.041724
147 0.7736 171.19206
148 0.769827 172.340168
149 0.770216 173.49278
150 0.773044 174.963599
151 0.773677 176.111796
152 0.777979 177.261845
153 0.77344 178.410702
154 0.775536 179.560834
155 0.775417 180.712519
156 0.776059 181.86261
157 0.777547 183.014753
158 0.778777 184.164741
159 0.78004 185.314963
160 0.778628 186.462861
161 0.775509 187.612473
162 0.786235 188.762421
163 0.782186 190.237834
164 0.786099 191.386701
165 0.785728 192.537828
166 0.786035 193.686627
167 0.789772 194.845469
168 0.788743 195.997631
169 0.789007 197.149633
170 0.786627 198.29972
171 0.786064 199.451796
172 0.789179 200.600639
173 0.791761 201.754933
174 0.783729 202.906566
175 0.779134 204.057835
176 0.774929 205.571154
177 0.786898 206.723263
178 0.792979 207.874505
179 0.79681 209.025581
180 0.797639 210.177671
181 0.799844 211.329877
182 0.799033 212.48032
183 0.794784 213.63277
184 0.797457 214.782896
185 0.79826 216.268518
186 0.79921 217.421991
187 0.800244 218.573628
188 0.795159 220.058434
189 0.796552 221.210504
190 0.799165 222.364235
191 0.804381 223.515834
192 0.800165 224.668077
193 0.799156 225.817519
194 0.803049 226.970408
195 0.80376 228.119766
196 0.806934 229.273115
197 0.806592 230.422356
198 0.805886 231.574177
199 0.80438 232.722353
200 0.804165 233.873507
201 0.801896 235.362527
202 0.807576 236.514098
203 0.808038 237.663764
204 0.807329 238.814536
205 0.807173 239.967124
206 0.804396 241.116111
207 0.811736 242.266145
208 0.811212 243.413862
209 0.810138 244.564892
210 0.813136 245.713694
211 0.807514 246.863436
212 0.811232 248.012455
213 0.809959 249.163797
214 0.813565 250.65891
215 0.811459 251.80972
216 0.81503 252.95785
217 0.816096 254.108516
218 0.813712 255.25654
219 0.815369 256.406239
220 0.807887 257.554639
221 0.804897 258.703934
222 0.804948 259.854943
223 0.808966 261.006109
224 0.818499 262.156672
225 0.819679 263.306694
226 0.814831 264.796134
227 0.818344 265.949136
228 0.819069 267.10001
229 0.815377 268.248895
230 0.821474 269.399689
231 0.819883 270.548162
232 0.82178 271.698412
233 0.824073 272.847918
234 0.821201 274.009348
235 0.824196 275.15857
236 0.823924 276.306866
237 0.823771 277.465116
238 0.820274 278.613065
239 0.823584 280.115475
240 0.826387 281.265721
241 0.825289 282.417641
242 0.827849 283.59551
243 0.825388 284.75123
244 0.82356 285.904546
245 0.81976 287.054301
246 0.822233 288.206068
247 0.826962 289.357878
248 0.828698 290.509053
249 0.828713 291.660735
250 0.828968 292.812382
251 0.83029 293.961598
252 0.828104 295.467811
253 0.820921 296.619128
254 0.829209 297.77039
255 0.816566 298.918756
256 0.820754 300.070123

Optimizer is NAG $\gamma$ = 0.9
Epoch & Fidelity & Runtime 
1 0.107164 1.240479
2 0.153282 2.845
3 0.189066 4.012702
4 0.222115 5.134923
5 0.253501 6.259572
6 0.275566 7.385911
7 0.298671 8.513441
8 0.314808 9.635533
9 0.330339 11.0095
10 0.34833 12.247009
11 0.363442 13.37768
12 0.385282 14.50008
13 0.401015 15.628248
14 0.419796 17.120915
15 0.435137 18.253593
16 0.449454 19.377908
17 0.465306 20.516657
18 0.478411 21.658153
19 0.486944 22.791594
20 0.499638 23.931853
21 0.505432 25.078987
22 0.514854 26.21131
23 0.522395 27.358322
24 0.528748 28.492703
25 0.532942 29.636914
26 0.538392 30.786958
27 0.542612 32.296908
28 0.547207 33.4429
29 0.552745 34.588323
30 0.553006 35.729456
31 0.557135 36.867716
32 0.559247 38.018702
33 0.560128 39.148811
34 0.566323 40.290731
35 0.568417 41.439789
36 0.568325 42.587671
37 0.574158 43.73002
38 0.577988 44.895594
39 0.579821 46.039189
40 0.58179 47.554935
41 0.584059 48.705092
42 0.587768 49.855399
43 0.590363 51.007542
44 0.591068 52.158772
45 0.597676 53.308424
46 0.597338 54.458798
47 0.59819 55.609377
48 0.605926 56.760466
49 0.607774 57.908632
50 0.607276 59.060253
51 0.610417 60.2118
52 0.614524 61.428077
53 0.619076 62.871915
54 0.617134 64.023092
55 0.624251 65.189475
56 0.622129 66.374537
57 0.630088 67.556527
58 0.629832 68.823281
59 0.632808 70.269463
60 0.63678 71.42926
61 0.637776 72.58696
62 0.642533 73.742733
63 0.646894 74.902243
64 0.646328 76.061183
65 0.649859 77.584341
66 0.646441 78.742929
67 0.655525 79.900542
68 0.656116 81.061412
69 0.659057 82.22191
70 0.662289 83.383658
71 0.664411 84.541595
72 0.667154 85.699939
73 0.670901 86.860556
74 0.672826 88.019602
75 0.673948 89.176366
76 0.675437 90.337135
77 0.677684 91.70661
78 0.681382 93.015541
79 0.684084 94.176237
80 0.68628 95.334037
81 0.691887 96.492313
82 0.693136 97.652208
83 0.692956 98.808272
84 0.689097 99.96248
85 0.698325 101.119352
86 0.698602 102.27721
87 0.702451 103.434957
88 0.702853 104.591453
89 0.706476 105.748337
90 0.707067 107.26793
91 0.711309 108.427055
92 0.713587 109.585231
93 0.710395 110.741526
94 0.712859 111.898691
95 0.716989 113.069658
96 0.721763 114.2442
97 0.718995 115.408406
98 0.723685 116.593721
99 0.724537 117.760051
100 0.727108 118.919989
101 0.725928 120.094584
102 0.724877 121.26485
103 0.727762 122.802106
104 0.732693 123.984887
105 0.735743 125.142189
106 0.738514 126.295861
107 0.738739 127.455235
108 0.737189 128.611333
109 0.737469 129.769502
110 0.737933 130.930109
111 0.738387 132.086822
112 0.742865 133.24638
113 0.741439 134.404885
114 0.744818 135.565253
115 0.739254 137.085197
116 0.732148 138.245098
117 0.746086 139.402269
118 0.749666 140.561193
119 0.751465 141.718451
120 0.754217 142.875143
121 0.752998 144.030517
122 0.751386 145.189253
123 0.753483 146.347782
124 0.755254 147.505796
125 0.75953 148.663659
126 0.760542 149.820779
127 0.760251 150.981118
128 0.762276 152.503849
129 0.762375 153.662646
130 0.765241 154.822582
131 0.764967 155.990046
132 0.766828 157.165633
133 0.76693 158.334514
134 0.767706 159.510657
135 0.764028 160.68293
136 0.770733 161.855484
137 0.772189 163.027298
138 0.768189 164.199288
139 0.770738 165.368014
140 0.771861 166.900951
141 0.774307 168.071576
142 0.775194 169.242741
143 0.776537 170.414794
144 0.778539 171.583415
145 0.779105 172.755063
146 0.778912 173.926871
147 0.77864 175.09918
148 0.781032 176.272202
149 0.779189 177.442452
150 0.782612 178.615209
151 0.779391 179.787613
152 0.78243 180.959187
153 0.780945 182.494832
154 0.776027 183.665399
155 0.775241 184.836165
156 0.780579 186.010674
157 0.783846 187.182046
158 0.776812 188.355412
159 0.788703 189.524307
160 0.784764 190.7038
161 0.785971 191.87665
162 0.78862 193.055232
163 0.78496 194.230239
164 0.778435 195.407496
165 0.782584 196.947635
166 0.786931 198.118962
167 0.790239 199.289641
168 0.791839 200.461692
169 0.792851 201.635669
170 0.793905 202.804235
171 0.790882 203.998877
172 0.792477 205.165198
173 0.794531 206.332259
174 0.796942 207.498816
175 0.79414 208.666814
176 0.793897 209.836236
177 0.797444 211.003018
178 0.798108 212.921185
179 0.799949 214.095037
180 0.799805 215.267967
181 0.798014 216.437628
182 0.794441 217.607475
183 0.792265 218.776628
184 0.788775 219.945008
185 0.792829 221.113105
186 0.796237 222.283673
187 0.790703 223.455354
188 0.792569 224.624696
189 0.788329 225.791747
190 0.791462 227.338669
191 0.796549 228.507617
192 0.802752 229.679408
193 0.805454 230.847803
194 0.805298 232.017644
195 0.806701 233.185474
196 0.806712 234.353764
197 0.808308 235.520665
198 0.807975 236.688075
199 0.811255 237.856119
200 0.809521 239.026136
201 0.808877 240.192844
202 0.81052 241.741979
203 0.807919 242.910382
204 0.811769 244.079076
205 0.810693 245.247248
206 0.808291 246.414358
207 0.804411 247.581924
208 0.811656 248.74856
209 0.810389 249.915491
210 0.815515 251.083785
211 0.811418 252.252121
212 0.815759 253.42233
213 0.813776 254.591103
214 0.814053 255.759707
215 0.820217 257.312086
216 0.820335 258.479899
217 0.820542 259.646685
218 0.82019 260.81455
219 0.819311 261.981277
220 0.82124 263.148879
221 0.823557 264.316004
222 0.816709 265.48364
223 0.816956 266.651853
224 0.819573 267.819707
225 0.821522 268.987001
226 0.8192 270.154975
227 0.820717 271.725358
228 0.818177 272.89381
229 0.817265 274.062892
230 0.813458 275.239381
231 0.820979 276.408789
232 0.821445 277.579117
233 0.821696 278.748176
234 0.82563 279.918026
235 0.819922 281.088132
236 0.82208 282.282349
237 0.827017 283.477409
238 0.827031 284.646718
239 0.825765 285.815258
240 0.826835 287.38366
241 0.827624 288.552612
242 0.824269 289.725105
243 0.816342 290.893546
244 0.829722 292.066078
245 0.828758 293.234184
246 0.827254 294.406225
247 0.828141 295.573323
248 0.828342 296.742049
249 0.829161 297.908498
250 0.826377 299.0765
251 0.830738 300.244137

