samples: 5000
burn_in: 500
steps: 100
Exact H:-3.5
   Fidelity  ROE       Mean      Median    CI Width LL on CI  UL on CI  mmRatio  Min Err  Max Err
1  0.953183  0.000330  -3.49885  -3.49994  0.00119  -3.50004  -3.49765  0.99969  0.00001  0.00067  
2  0.991412  0.000237  -3.49917  -3.49999  0.00105  -3.50023  -3.49812  0.99977  0.00006  0.00054  
3  0.995779  0.000398  -3.49861  -3.49906  0.00119  -3.49980  -3.49741  0.99987  0.00006  0.00074  
4  0.996498  0.000317  -3.49889  -3.49961  0.00119  -3.50009  -3.49770  0.99979  0.00002  0.00066  
5  0.997043  0.000251  -3.49912  -3.50017  0.00107  -3.50019  -3.49806  0.99970  0.00005  0.00056  
6  0.996866  0.000010  -3.50003  -3.50075  0.00101  -3.50105  -3.49902  0.99980  0.00028  0.00030  
7  0.996633  0.000031  -3.49989  -3.50165  0.00090  -3.50079  -3.49899  0.99950  0.00023  0.00029  
8  0.996856  0.000216  -3.49924  -3.49835  0.00112  -3.50037  -3.49812  1.00026  0.00010  0.00054  
9  0.996659  0.000251  -3.49912  -3.49876  0.00117  -3.50029  -3.49795  1.00010  0.00008  0.00058  
10  0.997468  0.000169  -3.49941  -3.50023  0.00079  -3.50020  -3.49862  0.99977  0.00006  0.00039  
11  0.997283  0.000023  -3.49992  -3.50076  0.00076  -3.50068  -3.49916  0.99976  0.00019  0.00024  
12  0.997251  0.000069  -3.49976  -3.49918  0.00093  -3.50069  -3.49883  1.00016  0.00020  0.00034  
13  0.996794  0.000158  -3.50055  -3.50133  0.00083  -3.50138  -3.49973  0.99978  0.00008  0.00039  
14  0.997206  0.000491  -3.49828  -3.49817  0.00101  -3.49929  -3.49727  1.00003  0.00020  0.00078  
15  0.996718  0.000208  -3.49927  -3.50010  0.00123  -3.50050  -3.49804  0.99976  0.00014  0.00056  
16  0.996579  0.000342  -3.49880  -3.49921  0.00115  -3.49995  -3.49765  0.99988  0.00001  0.00067  
17  0.997108  0.000318  -3.49889  -3.49878  0.00124  -3.50012  -3.49765  1.00003  0.00004  0.00067  
18  0.996892  0.000292  -3.49898  -3.49795  0.00169  -3.50066  -3.49729  1.00029  0.00019  0.00077  
19  0.996663  0.000213  -3.49925  -3.49827  0.00140  -3.50065  -3.49786  1.00028  0.00019  0.00061  
20  0.996912  0.000041  -3.49986  -3.50037  0.00106  -3.50092  -3.49880  0.99985  0.00026  0.00034  
21  0.996729  0.000303  -3.49894  -3.49924  0.00124  -3.50018  -3.49770  0.99991  0.00005  0.00066  
22  0.997302  0.000087  -3.49970  -3.49959  0.00095  -3.50065  -3.49874  1.00003  0.00019  0.00036  
23  0.996596  0.000239  -3.49916  -3.49746  0.00106  -3.50022  -3.49810  1.00049  0.00006  0.00054  
24  0.996936  0.000155  -3.49946  -3.50047  0.00103  -3.50049  -3.49843  0.99971  0.00014  0.00045  
25  0.997151  0.000203  -3.49929  -3.50007  0.00097  -3.50026  -3.49832  0.99978  0.00007  0.00048  
26  0.997632  0.000220  -3.49923  -3.50024  0.00084  -3.50007  -3.49839  0.99971  0.00002  0.00046  
27  0.997727  0.000086  -3.50030  -3.50000  0.00080  -3.50110  -3.49950  1.00009  0.00014  0.00032  
