Learning Rates: 1e-05 0.0001 0.001 0.01 0.1 1 
Epoch & Fidelity & KL & Runtime 
1 0.278318 2.61491 24.17289
2 0.293362 2.515969 48.291743
3 0.308799 2.419634 72.42203
4 0.323919 2.329915 96.619474
5 0.339373 2.24259 120.917961
6 0.354309 2.161906 145.053599
7 0.369224 2.08463 169.31889
8 0.383972 2.011231 193.634535
9 0.398611 1.941255 217.806139
10 0.412973 1.875074 242.141742
11 0.427485 1.810521 266.499645
12 0.441513 1.750132 290.958994
13 0.455416 1.692163 315.463813
14 0.469155 1.6366 339.793259
15 0.482668 1.583565 364.344413
16 0.495938 1.532891 388.909491
17 0.508801 1.484956 413.296151
18 0.521436 1.439107 438.176722
19 0.533794 1.395326 462.540752
20 0.546006 1.353081 487.239186
21 0.557685 1.313496 511.898998

Epoch & Fidelity & KL & Runtime 
1 0.586364 1.231752 24.453127
2 0.685568 0.93415 49.557196
3 0.755771 0.748449 74.334729
4 0.812479 0.610732 98.771271
5 0.852673 0.518575 123.620415
6 0.883133 0.451555 148.498624
7 0.905468 0.403935 173.031399
8 0.92287 0.367594 197.882596
9 0.935906 0.340855 223.133656
10 0.947875 0.316715 247.715509
11 0.956923 0.298632 272.690183
12 0.963168 0.286228 297.619566
13 0.968591 0.27559 322.20358
14 0.97272 0.267518 347.579476
15 0.975964 0.2613 372.61311
16 0.978517 0.256374 397.266709
17 0.98113 0.251398 422.385016
18 0.983 0.247881 447.469114
19 0.984425 0.24523 472.067789
20 0.985891 0.242441 497.151683
21 0.986749 0.240862 522.69298

Epoch & Fidelity & KL & Runtime 
1 0.953854 0.305779 24.695114
2 0.98279 0.248996 49.895473
3 0.986837 0.241427 75.083008
4 0.987932 0.239522 99.829601
5 0.988965 0.237364 125.490061
6 0.988343 0.238534 150.715991
7 0.988627 0.238089 175.481904
8 0.990502 0.234278 200.754325
9 0.989712 0.235822 226.010342
10 0.987804 0.23975 251.357959
11 0.988568 0.238184 276.67873
12 0.988094 0.239255 302.562563
13 0.988739 0.23786 327.357864
14 0.986899 0.241664 352.724989
15 0.988358 0.238748 378.087408
16 0.98722 0.241078 403.481749
17 0.99018 0.235047 428.876168
18 0.990347 0.234675 454.376686
19 0.989313 0.236741 479.833876
20 0.989359 0.236641 504.695368

Epoch & Fidelity & KL & Runtime 
1 0.972743 0.27117 25.440056
2 0.974169 0.267709 50.908694
3 0.979396 0.256297 76.393291
4 0.979969 0.255615 101.873631
5 0.972815 0.2709 127.46203
6 0.976471 0.262589 152.387684
7 0.972419 0.271221 177.97244
8 0.980901 0.253187 204.024434
9 0.981309 0.25243 230.809506
10 0.979654 0.256311 256.281379
11 0.980085 0.255407 282.496474
12 0.976295 0.263062 308.730157
13 0.981864 0.251458 334.934675
14 0.963212 0.289447 360.465952
15 0.980782 0.254005 386.868405
16 0.980851 0.253595 414.04981
17 0.980632 0.254428 440.481621
18 0.980127 0.255357 466.121231
19 0.978788 0.257582 492.552539
20 0.973132 0.269243 518.956645

Epoch & Fidelity & KL & Runtime 
1 0.958476 0.298276 27.24892
2 0.955447 0.306512 52.880947
3 0.978529 0.258424 79.352313
4 0.935511 0.343581 105.811596
5 0.963288 0.289316 133.258756
6 0.961724 0.293386 160.655905
7 0.95728 0.30093 186.389037
8 0.940067 0.340269 212.990511
9 0.930916 0.353388 239.623631
10 0.957035 0.300912 266.222826
11 0.942969 0.331748 291.874452
12 0.941699 0.330219 319.455586
13 0.972167 0.271198 346.104797
14 0.952995 0.308489 372.760178
15 0.94237 0.329497 398.486101
16 0.948965 0.319518 425.186002
17 0.89348 0.433311 451.967058
18 0.955854 0.30272 479.704115
19 0.91112 0.39288 506.512412

Epoch & Fidelity & KL & Runtime 
1 0.688657 0.950278 26.741987
2 0.664335 1.079274 53.521201
3 0.674661 1.049974 80.306088
4 0.777399 0.701321 107.150966
5 0.715797 0.911848 133.993863
6 0.735059 0.879017 159.782012
7 0.814488 0.662883 186.623157
8 0.586556 1.32327 214.571353
9 0.717735 0.877036 241.501878
10 0.67092 0.975633 269.539944
11 0.602709 1.253469 295.441951
12 0.752911 0.81098 322.365407
13 0.613518 1.244262 349.364222
14 0.701421 0.949104 376.295871
15 0.751874 0.797268 403.262676
16 0.863377 0.513847 430.386586
17 0.728807 0.854312 457.456111
18 0.554867 1.398182 484.570885
19 0.522396 1.493414 511.69974

