Learning Rates: 1e-05 0.0001 0.001 0.01 0.1 1 
Epoch & Fidelity & KL & Runtime 
1 0.460119 1.661402 24.055424
2 0.487456 1.55446 48.019506
3 0.514285 1.455212 71.978964
4 0.540117 1.364353 96.096236
5 0.564856 1.281223 120.16893
6 0.588274 1.205834 144.130265
7 0.61082 1.135977 168.231109
8 0.631281 1.074664 192.164515
9 0.651381 1.016401 216.258151
10 0.670604 0.962241 240.577813
11 0.688464 0.913275 264.538382
12 0.705417 0.867928 288.722118
13 0.721007 0.827127 312.727406
14 0.735403 0.790216 336.99703
15 0.749134 0.755697 361.265338
16 0.762662 0.722279 385.305871
17 0.775267 0.691635 409.975717
18 0.786903 0.663762 434.342899
19 0.798215 0.637079 458.432399
20 0.808801 0.612409 482.872276
21 0.818023 0.591214 506.976939

Epoch & Fidelity & KL & Runtime 
1 0.68494 0.931867 24.482796
2 0.818996 0.592283 49.381042
3 0.891702 0.430886 73.523407
4 0.929367 0.352682 98.06439
5 0.951294 0.308793 122.619174
6 0.965475 0.281231 146.958948
7 0.974297 0.264361 171.780019
8 0.978333 0.256711 197.135674
9 0.981173 0.251564 221.638968
10 0.982475 0.2493 246.576882
11 0.984103 0.2461 271.566049
12 0.985192 0.244141 296.156176
13 0.985367 0.243872 321.172256
14 0.986131 0.242506 346.7145
15 0.987136 0.240574 371.308776
16 0.987472 0.239968 396.427979
17 0.987807 0.239341 421.537484
18 0.987786 0.239347 446.179685
19 0.987639 0.239691 471.257828
20 0.987687 0.239607 496.952871
21 0.987358 0.24028 521.603072

Epoch & Fidelity & KL & Runtime 
1 0.980831 0.253333 25.181637
2 0.988666 0.237773 50.351269
3 0.984176 0.246924 75.162389
4 0.987934 0.239478 100.423817
5 0.989066 0.237115 126.248472
6 0.988309 0.238748 150.979823
7 0.988897 0.237342 176.263824
8 0.989447 0.236364 201.559036
9 0.988683 0.237942 226.900221
10 0.9864 0.242594 252.255793
11 0.986479 0.242319 278.277136
12 0.985249 0.244941 303.052102
13 0.988194 0.23905 328.431267
14 0.985832 0.243913 353.825632
15 0.983974 0.247513 378.638496
16 0.982898 0.249889 404.087437
17 0.983292 0.248863 430.163178
18 0.987099 0.241177 455.705941
19 0.986092 0.243262 480.551902
20 0.988061 0.239379 506.035711

Epoch & Fidelity & KL & Runtime 
1 0.939681 0.338083 25.453612
2 0.967584 0.279919 50.266558
3 0.975036 0.265343 76.41817
4 0.983292 0.248041 101.898563
5 0.96999 0.274817 126.769228
6 0.974235 0.26729 152.301195
7 0.981216 0.251996 177.874648
8 0.97871 0.258127 203.430974
9 0.984187 0.246674 228.993371
10 0.980336 0.25427 254.569835
11 0.970662 0.272836 280.177916
12 0.979308 0.256764 305.07098
13 0.973314 0.267352 330.595207
14 0.970653 0.273216 356.173267
15 0.974863 0.263225 381.884658
16 0.96942 0.274095 407.575443
17 0.978256 0.257288 433.267293
18 0.976457 0.260368 458.993634
19 0.974971 0.264789 483.971626
20 0.957155 0.298949 509.716412

Epoch & Fidelity & KL & Runtime 
1 0.93384 0.351286 26.522965
2 0.694715 0.708152 51.51147
3 0.945148 0.326446 77.247619
4 0.91546 0.393717 102.997113
5 0.900812 0.42202 129.535953
6 0.50869 1.037167 154.553464
7 0.933481 0.350777 181.164846
8 0.920954 0.37507 206.985201
9 0.900777 0.428543 231.99816
10 0.880568 0.47226 257.823491
11 0.875854 0.491641 283.659584
12 0.437601 1.216053 310.352527
13 0.9344 0.344894 335.368636
14 0.910736 0.390457 361.21532
15 0.920174 0.378979 387.047656
16 0.942847 0.332032 412.041543
17 0.796298 0.598242 437.916761
18 0.879905 0.457781 464.687164
19 0.898757 0.420912 490.673905
20 0.783274 0.586919 516.612694

Epoch & Fidelity & KL & Runtime 
1 0.483935 1.817163 25.92156
2 0.303622 2.788332 51.8798
3 0.514057 1.590421 77.784546
4 0.29662 2.819406 102.891598
5 0.354315 2.371944 128.876332
6 0.29739 2.768935 154.855379
7 0.468877 1.827705 179.903248
8 0.326463 2.633628 206.754655
9 0.48653 1.711864 232.708793
10 0.402413 2.098441 259.735401
11 0.371428 2.325352 284.862735
12 0.278207 2.985338 310.855515
13 0.294971 2.75979 336.857885
14 0.506237 1.638512 362.900789
15 0.533541 1.521724 388.056167
16 0.305659 2.753347 415.048936
17 0.368118 2.357964 441.106806
18 0.500794 1.660821 467.152313
19 0.57228 1.418758 492.246039
20 0.275699 2.962944 518.217694

