1.00000 0.00000 0.00000 0.00000 
0.00000 1.00000 0.00000 0.00000
0.00000 0.00000 1.00000 0.00000
0.00000 0.00000 0.00000 1.00000

0.00000 0.00000 0.00000 0.00000 
0.00000 0.00000 0.00000 0.00000 
0.00000 0.00000 0.00000 0.00000 
0.00000 0.00000 0.00000 0.00000 

0.70711 0.00000 0.70711 0.00000 
0.00000 0.70711 0.00000 0.70711 
0.70711 0.00000 -0.70711 -0.00000 
0.00000 0.70711 -0.00000 -0.70711 

0.00000 0.00000 0.00000 0.00000 
0.00000 0.00000 0.00000 0.00000 
0.00000 0.00000 0.00000 0.00000 
0.00000 0.00000 0.00000 0.00000 

0.70711 0.70711 0.00000 0.00000 
0.70711 -0.70711 0.00000 -0.00000 
0.00000 0.00000 0.70711 0.70711 
0.00000 -0.00000 0.70711 -0.70711 

0.00000 0.00000 0.00000 0.00000 
0.00000 0.00000 0.00000 0.00000 
0.00000 0.00000 0.00000 0.00000 
0.00000 0.00000 0.00000 0.00000 

0.70711 0.00000 0.00000 0.00000 
0.00000 0.70711 0.00000 0.00000 
0.70711 0.00000 0.00000 0.00000 
0.00000 0.70711 0.00000 0.00000 

0.00000 0.00000 -0.70711 0.00000 
0.00000 0.00000 0.00000 -0.70711 
0.00000 0.00000 0.70711 0.00000 
0.00000 0.00000 0.00000 0.70711 

0.70711 0.00000 0.00000 0.00000 
0.70711 0.00000 0.00000 0.00000 
0.00000 0.00000 0.70711 0.00000 
0.00000 0.00000 0.70711 0.00000 

0.00000 -0.70711 0.00000 0.00000 
0.00000 0.70711 0.00000 0.00000 
0.00000 0.00000 0.00000 -0.70711 
0.00000 0.00000 0.00000 0.70711 

