Batch size is 32

Optimizer is Adadelta
Epoch & Fidelity & Runtime 
100 0.639662 35.461977
200 0.466053 70.965245
300 0.506544 106.474719
400 0.493302 141.96575
500 0.535228 177.48089
600 0.531671 213.020668
700 0.4981 248.549008
800 0.520839 283.962338
900 0.521098 319.475991
1000 0.522471 354.948893

Optimizer is Adam
Epoch & Fidelity & Runtime 
100 0.769702 35.60382
200 0.238761 69.821701
300 0.07495 104.157352
400 0.0736 138.468563
500 0.046843 172.782608
600 0.024932 207.110238
700 0.011184 241.459435
800 0.003004 275.804977
900 0.000838 310.17862
1000 0.000236 344.424171

Optimizer is Adamax
Epoch & Fidelity & Runtime 
100 0.710218 40.403777
200 0.593001 78.905358
300 0.263182 117.549449
400 0.158806 156.273004
500 0.073387 195.014307
600 0.049732 233.690676
700 0.048949 272.375072
800 0.04808 310.926686
900 0.052858 349.524271
1000 0.056571 388.18529

Optimizer is RMSprop
Epoch & Fidelity & Runtime 
100 1e-06 34.363674
200 0.0 67.170023
300 0.0 100.02687
400 0.0 132.991562
500 0.0 165.93782
600 0.0 198.879198
700 0.0 231.78804
800 0.0 264.75604
900 0.0 297.875187
1000 0.0 330.996798

Optimizer is SGD
Epoch & Fidelity & Runtime 
100 0.598704 31.416648
200 0.707687 61.325366
300 0.759198 91.303766
400 0.788448 121.196069
500 0.798292 151.166954
600 0.807749 181.204815
700 0.807629 211.179145
800 0.814544 241.220685
900 0.831042 271.240467
1000 0.837045 301.20396

Optimizer is SGD $\gamma$ = 0.9
Epoch & Fidelity & Runtime 
100 0.857718 32.752334
200 0.849739 63.666195
300 0.82909 94.650715
400 0.728398 125.585803
500 0.721673 156.566893
600 0.702619 187.595305
700 0.70697 218.647522
800 0.672398 249.584139
900 0.697322 280.512692
1000 0.654496 311.497654

Optimizer is NAG $\gamma$ = 0.9
Epoch & Fidelity & Runtime 
100 0.837629 32.540532
200 0.867738 64.301356
300 0.887751 96.122604
400 0.84429 127.861667
500 0.848588 159.606075
600 0.8382 191.46256
700 0.85472 223.269259
800 0.849529 255.161246
900 0.847449 286.961817
1000 0.849075 318.842823

