Learning Rates: 1e-05 0.0001 0.001 0.01 0.1 1 
Epoch & Fidelity & KL & Runtime 
1 0.054466 3.959969 39.161788
2 0.059883 3.803253 78.234907
3 0.062421 3.732008 117.422497
4 0.063854 3.692682 156.509689
5 0.064823 3.666087 195.844672
6 0.065638 3.643602 235.070001
7 0.066394 3.622124 274.146564
8 0.06715 3.600482 313.371387
9 0.067948 3.577932 352.614124
10 0.068774 3.554693 391.934055
11 0.069637 3.530459 431.320969
12 0.070552 3.504852 470.745053
13 0.071509 3.478633 510.426783
14 0.072518 3.451212 550.009501
15 0.073596 3.422816 589.417679
16 0.07474 3.393631 629.009304
17 0.075932 3.363655 668.68005
18 0.077197 3.332838 708.3305
19 0.07853 3.301314 748.078317
20 0.079942 3.269221 787.573931
21 0.081438 3.236711 827.661466

Epoch & Fidelity & KL & Runtime 
1 0.068086 3.550481 39.733633
2 0.080074 3.241503 79.109084
3 0.098148 2.918503 119.278997
4 0.117326 2.687784 159.186052
5 0.133503 2.528225 198.762285
6 0.148798 2.390746 239.13608
7 0.163487 2.274847 279.586107
8 0.17731 2.176047 319.226653
9 0.190929 2.089049 359.333693
10 0.203573 2.016084 399.512317
11 0.214917 1.952797 439.727812
12 0.225543 1.897406 479.913906
13 0.235594 1.847629 520.50352
14 0.245136 1.800706 560.277689
15 0.253756 1.758171 600.932243
16 0.262979 1.714576 641.091008
17 0.271326 1.674642 681.276188
18 0.279936 1.635825 721.482772
19 0.288156 1.598604 761.779577
20 0.295978 1.5643 802.092464

Epoch & Fidelity & KL & Runtime 
1 0.198991 2.071613 39.727233
2 0.275105 1.647347 80.601796
3 0.340616 1.393719 120.94411
4 0.388838 1.233742 160.784824
5 0.432251 1.113992 201.125989
6 0.463214 1.034301 242.050303
7 0.490878 0.967908 281.929239
8 0.513808 0.917242 322.342227
9 0.531971 0.872313 362.775884
10 0.550042 0.828159 403.862841
11 0.568546 0.784775 443.845302
12 0.582733 0.744382 484.354899
13 0.593127 0.715685 525.457515
14 0.61276 0.672094 565.394413
15 0.62396 0.647207 605.930489
16 0.638991 0.608896 646.554204
17 0.649623 0.587296 688.402124
18 0.666342 0.557815 728.968148
19 0.68108 0.525913 770.223261
20 0.6943 0.501452 811.544545

Epoch & Fidelity & KL & Runtime 
1 0.556427 0.863141 42.089196
2 0.687842 0.545162 82.807984
3 0.766289 0.407006 124.288692
4 0.793745 0.409036 166.54392
5 0.725199 0.612082 208.027192
6 0.791544 0.447224 248.884446
7 0.742207 0.595472 290.539681
8 0.724307 0.661122 332.982397
9 0.740175 0.600024 374.645552
10 0.804419 0.426756 416.364578
11 0.703839 0.705381 458.132795
12 0.741989 0.586405 499.924855
13 0.6209 1.008755 541.701648
14 0.447632 1.608851 583.513252
15 0.501978 1.42241 626.277198
16 0.521287 1.45047 667.222678
17 0.404801 2.212171 709.147767
18 0.355669 2.481523 751.003443
19 0.354664 2.400166 793.835849
20 0.331159 2.735789 835.724518

Epoch & Fidelity & KL & Runtime 
1 0.502734 1.464029 40.897785
2 0.286661 2.413755 83.633358
3 0.35638 2.216648 125.619117
4 0.289531 4.277958 167.549833
5 0.223664 5.372929 209.546646
6 0.155365 7.805637 251.585748
7 0.262049 7.441524 293.721877
8 0.155143 10.915231 335.833432
9 0.042852 14.178896 378.900542
10 0.081295 11.337685 421.04333
11 0.042467 10.583818 463.242673
12 0.010208 13.073061 504.420085
13 0.034726 9.522672 547.620444
14 0.033772 10.121243 589.851802
15 0.037586 11.535452 632.053261
16 0.050228 10.769073 675.356484
17 0.0545 11.671587 716.662134
18 0.130081 6.99866 758.915139
19 0.083758 8.997869 801.264652

Epoch & Fidelity & KL & Runtime 
1 0.052364 4.187989 43.239089
2 0.057706 4.030799 85.605971
3 0.049319 4.184745 128.021091
4 0.054521 4.21926 170.445974
5 0.055762 3.975046 212.903699
6 0.045393 4.656685 255.349263
7 0.054475 4.031178 297.793148
8 0.052729 4.352669 341.352998
9 0.051888 4.382901 383.875202
10 0.051461 4.173361 426.369504
11 0.053595 4.274308 467.796587
12 0.054726 4.06237 510.368244
13 0.049151 4.202544 554.077895
14 0.051291 4.283392 596.663407
15 0.0536 4.060271 640.452456
16 0.051586 4.166848 683.143165
17 0.050751 4.217381 725.80921
18 0.052467 4.04119 767.369309
19 0.050258 4.187431 811.325191

