Learning Rates: 1e-05 0.0001 0.001 0.01 0.1 1 
Epoch & Fidelity & KL & Runtime 
1 0.065341 3.640362 36.150743
2 0.068554 3.556796 72.342346
3 0.071258 3.48131 108.67053
4 0.074249 3.398801 144.936304
5 0.07777 3.309548 181.383874
6 0.081769 3.216804 217.729061
7 0.08622 3.122944 254.216716
8 0.091126 3.031482 290.628912
9 0.09634 2.944957 327.094294
10 0.101763 2.864994 363.969781
11 0.107298 2.792337 400.492874
12 0.11269 2.729043 437.401081
13 0.117952 2.672679 473.957808
14 0.122905 2.622715 511.063067
15 0.127623 2.577144 547.651871
16 0.132264 2.534344 584.597171
17 0.136661 2.49497 621.345304
18 0.140943 2.457591 658.666742
19 0.145122 2.422227 695.402161
20 0.149185 2.389051 732.257545
21 0.153079 2.357396 769.282066
22 0.156879 2.327781 806.532311

Epoch & Fidelity & KL & Runtime 
1 0.097567 2.929629 36.748163
2 0.145758 2.418889 73.561962
3 0.181103 2.16068 110.861664
4 0.210453 1.974986 148.242051
5 0.236114 1.833671 185.655563
6 0.261875 1.708571 222.676911
7 0.285518 1.596043 260.538092
8 0.310237 1.487714 298.018798
9 0.334249 1.392359 335.629977
10 0.358867 1.309451 372.728485
11 0.380136 1.243162 410.274574
12 0.400528 1.186755 447.759277
13 0.418723 1.139731 485.395027
14 0.435086 1.097297 522.463445
15 0.450085 1.060169 560.577267
16 0.463826 1.024714 598.174126
17 0.476255 0.996872 635.845108
18 0.487907 0.971377 673.020188
19 0.499402 0.944389 710.77685
20 0.509035 0.923344 748.51827
21 0.519378 0.901821 786.237215
22 0.527842 0.880799 823.443566

Epoch & Fidelity & KL & Runtime 
1 0.327257 1.456232 37.065993
2 0.458613 1.059874 75.468861
3 0.526493 0.890545 112.741409
4 0.575995 0.770941 150.649968
5 0.624279 0.642376 187.949573
6 0.686892 0.519449 226.489504
7 0.727917 0.443217 263.815304
8 0.773711 0.369312 301.857984
9 0.799842 0.326267 339.226632
10 0.805297 0.332421 377.897002
11 0.771063 0.434218 415.299017
12 0.813446 0.341456 453.323257
13 0.807168 0.36402 490.766413
14 0.735362 0.561391 529.534997
15 0.815235 0.370225 566.994372
16 0.746666 0.609788 605.087335
17 0.706762 0.781089 642.686668
18 0.629643 1.159457 682.016784
19 0.596448 1.409767 720.832667
20 0.619245 1.305379 758.894309
21 0.555538 1.635036 797.791151
22 0.49271 1.777276 836.789276

Epoch & Fidelity & KL & Runtime 
1 0.577596 1.093649 38.931502
2 0.092524 6.129363 78.033495
3 0.031808 11.773188 116.324397
4 0.018781 15.537218 156.322473
5 0.006252 20.188396 194.667227
6 0.019359 17.775351 233.825513
7 0.006981 22.892491 273.047736
8 0.007511 22.163531 312.281923
9 0.004539 26.967893 351.51365
10 0.015403 23.262971 389.859944
11 0.019964 23.997212 430.140974
12 0.020313 22.391216 469.596944
13 0.024941 21.221946 508.139738
14 0.02015 19.85392 547.500747
15 0.009552 21.812356 587.809212
16 0.049361 19.662776 626.311599
17 0.011823 19.965013 665.674216
18 0.01337 19.899814 704.148897
19 0.017919 16.875697 744.671953
20 0.042143 19.024438 784.185915
21 0.017045 21.043129 822.7664

Epoch & Fidelity & KL & Runtime 
1 0.076264 8.151405 39.487246
2 0.043287 14.987664 79.959172
3 0.033973 14.033088 118.542854
4 0.043496 12.872941 158.123996
5 0.012369 15.907149 197.652431
6 0.012314 18.261846 237.154114
7 0.024331 13.990858 276.781732
8 0.009521 15.75219 315.37849
9 0.011928 17.818691 355.02055
10 0.008189 21.312507 395.886971
11 0.009687 16.966449 434.504238
12 0.011137 16.989198 474.27137
13 0.010754 19.663996 515.119138
14 0.009967 20.433259 553.864421
15 0.004108 22.44329 593.712839
16 0.010036 18.813664 633.483819
17 0.014631 15.45085 673.384696
18 0.010005 21.212409 713.298922
19 0.007074 22.625311 753.262547
20 0.012194 21.443121 792.052309
21 0.00879 17.36836 833.211952

Epoch & Fidelity & KL & Runtime 
1 0.038628 5.085751 39.879974
2 0.032341 5.45482 78.770016
3 0.039385 4.67809 118.978081
4 0.030014 5.839941 160.346027
5 0.028039 5.829505 199.312765
6 0.037744 5.792468 239.493497
7 0.043532 4.962402 280.906145
8 0.040276 4.630558 319.883784
9 0.044973 4.260063 360.091632
10 0.037772 5.126233 400.239187
11 0.036548 5.029679 439.201608
12 0.031976 6.722547 480.659786
13 0.036259 5.394088 520.929075
14 0.035306 5.911486 560.047339
15 0.036371 4.892717 601.606958
16 0.03282 5.517825 641.930936
17 0.03852 4.950313 681.024279
18 0.034778 5.252498 721.386604
19 0.030134 7.048635 763.171726
20 0.047665 4.895893 803.731913

