Batch size is 128

Optimizer is Adadelta
Epoch & Fidelity & Runtime 
100 0.737941 11.280675
200 0.754756 22.644538
300 0.771019 34.01909
400 0.752398 45.395518
500 0.75684 56.760826
600 0.716102 68.124805
700 0.676667 79.444321
800 0.74502 90.83357
900 0.710299 102.198801
1000 0.724191 113.613196

Optimizer is Adam
Epoch & Fidelity & Runtime 
100 0.678212 10.987927
200 0.822892 21.972449
300 0.836969 32.922231
400 0.799723 43.923207
500 0.822909 54.937539
600 0.853949 66.05783
700 0.808965 77.135009
800 0.785331 88.18186
900 0.800845 99.256292
1000 0.763152 110.415305

Optimizer is Adamax
Epoch & Fidelity & Runtime 
100 0.627886 12.274178
200 0.733086 24.383803
300 0.589928 36.485865
400 0.466893 48.617987
500 0.399862 60.738317
600 0.293099 73.023515
700 0.245774 85.258739
800 0.217184 97.490814
900 0.222812 109.706595
1000 0.200914 121.904708

Optimizer is RMSprop
Epoch & Fidelity & Runtime 
100 0.491205 10.890703
200 0.38662 21.464359
300 0.42111 32.106141
400 0.508445 42.746937
500 0.587664 53.370646
600 0.657895 64.148516
700 0.544777 74.910973
800 0.37677 85.66555
900 0.451129 96.403302
1000 0.61466 107.143806

Optimizer is SGD
Epoch & Fidelity & Runtime 
100 0.46286 10.144596
200 0.55804 19.955838
300 0.584177 29.800342
400 0.612909 39.63415
500 0.649986 49.451925
600 0.685496 59.330395
700 0.717008 69.259722
800 0.739625 79.167272
900 0.757703 89.110222
1000 0.771964 99.080867

Optimizer is SGD $\gamma$ = 0.9
Epoch & Fidelity & Runtime 
100 0.722981 10.392806
200 0.819576 20.476511
300 0.851836 30.595069
400 0.860414 40.703784
500 0.867357 50.821223
600 0.875127 61.149485
700 0.875541 71.35661
800 0.865403 81.587485
900 0.878118 91.807361
1000 0.865345 102.014707

Optimizer is NAG $\gamma$ = 0.9
Epoch & Fidelity & Runtime 
100 0.771136 10.558666
200 0.830076 20.904533
300 0.854626 31.277794
400 0.86159 41.662732
500 0.87216 52.037588
600 0.875117 62.412068
700 0.886035 72.824336
800 0.890209 83.242036
900 0.882597 93.712139
1000 0.884672 104.15927

