Batch size is 256

Optimizer is Adadelta
Epoch & Fidelity & Runtime 
100 0.764809 7.303112
200 0.808534 14.632551
300 0.819207 21.95384
400 0.802844 29.287685
500 0.806369 36.625019
600 0.774806 43.960713
700 0.803202 51.324739
800 0.786392 58.644241
900 0.759105 66.011142
1000 0.717143 73.34337

Optimizer is Adam
Epoch & Fidelity & Runtime 
100 0.553451 7.321309
200 0.670639 14.48457
300 0.737127 21.628056
400 0.768333 28.799932
500 0.789765 35.974296
600 0.791729 43.144812
700 0.755893 50.339307
800 0.658552 57.546358
900 0.663174 64.804947
1000 0.734848 72.036933

Optimizer is Adamax
Epoch & Fidelity & Runtime 
100 0.477276 7.999007
200 0.595499 15.757207
300 0.66857 23.544762
400 0.720732 31.298796
500 0.762756 39.078426
600 0.786766 46.867807
700 0.804888 54.672822
800 0.828602 62.450302
900 0.848799 70.248107
1000 0.843344 78.050263

Optimizer is RMSprop
Epoch & Fidelity & Runtime 
100 0.280204 7.302797
200 0.10121 14.356646
300 0.06911 21.396773
400 0.136313 28.446642
500 0.099593 35.516853
600 0.108466 42.600865
700 0.077369 49.68138
800 0.106982 56.736606
900 0.080467 63.807718
1000 0.188852 70.862435

Optimizer is SGD
Epoch & Fidelity & Runtime 
100 0.315155 6.874341
200 0.437814 13.519564
300 0.519551 20.159474
400 0.551668 26.766357
500 0.567451 33.402654
600 0.581952 40.044826
700 0.597383 46.692763
800 0.61312 53.358258
900 0.628738 60.002646
1000 0.642833 66.693706

Optimizer is SGD $\gamma$ = 0.9
Epoch & Fidelity & Runtime 
100 0.630172 7.025017
200 0.761397 13.795032
300 0.809366 20.541098
400 0.834189 27.340448
500 0.848194 34.097654
600 0.858756 40.882675
700 0.866761 47.654593
800 0.877081 54.428319
900 0.884639 61.289727
1000 0.890005 68.161153

Optimizer is NAG $\gamma$ = 0.9
Epoch & Fidelity & Runtime 
100 0.632773 7.059061
200 0.749617 13.911894
300 0.813922 20.807812
400 0.835062 27.67534
500 0.846145 34.568735
600 0.860728 41.53032
700 0.869995 48.5482
800 0.875418 55.524014
900 0.885973 62.437429
1000 0.889739 69.413762

