samples: 5000
burn_in: 500
steps: 100
Exact H:-2.25
   Fidelity  ROE       Mean      Median    CI Width LL on CI  UL on CI  mmRatio  Min Err  Max Err
1  0.919168  0.000030  -2.24993  -2.25000  0.00139  -2.25132  -2.24854  0.99997  0.00059  0.00065  
2  0.983283  0.000379  -2.24915  -2.25000  0.00118  -2.25033  -2.24797  0.99962  0.00015  0.00090  
3  0.990921  0.000054  -2.24988  -2.25266  0.00113  -2.25100  -2.24875  0.99877  0.00045  0.00055  
4  0.992266  0.000209  -2.24953  -2.25000  0.00114  -2.25067  -2.24839  0.99979  0.00030  0.00072  
5  0.992852  0.000129  -2.25029  -2.25000  0.00142  -2.25171  -2.24887  1.00013  0.00050  0.00076  
6  0.993320  0.000260  -2.24941  -2.25000  0.00111  -2.25052  -2.24831  0.99974  0.00023  0.00075  
7  0.993214  0.000362  -2.24919  -2.25000  0.00122  -2.25040  -2.24797  0.99964  0.00018  0.00090  
8  0.993431  0.000579  -2.24870  -2.25000  0.00122  -2.24992  -2.24747  0.99942  0.00004  0.00112  
9  0.993082  0.000409  -2.24908  -2.25000  0.00126  -2.25034  -2.24782  0.99959  0.00015  0.00097  
10  0.993390  0.000395  -2.24911  -2.25000  0.00114  -2.25025  -2.24797  0.99960  0.00011  0.00090  
11  0.993539  0.000118  -2.24973  -2.25000  0.00129  -2.25102  -2.24845  0.99988  0.00045  0.00069  
12  0.993847  0.000568  -2.24872  -2.25000  0.00132  -2.25005  -2.24740  0.99943  0.00002  0.00116  
13  0.994065  0.000245  -2.24945  -2.25000  0.00132  -2.25076  -2.24813  0.99976  0.00034  0.00083  
14  0.994174  0.000345  -2.24922  -2.25000  0.00123  -2.25045  -2.24800  0.99966  0.00020  0.00089  
15  0.994160  0.000035  -2.25008  -2.25000  0.00116  -2.25124  -2.24892  1.00003  0.00048  0.00055  
16  0.994443  0.000672  -2.24849  -2.25000  0.00123  -2.24972  -2.24726  0.99933  0.00013  0.00122  
17  0.994583  0.000199  -2.24955  -2.25000  0.00116  -2.25071  -2.24839  0.99980  0.00032  0.00071  
18  0.994252  0.000424  -2.24905  -2.25000  0.00121  -2.25026  -2.24783  0.99958  0.00012  0.00096  
19  0.994188  0.000228  -2.24949  -2.25000  0.00122  -2.25071  -2.24827  0.99977  0.00032  0.00077  
20  0.994426  0.000425  -2.24904  -2.25000  0.00129  -2.25033  -2.24775  0.99957  0.00015  0.00100  
21  0.994674  0.000467  -2.24895  -2.25000  0.00132  -2.25027  -2.24763  0.99953  0.00012  0.00106  
22  0.994704  0.000281  -2.24937  -2.25000  0.00132  -2.25069  -2.24805  0.99972  0.00031  0.00087  
23  0.994732  0.000032  -2.24993  -2.25000  0.00130  -2.25123  -2.24863  0.99997  0.00054  0.00061  
24  0.994934  0.000064  -2.25014  -2.25159  0.00116  -2.25130  -2.24898  0.99936  0.00045  0.00058  
25  0.994782  0.000319  -2.24928  -2.25000  0.00115  -2.25043  -2.24814  0.99968  0.00019  0.00083  
26  0.994936  0.000444  -2.24900  -2.25000  0.00110  -2.25010  -2.24790  0.99956  0.00004  0.00093  
27  0.994610  0.000019  -2.25004  -2.25000  0.00136  -2.25141  -2.24868  1.00002  0.00059  0.00063  
28  0.995037  0.000121  -2.25027  -2.25047  0.00102  -2.25130  -2.24925  0.99991  0.00033  0.00058  
29  0.994987  0.000299  -2.24933  -2.25344  0.00114  -2.25047  -2.24818  0.99817  0.00021  0.00081  
30  0.995049  0.000269  -2.24939  -2.25000  0.00105  -2.25045  -2.24834  0.99973  0.00020  0.00074  
31  0.995169  0.000001  -2.25000  -2.25000  0.00110  -2.25110  -2.24889  1.00000  0.00049  0.00049  
32  0.995109  0.000001  -2.25000  -2.25114  0.00101  -2.25101  -2.24899  0.99950  0.00045  0.00045  
33  0.995025  0.000035  -2.25008  -2.25000  0.00108  -2.25116  -2.24899  1.00003  0.00045  0.00052  
34  0.995076  0.000367  -2.24918  -2.25000  0.00103  -2.25021  -2.24814  0.99963  0.00009  0.00082  
35  0.994878  0.000169  -2.24962  -2.25000  0.00108  -2.25070  -2.24854  0.99983  0.00031  0.00065  
36  0.994952  0.000422  -2.24905  -2.25000  0.00118  -2.25023  -2.24787  0.99958  0.00010  0.00095  
37  0.995270  0.000142  -2.25032  -2.25228  0.00103  -2.25135  -2.24929  0.99913  0.00031  0.00060  
38  0.995377  0.000141  -2.24968  -2.25000  0.00115  -2.25083  -2.24853  0.99986  0.00037  0.00065  
39  0.995010  0.000150  -2.24966  -2.25000  0.00122  -2.25088  -2.24844  0.99985  0.00039  0.00069  
40  0.995066  0.000311  -2.24930  -2.25000  0.00131  -2.25061  -2.24799  0.99969  0.00027  0.00089  
41  0.995335  0.000300  -2.24933  -2.25302  0.00101  -2.25034  -2.24831  0.99836  0.00015  0.00075  
42  0.995473  0.000296  -2.24933  -2.25016  0.00104  -2.25037  -2.24830  0.99963  0.00017  0.00076  
43  0.995334  0.000242  -2.24946  -2.25050  0.00115  -2.25061  -2.24830  0.99953  0.00027  0.00075  
44  0.995453  0.000055  -2.24988  -2.25065  0.00099  -2.25086  -2.24889  0.99966  0.00038  0.00049  
45  0.995550  0.000271  -2.24939  -2.25000  0.00109  -2.25048  -2.24830  0.99973  0.00021  0.00075  
46  0.995445  0.000144  -2.24968  -2.25000  0.00107  -2.25074  -2.24861  0.99986  0.00033  0.00062  
47  0.995401  0.000098  -2.24978  -2.25000  0.00103  -2.25081  -2.24875  0.99990  0.00036  0.00056  
48  0.995307  0.000289  -2.24935  -2.25000  0.00127  -2.25062  -2.24808  0.99971  0.00027  0.00085  
49  0.995326  0.000255  -2.24943  -2.25000  0.00106  -2.25049  -2.24836  0.99975  0.00022  0.00073  
50  0.995417  0.000452  -2.24898  -2.25000  0.00112  -2.25010  -2.24786  0.99955  0.00005  0.00095  
51  0.995223  0.000513  -2.24885  -2.25000  0.00136  -2.25020  -2.24749  0.99949  0.00009  0.00112  
52  0.995529  0.000126  -2.25028  -2.25000  0.00132  -2.25161  -2.24896  1.00013  0.00046  0.00071  
53  0.995436  0.000400  -2.24910  -2.25000  0.00115  -2.25025  -2.24795  0.99960  0.00011  0.00091  
54  0.995620  0.000657  -2.24852  -2.24888  0.00109  -2.24961  -2.24744  0.99984  0.00017  0.00114  
55  0.995619  0.000407  -2.24908  -2.25000  0.00104  -2.25013  -2.24804  0.99959  0.00006  0.00087  
56  0.995782  0.000133  -2.25030  -2.25000  0.00093  -2.25122  -2.24937  1.00013  0.00028  0.00054  
57  0.995636  0.000019  -2.25004  -2.25000  0.00091  -2.25096  -2.24913  1.00002  0.00039  0.00042  
58  0.995540  0.000056  -2.24987  -2.25000  0.00090  -2.25077  -2.24898  0.99994  0.00034  0.00045  
59  0.995411  0.000599  -2.24865  -2.24972  0.00136  -2.25002  -2.24729  0.99952  0.00001  0.00120  
