samples: 4500
burn_in: 100
steps: 10

0.63  0.005681  6.277  
0.81  0.002107  12.31  
0.889  0.001215  18.191  
0.932  0.001681  23.963  
0.957  0.001583  29.676  
0.969  0.000982  35.297  
0.977  0.000775  40.907  
0.981  0.000546  46.448  
0.983  0.001008  52.002  
0.985  0.001115  57.502  
0.986  0.001053  62.968  
0.986  0.001384  68.451  
0.985  0.001012  73.919  
0.986  0.001231  79.415  
0.987  0.000822  84.887  
0.987  0.001942  90.404  
0.987  0.000893  95.838  
0.987  0.000567  101.319  
0.987  0.001492  106.807  
0.988  0.000811  112.222  
0.988  0.000876  117.649  
0.988  0.001026  123.135  
0.988  0.000413  128.594  
0.989  0.000808  134.118  
0.988  0.00121  139.589  
0.988  0.000886  145.067  
0.988  0.000641  150.554  
