samples: 3000
burn_in: 1000
steps: 1000

0.663  0.009685  6.245  
0.819  0.003552  12.265  
0.896  0.001692  18.226  
0.935  0.00235  24.124  
0.957  0.001187  29.953  
0.97  3.6e-05  35.756  
0.976  0.001507  41.547  
0.98  0.001866  47.293  
0.983  0.00146  53.028  
0.984  0.000981  58.735  
0.984  0.001794  64.452  
0.985  0.000755  70.138  
0.986  0.001841  75.794  
0.986  0.001509  81.48  
0.986  0.001073  87.183  
0.987  0.002386  92.883  
0.988  0.000186  98.53  
0.988  0.001009  104.207  
0.988  0.000126  109.9  
0.988  0.001538  115.593  
0.988  0.001947  121.287  
0.989  0.001675  126.947  
0.989  0.002633  132.646  
0.989  0.001554  138.328  
0.988  0.001641  143.973  
0.988  0.001178  149.629  
0.988  0.001204  155.327  
