samples: 3000
burn_in: 10
steps: 10

0.618  0.019036  4.367  
0.805  0.006921  8.544  
0.891  0.002053  12.605  
0.934  0.002292  16.58  
0.955  0.001622  20.489  
0.968  0.003146  24.336  
0.976  0.000934  28.161  
0.98  0.000404  31.984  
0.983  0.001223  35.766  
0.983  0.001574  39.546  
0.984  0.000984  43.309  
0.985  0.000951  47.091  
0.986  0.001316  50.864  
0.987  0.001383  54.623  
0.987  0.00162  58.372  
0.987  0.00264  62.155  
0.988  0.001414  65.931  
0.987  0.001204  69.712  
0.987  0.0012  73.462  
0.987  0.001158  77.241  
0.987  0.001288  80.969  
0.988  0.000151  84.718  
0.987  0.001338  88.442  
0.987  0.001744  92.2  
0.988  0.000273  95.935  
0.988  0.001572  99.683  
0.988  0.002037  103.43  
0.988  0.001857  107.198  
0.988  0.002086  110.949  
0.988  0.001561  114.714  
0.988  0.001264  118.457  
0.988  0.002376  122.203  
0.987  0.00129  125.951  
0.987  0.002026  129.7  
0.988  0.000895  133.446  
0.988  0.001708  137.191  
0.989  0.000514  140.906  
0.988  0.001953  144.647  
0.988  0.000804  148.383  
0.989  0.002193  152.119  
