samples: 10000
burn_in: 1000
steps: 100
Exact H:-2.25
   Fidelity  ROE       Mean      Median    CI Width LL on CI  UL on CI  mmRatio  Min Err  Max Err
1  0.914470  0.002131  -2.24521  -2.24757  0.00225  -2.24746  -2.24296  0.99895  0.00113  0.00313  
2  0.974325  0.001066  -2.24760  -2.25000  0.00172  -2.24932  -2.24588  0.99893  0.00030  0.00183  
3  0.983575  0.001162  -2.24739  -2.25000  0.00153  -2.24892  -2.24585  0.99884  0.00048  0.00184  
4  0.985759  0.000592  -2.24867  -2.25000  0.00152  -2.25019  -2.24715  0.99941  0.00008  0.00127  
5  0.986521  0.000514  -2.24884  -2.25000  0.00161  -2.25045  -2.24723  0.99949  0.00020  0.00123  
6  0.986383  0.000802  -2.24820  -2.25000  0.00198  -2.25017  -2.24622  0.99920  0.00008  0.00168  
7  0.987170  0.000798  -2.24820  -2.25000  0.00170  -2.24991  -2.24650  0.99920  0.00004  0.00156  
8  0.988174  0.001354  -2.24695  -2.25000  0.00156  -2.24852  -2.24539  0.99865  0.00066  0.00205  
9  0.987697  0.000794  -2.24821  -2.25000  0.00172  -2.24994  -2.24649  0.99921  0.00003  0.00156  
10  0.988449  0.001002  -2.24775  -2.25000  0.00169  -2.24943  -2.24606  0.99900  0.00025  0.00175  
11  0.988585  0.000576  -2.24870  -2.25065  0.00162  -2.25033  -2.24708  0.99914  0.00015  0.00130  
12  0.988958  0.000844  -2.24810  -2.25286  0.00165  -2.24975  -2.24645  0.99789  0.00011  0.00158  
13  0.988526  0.000925  -2.24792  -2.25000  0.00171  -2.24962  -2.24621  0.99907  0.00017  0.00168  
14  0.989099  0.001137  -2.24744  -2.25000  0.00157  -2.24901  -2.24587  0.99886  0.00044  0.00184  
15  0.989379  0.001007  -2.24773  -2.25000  0.00165  -2.24939  -2.24608  0.99899  0.00027  0.00174  
16  0.988935  0.000701  -2.24842  -2.25000  0.00168  -2.25011  -2.24674  0.99930  0.00005  0.00145  
