samples: 5000
burn_in: 500
steps: 100
Exact H:-2.25
   Fidelity  ROE       Mean      Median    CI Width LL on CI  UL on CI  mmRatio  Min Err  Max Err
1  0.968056  0.001245  -2.24720  -2.24804  0.00289  -2.25009  -2.24431  0.99963  0.00004  0.00253  
2  0.987061  0.001036  -2.24767  -2.25000  0.00238  -2.25005  -2.24529  0.99896  0.00002  0.00209  
3  0.988785  0.001081  -2.24757  -2.24838  0.00251  -2.25008  -2.24506  0.99964  0.00003  0.00220  
4  0.989108  0.000517  -2.24884  -2.25000  0.00254  -2.25138  -2.24629  0.99948  0.00061  0.00165  
5  0.989673  0.001766  -2.24603  -2.25000  0.00239  -2.24841  -2.24364  0.99823  0.00071  0.00283  
6  0.990099  0.001076  -2.24758  -2.25000  0.00246  -2.25004  -2.24511  0.99892  0.00002  0.00217  
7  0.990270  0.000640  -2.24856  -2.25000  0.00227  -2.25083  -2.24629  0.99936  0.00037  0.00165  
8  0.990685  0.001132  -2.24745  -2.25000  0.00229  -2.24975  -2.24516  0.99887  0.00011  0.00215  
9  0.991337  0.000988  -2.24778  -2.24937  0.00237  -2.25015  -2.24540  0.99929  0.00007  0.00204  
10  0.991448  0.000828  -2.24814  -2.24609  0.00243  -2.25056  -2.24571  1.00091  0.00025  0.00191  
11  0.991619  0.001189  -2.24732  -2.25000  0.00241  -2.24973  -2.24492  0.99881  0.00012  0.00226  
12  0.992059  0.000374  -2.24916  -2.25000  0.00225  -2.25141  -2.24691  0.99963  0.00063  0.00138  
13  0.992552  0.000929  -2.24791  -2.25000  0.00223  -2.25014  -2.24568  0.99907  0.00006  0.00192  
14  0.992808  0.001015  -2.24772  -2.25000  0.00221  -2.24992  -2.24551  0.99898  0.00003  0.00200  
15  0.992599  0.000898  -2.24798  -2.25000  0.00222  -2.25020  -2.24576  0.99910  0.00009  0.00189  
16  0.992890  0.000350  -2.24921  -2.25000  0.00228  -2.25149  -2.24694  0.99965  0.00066  0.00136  
17  0.993118  0.000556  -2.24875  -2.25000  0.00222  -2.25097  -2.24653  0.99944  0.00043  0.00154  
18  0.992679  0.001576  -2.24645  -2.24859  0.00232  -2.24878  -2.24413  0.99905  0.00054  0.00261  
19  0.993047  0.000434  -2.24902  -2.25000  0.00251  -2.25153  -2.24652  0.99957  0.00068  0.00155  
20  0.993215  0.000501  -2.24887  -2.24668  0.00232  -2.25119  -2.24656  1.00097  0.00053  0.00153  
21  0.993324  0.000657  -2.24852  -2.25000  0.00222  -2.25074  -2.24631  0.99934  0.00033  0.00164  
22  0.993541  0.000206  -2.24954  -2.25000  0.00221  -2.25175  -2.24732  0.99979  0.00078  0.00119  
23  0.993312  0.001511  -2.24660  -2.24873  0.00245  -2.24905  -2.24415  0.99905  0.00042  0.00260  
24  0.993709  0.001274  -2.24713  -2.24844  0.00230  -2.24943  -2.24483  0.99942  0.00025  0.00230  
25  0.993473  0.001073  -2.24758  -2.24568  0.00248  -2.25007  -2.24510  1.00085  0.00003  0.00218  
26  0.993780  0.001300  -2.24708  -2.24907  0.00246  -2.24954  -2.24461  0.99911  0.00021  0.00239  
27  0.993788  0.001563  -2.24648  -2.24787  0.00223  -2.24872  -2.24425  0.99938  0.00057  0.00256  
28  0.993766  0.001231  -2.24723  -2.24634  0.00226  -2.24949  -2.24497  1.00040  0.00023  0.00224  
29  0.993435  0.000773  -2.24826  -2.25000  0.00237  -2.25063  -2.24589  0.99923  0.00028  0.00183  
30  0.994127  0.000769  -2.24827  -2.24795  0.00230  -2.25057  -2.24597  1.00014  0.00025  0.00179  
31  0.992738  0.001842  -2.24586  -2.25000  0.00277  -2.24863  -2.24308  0.99816  0.00061  0.00307  
32  0.993867  0.000322  -2.24927  -2.25000  0.00242  -2.25170  -2.24685  0.99968  0.00075  0.00140  
33  0.994504  0.000859  -2.24807  -2.25000  0.00238  -2.25045  -2.24569  0.99914  0.00020  0.00192  
34  0.994472  0.000627  -2.24859  -2.25000  0.00227  -2.25086  -2.24632  0.99937  0.00038  0.00164  
35  0.994564  0.000917  -2.24794  -2.24938  0.00228  -2.25021  -2.24566  0.99936  0.00010  0.00193  
36  0.994002  0.001405  -2.24684  -2.25000  0.00241  -2.24925  -2.24443  0.99860  0.00033  0.00247  
37  0.994394  0.000729  -2.24836  -2.25000  0.00226  -2.25062  -2.24610  0.99927  0.00027  0.00173  
38  0.994265  0.000503  -2.24887  -2.24781  0.00235  -2.25122  -2.24652  1.00047  0.00054  0.00155  
39  0.994605  0.001975  -2.24556  -2.25000  0.00255  -2.24811  -2.24300  0.99802  0.00084  0.00311  
40  0.994633  0.001129  -2.24746  -2.24902  0.00246  -2.24992  -2.24500  0.99930  0.00004  0.00222  
41  0.994258  0.000676  -2.24848  -2.24817  0.00256  -2.25104  -2.24592  1.00014  0.00046  0.00181  
42  0.994896  0.000816  -2.24816  -2.25000  0.00241  -2.25058  -2.24575  0.99918  0.00026  0.00189  
43  0.994468  0.000984  -2.24779  -2.25000  0.00274  -2.25053  -2.24505  0.99902  0.00023  0.00220  
44  0.994487  0.000429  -2.24904  -2.25000  0.00261  -2.25164  -2.24643  0.99957  0.00073  0.00159  
45  0.994551  0.000005  -2.24999  -2.25000  0.00255  -2.25254  -2.24744  0.99999  0.00113  0.00114  
46  0.994509  0.001309  -2.24705  -2.24951  0.00264  -2.24970  -2.24441  0.99891  0.00013  0.00248  
47  0.994614  0.001769  -2.24602  -2.24673  0.00255  -2.24857  -2.24347  0.99968  0.00064  0.00290  
48  0.994806  0.000697  -2.24843  -2.25000  0.00253  -2.25096  -2.24590  0.99930  0.00043  0.00182  
49  0.994798  0.001163  -2.24738  -2.25000  0.00252  -2.24990  -2.24486  0.99884  0.00004  0.00228  
50  0.994302  0.000698  -2.24843  -2.25000  0.00264  -2.25107  -2.24579  0.99930  0.00048  0.00187  
51  0.994572  0.001608  -2.24638  -2.25000  0.00286  -2.24924  -2.24352  0.99839  0.00034  0.00288  
52  0.995076  0.000123  -2.24972  -2.25000  0.00261  -2.25233  -2.24711  0.99988  0.00104  0.00128  
53  0.995089  0.000727  -2.24836  -2.25000  0.00260  -2.25096  -2.24577  0.99927  0.00043  0.00188  
54  0.994676  0.001384  -2.24689  -2.25000  0.00275  -2.24963  -2.24414  0.99862  0.00016  0.00260  
55  0.994940  0.000702  -2.24842  -2.25000  0.00268  -2.25110  -2.24574  0.99930  0.00049  0.00189  
56  0.994064  0.001546  -2.24652  -2.24676  0.00274  -2.24927  -2.24378  0.99989  0.00033  0.00277  
57  0.994670  0.000860  -2.24806  -2.24871  0.00261  -2.25068  -2.24545  0.99971  0.00030  0.00202  
