samples: 10000
burn_in: 100
steps: 100
Fidelities & ROE & RT & Mean & Variance & STD Error
0.915  0.001372  13.343  -2.24691  0.00521  0.00072  
0.977  0.001177  26.248  -2.24735  0.00349  0.00059  
0.986  0.000942  38.794  -2.24788  0.00269  0.00052  
0.988  0.00053  51.153  -2.24881  0.00315  0.00056  
0.988  0.000842  63.714  -2.24811  0.00379  0.00062  
0.989  0.000871  77.073  -2.24804  0.00285  0.00053  
0.989  0.001198  89.845  -2.2473  0.00329  0.00057  
0.989  0.000567  102.109  -2.24872  0.00321  0.00057  
0.99  0.000705  115.858  -2.24841  0.00275  0.00052  
0.99  0.00066  128.451  -2.24851  0.0028  0.00053  
0.991  0.000592  141.513  -2.24867  0.00312  0.00056  
0.99  0.001065  154.418  -2.2476  0.0028  0.00053  
0.99  0.000787  167.105  -2.24823  0.00318  0.00056  
0.99  0.000456  179.667  -2.24897  0.00278  0.00053  
0.991  0.000582  192.4  -2.24869  0.0027  0.00052  
0.991  0.000483  205.384  -2.24891  0.00337  0.00058  
0.991  0.001086  218.258  -2.24756  0.00259  0.00051  
0.992  0.000773  231.225  -2.24826  0.00259  0.00051  
0.991  0.00021  243.99  -2.24953  0.00291  0.00054  
0.992  0.000589  256.536  -2.24868  0.00285  0.00053  
0.992  0.000795  269.309  -2.24821  0.00252  0.0005  
0.992  0.000298  281.746  -2.24933  0.00263  0.00051  
0.992  0.001306  294.354  -2.24706  0.0036  0.0006  
0.992  0.000709  306.978  -2.2484  0.00324  0.00057  
