samples: 15000
burn_in: 1000
steps: 100
Exact H:-2.25
   Fidelity  ROE       Mean      Median    CI Width LL on CI  UL on CI  mmRatio  Min Err  Max Err
1  0.648446  0.007408  -2.23333  -2.21391  0.00346  -2.23679  -2.22987  1.00877  0.00587  0.00895  
2  0.767132  0.004360  -2.24019  -2.22768  0.00263  -2.24282  -2.23756  1.00562  0.00319  0.00553  
3  0.843013  0.002412  -2.24457  -2.23912  0.00203  -2.24660  -2.24254  1.00244  0.00151  0.00332  
4  0.890016  0.001115  -2.24749  -2.25000  0.00174  -2.24923  -2.24575  0.99888  0.00034  0.00189  
5  0.920390  0.000845  -2.24810  -2.25000  0.00153  -2.24963  -2.24657  0.99915  0.00016  0.00153  
6  0.941155  0.001001  -2.24775  -2.25000  0.00142  -2.24917  -2.24633  0.99900  0.00037  0.00163  
7  0.954151  0.001581  -2.24644  -2.25000  0.00138  -2.24782  -2.24506  0.99842  0.00097  0.00219  
8  0.963390  0.000826  -2.24814  -2.25000  0.00127  -2.24941  -2.24687  0.99917  0.00026  0.00139  
9  0.969708  0.000329  -2.24926  -2.25000  0.00122  -2.25048  -2.24804  0.99967  0.00021  0.00087  
10  0.974904  0.001091  -2.24755  -2.25000  0.00120  -2.24875  -2.24634  0.99891  0.00056  0.00162  
11  0.977702  0.000702  -2.24842  -2.25000  0.00119  -2.24961  -2.24723  0.99930  0.00017  0.00123  
12  0.979651  0.000722  -2.24837  -2.25000  0.00116  -2.24953  -2.24722  0.99928  0.00021  0.00124  
13  0.981305  0.000416  -2.24906  -2.25000  0.00118  -2.25024  -2.24789  0.99958  0.00011  0.00094  
14  0.982630  0.000404  -2.24909  -2.25000  0.00115  -2.25024  -2.24794  0.99960  0.00011  0.00091  
15  0.983685  0.000620  -2.24861  -2.25000  0.00116  -2.24976  -2.24745  0.99938  0.00011  0.00113  
16  0.984242  0.000586  -2.24868  -2.25000  0.00115  -2.24983  -2.24753  0.99941  0.00008  0.00110  
17  0.984930  0.000206  -2.24954  -2.25000  0.00113  -2.25067  -2.24840  0.99979  0.00030  0.00071  
18  0.985328  0.000805  -2.24819  -2.25000  0.00112  -2.24930  -2.24707  0.99919  0.00031  0.00130  
19  0.985572  0.000593  -2.24867  -2.25000  0.00112  -2.24979  -2.24754  0.99941  0.00009  0.00109  
20  0.986079  0.000355  -2.24920  -2.25000  0.00111  -2.25031  -2.24809  0.99964  0.00014  0.00085  
21  0.986342  0.000685  -2.24846  -2.25000  0.00110  -2.24956  -2.24736  0.99932  0.00019  0.00117  
22  0.986337  0.000475  -2.24893  -2.25000  0.00110  -2.25003  -2.24783  0.99952  0.00001  0.00097  
23  0.986417  0.000361  -2.24919  -2.25000  0.00112  -2.25031  -2.24807  0.99964  0.00014  0.00086  
