samples: 3000
burn_in: 1000
steps: 100

0.657  0.028093  6.217  
0.819  0.008835  12.273  
0.896  0.005703  18.259  
0.933  0.0041  24.161  
0.954  0.00365  29.972  
0.966  0.001861  35.767  
0.973  0.003325  41.526  
0.978  0.003195  47.277  
0.981  0.002188  53.004  
0.983  0.002772  58.75  
0.985  0.002806  64.455  
0.985  0.001795  70.164  
0.985  0.002778  75.832  
0.986  0.003302  81.537  
0.986  0.004351  87.236  
0.985  0.002534  92.92  
0.985  0.004015  98.623  
0.985  0.003095  104.314  
0.986  0.002423  109.992  
0.986  0.002446  115.704  
0.986  0.003259  121.371  
0.987  0.003231  127.067  
0.986  0.002404  132.761  
0.987  0.00402  138.429  
0.987  0.002534  144.112  
0.987  0.003659  149.783  
0.987  0.003012  155.452  
