samples: 5000
burn_in: 500
steps: 100
Exact H:-2.25
   Fidelity  ROE       Mean      Median    CI Width LL on CI  UL on CI  mmRatio  Min Err  Max Err
1  0.950683  0.000723  -2.24837  -2.25000  0.00196  -2.25033  -2.24642  0.99928  0.00015  0.00159  
2  0.985847  0.000289  -2.24935  -2.24945  0.00167  -2.25102  -2.24767  0.99995  0.00045  0.00103  
3  0.989617  0.000407  -2.24908  -2.24878  0.00156  -2.25065  -2.24752  1.00014  0.00029  0.00110  
4  0.990339  0.000429  -2.24903  -2.25000  0.00161  -2.25065  -2.24742  0.99957  0.00029  0.00114  
5  0.990854  0.000434  -2.24902  -2.24849  0.00185  -2.25087  -2.24718  1.00024  0.00039  0.00125  
6  0.991364  0.000013  -2.25003  -2.25000  0.00172  -2.25175  -2.24831  1.00001  0.00075  0.00078  
7  0.991303  0.000550  -2.24876  -2.25000  0.00175  -2.25051  -2.24702  0.99945  0.00023  0.00133  
8  0.991716  0.000183  -2.25041  -2.25000  0.00176  -2.25218  -2.24865  1.00018  0.00060  0.00097  
9  0.992089  0.000258  -2.25058  -2.25000  0.00155  -2.25213  -2.24903  1.00026  0.00043  0.00095  
10  0.992245  0.000430  -2.24903  -2.25000  0.00156  -2.25059  -2.24747  0.99957  0.00026  0.00112  
11  0.992167  0.000572  -2.24871  -2.25000  0.00152  -2.25023  -2.24719  0.99943  0.00010  0.00125  
12  0.992589  0.000106  -2.24976  -2.24835  0.00165  -2.25141  -2.24811  1.00063  0.00063  0.00084  
13  0.992277  0.000181  -2.24959  -2.24923  0.00181  -2.25141  -2.24778  1.00016  0.00062  0.00099  
14  0.992929  0.000251  -2.24944  -2.24832  0.00170  -2.25114  -2.24773  1.00050  0.00051  0.00101  
15  0.993020  0.000355  -2.24920  -2.25000  0.00151  -2.25071  -2.24769  0.99964  0.00032  0.00103  
16  0.993357  0.000447  -2.24899  -2.24878  0.00155  -2.25055  -2.24744  1.00009  0.00024  0.00114  
17  0.993275  0.000950  -2.24786  -2.25000  0.00157  -2.24943  -2.24630  0.99905  0.00025  0.00165  
18  0.993432  0.000363  -2.24918  -2.25000  0.00168  -2.25087  -2.24750  0.99964  0.00038  0.00111  
19  0.993727  0.000073  -2.24983  -2.25000  0.00151  -2.25134  -2.24833  0.99993  0.00060  0.00074  
20  0.993320  0.000571  -2.24872  -2.25000  0.00158  -2.25030  -2.24713  0.99943  0.00013  0.00127  
21  0.993189  0.000420  -2.24906  -2.25000  0.00161  -2.25067  -2.24745  0.99958  0.00030  0.00114  
22  0.993476  0.000189  -2.24957  -2.25000  0.00174  -2.25131  -2.24784  0.99981  0.00058  0.00096  
23  0.993753  0.000026  -2.24994  -2.25000  0.00159  -2.25153  -2.24836  0.99997  0.00068  0.00073  
24  0.993464  0.001159  -2.24739  -2.24984  0.00188  -2.24927  -2.24551  0.99891  0.00032  0.00200  
25  0.993740  0.000419  -2.24906  -2.25000  0.00183  -2.25088  -2.24723  0.99958  0.00039  0.00123  
26  0.994090  0.000428  -2.24904  -2.25000  0.00157  -2.25060  -2.24747  0.99957  0.00027  0.00112  
27  0.994040  0.000422  -2.24905  -2.25000  0.00162  -2.25067  -2.24744  0.99958  0.00030  0.00114  
28  0.994282  0.000523  -2.24882  -2.25000  0.00149  -2.25031  -2.24734  0.99948  0.00014  0.00118  
29  0.994391  0.000194  -2.24956  -2.25000  0.00141  -2.25097  -2.24815  0.99981  0.00043  0.00082  
30  0.994176  0.000612  -2.24862  -2.25000  0.00152  -2.25015  -2.24710  0.99939  0.00007  0.00129  
31  0.994617  0.000379  -2.24915  -2.25000  0.00147  -2.25061  -2.24768  0.99962  0.00027  0.00103  
32  0.994661  0.000429  -2.24904  -2.25000  0.00162  -2.25066  -2.24741  0.99957  0.00029  0.00115  
33  0.994526  0.000590  -2.24867  -2.25000  0.00165  -2.25032  -2.24702  0.99941  0.00014  0.00132  
34  0.994914  0.000155  -2.24965  -2.25000  0.00141  -2.25106  -2.24824  0.99984  0.00047  0.00078  
35  0.994036  0.001346  -2.24697  -2.25000  0.00201  -2.24898  -2.24496  0.99865  0.00045  0.00224  
36  0.994500  0.000445  -2.24900  -2.25000  0.00156  -2.25056  -2.24744  0.99956  0.00025  0.00114  
37  0.994541  0.000284  -2.24936  -2.24782  0.00151  -2.25087  -2.24785  1.00069  0.00039  0.00096  
38  0.994662  0.000213  -2.24952  -2.24912  0.00154  -2.25106  -2.24799  1.00018  0.00047  0.00090  
39  0.994767  0.000388  -2.24913  -2.25000  0.00151  -2.25064  -2.24762  0.99961  0.00028  0.00106  
40  0.994546  0.000686  -2.24846  -2.25000  0.00172  -2.25017  -2.24674  0.99931  0.00008  0.00145  
41  0.994866  0.000295  -2.24934  -2.25000  0.00153  -2.25086  -2.24781  0.99970  0.00038  0.00097  
42  0.994836  0.000249  -2.24944  -2.25000  0.00155  -2.25099  -2.24789  0.99975  0.00044  0.00094  
43  0.995053  0.000670  -2.24849  -2.25000  0.00147  -2.24996  -2.24702  0.99933  0.00002  0.00132  
44  0.994720  0.000601  -2.24865  -2.25000  0.00152  -2.25017  -2.24713  0.99940  0.00007  0.00128  
45  0.994887  0.000488  -2.24890  -2.25000  0.00155  -2.25045  -2.24735  0.99951  0.00020  0.00118  
46  0.994858  0.000661  -2.24851  -2.24898  0.00180  -2.25031  -2.24671  0.99979  0.00014  0.00146  
47  0.995100  0.000757  -2.24830  -2.25000  0.00183  -2.25013  -2.24646  0.99924  0.00006  0.00157  
48  0.994898  0.000770  -2.24827  -2.25000  0.00162  -2.24988  -2.24665  0.99923  0.00005  0.00149  
49  0.994739  0.000633  -2.24858  -2.24895  0.00152  -2.25010  -2.24705  0.99983  0.00004  0.00131  
50  0.994751  0.000534  -2.24880  -2.25000  0.00189  -2.25069  -2.24691  0.99947  0.00031  0.00137  
51  0.994723  0.000584  -2.24869  -2.25000  0.00196  -2.25065  -2.24672  0.99942  0.00029  0.00146  
