samples: 3000
burn_in: 10
steps: 100

0.738  0.01529  4.251  
0.858  0.006198  8.328  
0.913  0.002399  12.306  
0.94  0.001229  16.242  
0.958  0.00065  20.152  
0.969  0.000399  23.996  
0.973  0.000905  27.794  
0.977  0.000133  31.563  
0.981  6e-06  35.33  
0.983  0.000608  39.078  
0.982  0.00018  42.823  
0.982  0.001246  46.576  
0.983  0.000163  50.329  
0.984  0.000101  54.052  
0.984  0.000499  57.785  
0.984  0.000903  61.499  
0.984  0.001219  65.215  
0.984  0.000874  68.949  
0.984  0.000556  72.751  
0.985  0.000191  76.473  
0.985  0.000904  80.212  
0.985  0.001132  83.941  
0.985  0.000478  87.666  
0.985  0.000423  91.407  
0.985  0.00128  95.11  
0.985  0.000324  98.845  
0.985  0.000768  102.585  
0.985  0.000193  106.315  
0.985  0.000888  110.062  
0.985  0.001729  113.786  
0.986  1.7e-05  117.516  
0.986  0.000425  121.257  
0.986  0.000619  124.991  
0.985  0.000531  128.747  
0.986  0.001307  132.526  
0.986  0.000573  136.248  
0.986  0.001355  140.005  
0.985  0.00122  143.751  
0.986  0.000923  147.497  
0.986  0.000363  151.25  
