samples: 1500
burn_in: 1000
steps: 1000

0.736  0.01296  3.281  
0.85  0.006915  6.527  
0.908  0.005031  9.699  
0.937  0.003582  12.844  
0.954  0.00063  15.977  
0.964  0.000978  19.099  
0.97  0.004289  22.236  
0.974  0.002612  25.312  
0.977  0.001191  28.417  
0.979  0.004017  31.505  
0.98  0.00309  34.639  
0.981  0.001864  37.709  
0.983  0.00052  40.775  
0.983  0.002381  43.878  
0.984  0.000371  46.943  
0.984  0.00028  50.02  
0.984  0.000116  53.064  
0.983  0.002345  56.104  
0.984  0.002028  59.157  
0.984  0.002157  62.206  
0.985  0.002081  65.283  
0.985  0.002321  68.332  
0.985  0.001762  71.381  
0.985  0.003035  74.435  
0.985  0.000404  77.498  
0.985  0.00188  80.592  
0.985  0.000891  83.651  
0.985  0.001468  86.707  
0.985  0.002911  89.761  
0.985  0.001725  92.793  
0.986  0.002558  95.888  
0.986  0.001377  98.936  
0.985  0.001692  102.005  
0.985  0.002316  105.083  
0.986  0.003009  108.147  
0.986  0.002192  111.252  
0.986  0.00325  114.302  
0.986  0.002948  117.362  
0.985  0.00265  120.425  
0.986  0.001549  123.494  
0.986  0.001251  126.58  
0.986  0.003227  129.622  
0.986  0.002551  132.685  
0.986  0.002253  135.746  
0.986  0.00179  138.797  
0.985  0.003304  141.895  
0.987  0.00035  144.946  
0.987  0.000379  148.001  
0.987  0.00153  151.06  
