samples: 4500
burn_in: 1000
steps: 1000

0.637  0.019928  8.921  
0.814  0.006201  17.611  
0.891  0.003764  26.157  
0.932  0.001832  34.587  
0.952  0.001216  42.962  
0.968  0.000675  51.259  
0.974  0.000487  59.525  
0.978  0.001142  67.767  
0.982  0.001246  76.0  
0.984  0.001494  84.161  
0.985  0.000281  92.312  
0.985  0.00108  100.455  
0.985  0.000698  108.614  
0.986  0.000833  116.773  
0.986  0.000601  124.909  
0.986  0.000704  133.04  
0.986  0.001388  141.163  
0.987  0.000403  149.286  
0.987  0.000961  157.416  
