samples: 3000
burn_in: 100
steps: 10

0.694  0.013526  4.419  
0.834  0.005905  8.721  
0.902  0.002541  12.897  
0.938  0.001488  17.009  
0.955  0.001997  21.08  
0.967  0.001862  25.098  
0.973  0.001608  29.107  
0.978  0.000339  33.092  
0.98  0.002514  37.044  
0.983  0.00115  40.979  
0.983  0.001188  44.936  
0.983  0.001224  48.873  
0.983  0.001015  52.811  
0.984  0.000951  56.747  
0.984  0.001584  60.699  
0.984  0.001509  64.603  
0.984  0.001544  68.589  
0.985  0.001055  72.535  
0.984  0.000525  76.438  
0.985  0.000622  80.333  
0.985  0.000131  84.269  
0.986  0.001063  88.199  
0.985  0.001193  92.12  
0.985  0.001895  96.049  
0.985  0.001652  99.963  
0.984  0.002098  103.894  
0.986  0.000838  107.787  
0.986  0.000634  111.74  
0.986  0.000546  115.671  
0.986  0.001614  119.596  
0.986  0.002674  123.539  
0.986  0.000937  127.484  
0.987  0.000428  131.414  
0.987  0.001028  135.319  
0.988  0.001263  139.248  
0.987  0.00065  143.173  
0.987  0.001112  147.112  
0.987  0.001913  151.038  
