samples: 5000
burn_in: 500
steps: 100
Exact H:-2.25
   Fidelity  ROE       Mean      Median    CI Width LL on CI  UL on CI  mmRatio  Min Err  Max Err
1  0.956821  0.000914  -2.24794  -2.25000  0.00182  -2.24976  -2.24613  0.99909  0.00011  0.00172  
2  0.984892  0.000849  -2.24809  -2.24830  0.00160  -2.24969  -2.24649  0.99991  0.00014  0.00156  
3  0.988152  0.000530  -2.24881  -2.25000  0.00163  -2.25044  -2.24718  0.99947  0.00019  0.00125  
4  0.989494  0.000514  -2.24884  -2.25000  0.00164  -2.25048  -2.24720  0.99949  0.00021  0.00124  
5  0.989821  0.000199  -2.24955  -2.25000  0.00172  -2.25127  -2.24783  0.99980  0.00056  0.00096  
6  0.990108  0.000659  -2.24852  -2.25000  0.00163  -2.25015  -2.24688  0.99934  0.00007  0.00138  
7  0.990465  0.000890  -2.24800  -2.25000  0.00166  -2.24966  -2.24634  0.99911  0.00015  0.00163  
8  0.991121  0.000493  -2.24889  -2.25000  0.00150  -2.25039  -2.24739  0.99951  0.00017  0.00116  
9  0.991243  0.000422  -2.24905  -2.25000  0.00149  -2.25053  -2.24756  0.99958  0.00024  0.00108  
10  0.991445  0.000804  -2.24819  -2.24837  0.00163  -2.24982  -2.24656  0.99992  0.00008  0.00153  
11  0.991677  0.000345  -2.24922  -2.25000  0.00160  -2.25082  -2.24762  0.99965  0.00037  0.00106  
12  0.992042  0.000523  -2.24882  -2.25000  0.00146  -2.25028  -2.24737  0.99948  0.00012  0.00117  
13  0.992116  0.000382  -2.24914  -2.25000  0.00152  -2.25066  -2.24762  0.99962  0.00029  0.00106  
14  0.992627  0.000501  -2.24887  -2.25000  0.00152  -2.25039  -2.24735  0.99950  0.00017  0.00118  
15  0.992369  0.000569  -2.24872  -2.24819  0.00166  -2.25038  -2.24706  1.00023  0.00017  0.00131  
16  0.992648  0.000136  -2.24969  -2.25000  0.00150  -2.25120  -2.24819  0.99986  0.00053  0.00080  
17  0.992982  0.000509  -2.24885  -2.25000  0.00166  -2.25052  -2.24719  0.99949  0.00023  0.00125  
18  0.992790  0.000513  -2.24885  -2.25000  0.00182  -2.25066  -2.24703  0.99949  0.00030  0.00132  
19  0.993355  0.000682  -2.24847  -2.24867  0.00155  -2.25001  -2.24692  0.99991  0.00000  0.00137  
20  0.993077  0.000307  -2.24931  -2.25000  0.00142  -2.25073  -2.24789  0.99969  0.00033  0.00094  
21  0.993320  0.001381  -2.24689  -2.25000  0.00166  -2.24855  -2.24523  0.99862  0.00064  0.00212  
22  0.993394  0.000428  -2.24904  -2.25000  0.00157  -2.25061  -2.24747  0.99957  0.00027  0.00113  
23  0.993552  0.000970  -2.24782  -2.25000  0.00163  -2.24945  -2.24619  0.99903  0.00025  0.00169  
24  0.993997  0.000272  -2.24939  -2.25000  0.00139  -2.25078  -2.24799  0.99973  0.00035  0.00089  
25  0.993936  0.000459  -2.24897  -2.25000  0.00144  -2.25041  -2.24752  0.99954  0.00018  0.00110  
26  0.994399  0.000024  -2.24995  -2.25000  0.00140  -2.25135  -2.24854  0.99998  0.00060  0.00065  
27  0.994375  0.000456  -2.24897  -2.24837  0.00147  -2.25044  -2.24751  1.00027  0.00020  0.00111  
28  0.993885  0.000237  -2.24947  -2.25000  0.00137  -2.25084  -2.24810  0.99976  0.00037  0.00085  
29  0.994068  0.000585  -2.24868  -2.24970  0.00177  -2.25045  -2.24691  0.99955  0.00020  0.00137  
30  0.994083  0.000979  -2.24780  -2.24958  0.00171  -2.24951  -2.24609  0.99921  0.00022  0.00174  
31  0.994110  0.000641  -2.24856  -2.25000  0.00159  -2.25015  -2.24697  0.99936  0.00007  0.00135  
32  0.994411  0.000352  -2.24921  -2.25000  0.00170  -2.25091  -2.24751  0.99965  0.00040  0.00111  
33  0.994483  0.000408  -2.24908  -2.25000  0.00140  -2.25048  -2.24768  0.99959  0.00021  0.00103  
34  0.994501  0.000215  -2.25048  -2.25000  0.00145  -2.25193  -2.24903  1.00021  0.00043  0.00086  
35  0.994777  0.000357  -2.24920  -2.25000  0.00137  -2.25056  -2.24783  0.99964  0.00025  0.00096  
36  0.994510  0.000229  -2.24948  -2.25000  0.00137  -2.25086  -2.24811  0.99977  0.00038  0.00084  
37  0.994603  0.000498  -2.24888  -2.25000  0.00145  -2.25033  -2.24743  0.99950  0.00015  0.00114  
38  0.994599  0.000443  -2.24900  -2.25000  0.00159  -2.25059  -2.24741  0.99956  0.00026  0.00115  
39  0.995064  0.000470  -2.24894  -2.25000  0.00140  -2.25034  -2.24755  0.99953  0.00015  0.00109  
40  0.995098  0.000136  -2.24969  -2.25000  0.00141  -2.25110  -2.24828  0.99986  0.00049  0.00076  
41  0.994798  0.000637  -2.24857  -2.25000  0.00147  -2.25004  -2.24709  0.99936  0.00002  0.00129  
42  0.994741  0.001223  -2.24725  -2.24404  0.00168  -2.24893  -2.24557  1.00143  0.00048  0.00197  
43  0.994888  0.000094  -2.24979  -2.25000  0.00152  -2.25131  -2.24827  0.99991  0.00058  0.00077  
44  0.994750  0.000574  -2.24871  -2.24662  0.00150  -2.25021  -2.24721  1.00093  0.00009  0.00124  
45  0.994775  0.000134  -2.24970  -2.25000  0.00155  -2.25125  -2.24815  0.99987  0.00056  0.00082  
46  0.995161  0.000136  -2.24969  -2.25000  0.00151  -2.25120  -2.24819  0.99986  0.00053  0.00081  
47  0.995190  0.000902  -2.24797  -2.25000  0.00142  -2.24939  -2.24655  0.99910  0.00027  0.00154  
48  0.994795  0.000251  -2.25056  -2.25000  0.00151  -2.25208  -2.24905  1.00025  0.00042  0.00092  
49  0.995202  0.000665  -2.24850  -2.25000  0.00155  -2.25005  -2.24696  0.99933  0.00002  0.00135  
50  0.995190  0.000711  -2.24840  -2.24996  0.00143  -2.24983  -2.24697  0.99931  0.00007  0.00135  
51  0.994932  0.000459  -2.24897  -2.24980  0.00174  -2.25071  -2.24722  0.99963  0.00032  0.00123  
52  0.995099  0.000012  -2.24997  -2.25000  0.00147  -2.25144  -2.24850  0.99999  0.00064  0.00066  
53  0.995157  0.000649  -2.24854  -2.25000  0.00181  -2.25035  -2.24673  0.99935  0.00016  0.00146  
54  0.995333  0.000623  -2.24860  -2.25000  0.00155  -2.25015  -2.24705  0.99938  0.00007  0.00131  
55  0.995236  0.000549  -2.24877  -2.25000  0.00156  -2.25033  -2.24720  0.99945  0.00015  0.00124  
56  0.995175  0.000036  -2.25008  -2.25000  0.00157  -2.25165  -2.24851  1.00004  0.00066  0.00073  
57  0.995341  0.000273  -2.24938  -2.25000  0.00155  -2.25094  -2.24783  0.99973  0.00042  0.00096  
58  0.995458  0.000192  -2.25043  -2.25000  0.00151  -2.25194  -2.24892  1.00019  0.00048  0.00086  
