samples: 5000
burn_in: 500
steps: 100
Exact H:-2.25
   Fidelity  ROE       Mean      Median    CI Width LL on CI  UL on CI  mmRatio  Min Err  Max Err
1  0.911456  0.000321  -2.24928  -2.25782  0.00132  -2.25060  -2.24795  0.99622  0.00027  0.00091  
2  0.980312  0.000099  -2.24978  -2.25048  0.00097  -2.25075  -2.24881  0.99969  0.00033  0.00053  
3  0.991333  0.000217  -2.25049  -2.25198  0.00097  -2.25146  -2.24952  0.99934  0.00021  0.00065  
4  0.993324  0.000403  -2.24909  -2.25022  0.00110  -2.25020  -2.24799  0.99950  0.00009  0.00089  
5  0.993850  0.000253  -2.24943  -2.25025  0.00103  -2.25046  -2.24840  0.99964  0.00020  0.00071  
6  0.994252  0.000235  -2.24947  -2.25000  0.00093  -2.25040  -2.24854  0.99977  0.00018  0.00065  
7  0.994331  0.000114  -2.24974  -2.25000  0.00109  -2.25083  -2.24865  0.99989  0.00037  0.00060  
8  0.994153  0.000020  -2.25004  -2.25000  0.00105  -2.25109  -2.24900  1.00002  0.00045  0.00049  
9  0.994290  0.000497  -2.24888  -2.25000  0.00104  -2.24993  -2.24784  0.99950  0.00003  0.00096  
10  0.994470  0.000169  -2.24962  -2.25000  0.00080  -2.25042  -2.24882  0.99983  0.00019  0.00053  
11  0.994487  0.000044  -2.24990  -2.25130  0.00087  -2.25077  -2.24903  0.99938  0.00034  0.00043  
12  0.994648  0.000109  -2.24975  -2.25000  0.00088  -2.25064  -2.24887  0.99989  0.00028  0.00050  
13  0.994540  0.000124  -2.24972  -2.25000  0.00105  -2.25077  -2.24867  0.99988  0.00034  0.00059  
14  0.994870  0.000395  -2.24911  -2.25000  0.00088  -2.24999  -2.24823  0.99960  0.00000  0.00079  
15  0.994815  0.000165  -2.24963  -2.25026  0.00078  -2.25041  -2.24885  0.99972  0.00018  0.00051  
16  0.994978  0.000151  -2.24966  -2.25000  0.00082  -2.25048  -2.24884  0.99985  0.00021  0.00051  
17  0.995079  0.000006  -2.25001  -2.25000  0.00068  -2.25069  -2.24934  1.00001  0.00029  0.00031  
18  0.995171  0.000222  -2.24950  -2.25093  0.00084  -2.25034  -2.24866  0.99936  0.00015  0.00060  
19  0.994932  0.000218  -2.24951  -2.25152  0.00100  -2.25051  -2.24851  0.99911  0.00023  0.00066  
20  0.995293  0.000025  -2.25006  -2.25206  0.00060  -2.25065  -2.24946  0.99911  0.00024  0.00029  
21  0.995369  0.000155  -2.25035  -2.25105  0.00068  -2.25103  -2.24967  0.99969  0.00015  0.00046  
22  0.995297  0.000216  -2.24952  -2.25000  0.00083  -2.25034  -2.24869  0.99978  0.00015  0.00058  
23  0.995285  0.000346  -2.24922  -2.25000  0.00075  -2.24997  -2.24847  0.99965  0.00001  0.00068  
24  0.994962  0.000401  -2.24910  -2.25000  0.00095  -2.25005  -2.24815  0.99960  0.00002  0.00082  
25  0.995009  0.000117  -2.24974  -2.25033  0.00087  -2.25061  -2.24887  0.99974  0.00027  0.00050  
26  0.995126  0.000020  -2.24995  -2.25042  0.00077  -2.25072  -2.24918  0.99980  0.00032  0.00036  
27  0.995358  0.000213  -2.24952  -2.25000  0.00093  -2.25045  -2.24859  0.99979  0.00020  0.00063  
28  0.995386  0.000019  -2.25004  -2.25081  0.00073  -2.25077  -2.24932  0.99966  0.00030  0.00034  
29  0.995365  0.000022  -2.25005  -2.25000  0.00073  -2.25078  -2.24932  1.00002  0.00030  0.00035  
30  0.995476  0.000087  -2.25020  -2.25000  0.00075  -2.25095  -2.24944  1.00009  0.00025  0.00042  
31  0.995353  0.000035  -2.25008  -2.25000  0.00063  -2.25071  -2.24945  1.00004  0.00024  0.00032  
32  0.995420  0.000143  -2.24968  -2.25012  0.00075  -2.25043  -2.24892  0.99980  0.00019  0.00048  
33  0.995366  0.000229  -2.24948  -2.25000  0.00074  -2.25023  -2.24874  0.99977  0.00010  0.00056  
34  0.995406  0.000193  -2.24957  -2.25000  0.00078  -2.25035  -2.24878  0.99981  0.00016  0.00054  
35  0.995639  0.000232  -2.24948  -2.25056  0.00077  -2.25025  -2.24871  0.99952  0.00011  0.00057  
36  0.995635  0.000200  -2.24955  -2.25000  0.00059  -2.25014  -2.24896  0.99980  0.00006  0.00046  
37  0.995744  0.000048  -2.24989  -2.25141  0.00055  -2.25044  -2.24935  0.99932  0.00019  0.00029  
38  0.995498  0.000122  -2.24972  -2.25054  0.00063  -2.25035  -2.24910  0.99964  0.00016  0.00040  
39  0.995658  0.000094  -2.24979  -2.25000  0.00072  -2.25051  -2.24907  0.99991  0.00023  0.00041  
40  0.995217  0.000003  -2.24999  -2.25000  0.00083  -2.25083  -2.24916  1.00000  0.00037  0.00037  
41  0.995295  0.000198  -2.24955  -2.25000  0.00104  -2.25059  -2.24852  0.99980  0.00026  0.00066  
42  0.995675  0.000008  -2.25002  -2.25000  0.00076  -2.25077  -2.24926  1.00001  0.00033  0.00034  
43  0.995796  0.000023  -2.25005  -2.25095  0.00049  -2.25054  -2.24956  0.99960  0.00019  0.00024  
44  0.995707  0.000150  -2.24966  -2.25000  0.00067  -2.25033  -2.24900  0.99985  0.00015  0.00045  
45  0.995592  0.000037  -2.24992  -2.25000  0.00067  -2.25059  -2.24924  0.99996  0.00026  0.00034  
46  0.995517  0.000194  -2.24956  -2.25000  0.00079  -2.25036  -2.24877  0.99981  0.00016  0.00055  
47  0.995560  0.000431  -2.24903  -2.25115  0.00101  -2.25004  -2.24802  0.99906  0.00002  0.00088  
48  0.995461  0.000226  -2.24949  -2.25000  0.00099  -2.25048  -2.24850  0.99977  0.00022  0.00067  
49  0.995605  0.000002  -2.25000  -2.25000  0.00060  -2.25059  -2.24940  1.00000  0.00026  0.00027  
50  0.995732  0.000080  -2.24982  -2.25000  0.00059  -2.25041  -2.24923  0.99992  0.00018  0.00034  
51  0.995636  0.000156  -2.24965  -2.25027  0.00067  -2.25031  -2.24898  0.99972  0.00014  0.00045  
52  0.995623  0.000100  -2.25022  -2.25129  0.00051  -2.25074  -2.24971  0.99953  0.00013  0.00033  
53  0.995677  0.000153  -2.24965  -2.25000  0.00081  -2.25047  -2.24884  0.99985  0.00021  0.00051  
54  0.995406  0.000181  -2.24959  -2.24917  0.00083  -2.25042  -2.24876  1.00019  0.00019  0.00055  
55  0.995531  0.000098  -2.25022  -2.25000  0.00085  -2.25108  -2.24937  1.00010  0.00028  0.00048  
56  0.995433  0.000264  -2.24941  -2.25000  0.00086  -2.25026  -2.24855  0.99974  0.00012  0.00064  
57  0.995543  0.000183  -2.24959  -2.25000  0.00063  -2.25021  -2.24896  0.99982  0.00010  0.00046  
58  0.995377  0.000258  -2.24942  -2.25000  0.00097  -2.25039  -2.24845  0.99974  0.00017  0.00069  
59  0.995487  0.000145  -2.24967  -2.24955  0.00084  -2.25051  -2.24884  1.00005  0.00023  0.00052  
60  0.995294  0.000200  -2.24955  -2.25000  0.00105  -2.25060  -2.24850  0.99980  0.00027  0.00067  
