samples: 10000
burn_in: 100
steps: 100
Epoch & Fidelities & ROE & RT & Mean & Variance & STD Error & LL on CI & UL on CI
0.916  0.002314  -2.24479  0.00766  0.00088  -2.24705  -2.24254  
0.974  0.000737  -2.24834  0.00453  0.00067  -2.25008  -2.24661  
0.985  0.001379  -2.2469  0.00513  0.00072  -2.24874  -2.24505  
0.987  0.000548  -2.24877  0.00379  0.00062  -2.25035  -2.24718  
0.988  0.000495  -2.24889  0.00345  0.00059  -2.2504  -2.24737  
0.988  0.000917  -2.24794  0.00353  0.00059  -2.24947  -2.24641  
0.988  0.001155  -2.2474  0.00397  0.00063  -2.24902  -2.24578  
0.988  0.000937  -2.24789  0.00356  0.0006  -2.24943  -2.24636  
0.989  0.000752  -2.24831  0.00356  0.0006  -2.24984  -2.24677  
0.988  0.001502  -2.24662  0.00507  0.00071  -2.24845  -2.24479  
0.989  0.000859  -2.24807  0.00366  0.00061  -2.24963  -2.24651  
0.989  0.00111  -2.2475  0.00346  0.00059  -2.24902  -2.24599  
0.989  0.00059  -2.24867  0.00357  0.0006  -2.25021  -2.24713  
0.989  0.001072  -2.24759  0.00316  0.00056  -2.24904  -2.24614  
0.99  0.000964  -2.24783  0.00342  0.00058  -2.24934  -2.24633  
0.99  0.000536  -2.24879  0.00312  0.00056  -2.25023  -2.24736  
0.99  0.000781  -2.24824  0.00327  0.00057  -2.24971  -2.24677  
0.99  0.000953  -2.24785  0.00371  0.00061  -2.24942  -2.24629  
0.99  0.001183  -2.24734  0.00352  0.00059  -2.24887  -2.24581  
0.991  0.000796  -2.24821  0.00305  0.00055  -2.24963  -2.24679  
0.991  0.000488  -2.2489  0.00294  0.00054  -2.2503  -2.24751  
0.991  0.000478  -2.24892  0.00343  0.00059  -2.25043  -2.24742  
0.992  0.000639  -2.24856  0.00283  0.00053  -2.24993  -2.24719  
