samples: 4500
burn_in: 10
steps: 10

0.673  0.006449  6.02  
0.818  0.004024  11.81  
0.896  0.001938  17.395  
0.935  0.001891  22.886  
0.958  0.001912  28.289  
0.97  0.001396  33.703  
0.977  0.001172  39.013  
0.98  0.00135  44.311  
0.983  0.002309  49.583  
0.984  0.002145  54.843  
0.985  0.001443  60.086  
0.985  0.002801  65.334  
0.986  0.000851  70.56  
0.986  0.001335  75.769  
0.986  0.001528  80.986  
0.987  0.000903  86.183  
0.987  0.001459  91.404  
0.987  0.001271  96.613  
0.986  0.001235  101.8  
0.986  0.001327  106.997  
0.986  0.001076  112.243  
0.986  0.001117  117.45  
0.986  0.00233  122.68  
0.987  0.001017  127.908  
0.987  0.001152  133.111  
0.988  0.001023  138.293  
0.988  0.001177  143.458  
0.987  0.001446  148.696  
0.988  9.9e-05  153.891  
