samples: 1500
burn_in: 10
steps: 1000

0.618  0.008846  2.585  
0.808  0.007257  5.055  
0.894  0.003495  7.471  
0.934  0.003241  9.861  
0.957  0.001818  12.222  
0.968  0.002111  14.511  
0.976  0.002473  16.802  
0.981  0.002532  19.072  
0.983  0.001997  21.331  
0.983  0.003876  23.627  
0.985  0.000705  25.875  
0.986  0.00292  28.109  
0.987  0.002064  30.336  
0.988  0.000487  32.553  
0.987  0.001746  34.778  
0.987  0.000855  37.06  
0.987  0.002504  39.28  
0.986  0.002592  41.514  
0.988  0.000865  43.759  
0.988  0.001402  45.964  
0.988  0.000168  48.218  
0.988  0.002729  50.433  
0.988  0.001308  52.684  
0.989  0.001026  54.933  
0.989  0.001734  57.149  
0.989  0.003584  59.386  
0.989  0.001187  61.614  
0.989  0.000298  63.838  
0.989  0.002466  66.088  
0.989  0.000977  68.345  
0.989  0.002338  70.573  
0.989  0.002129  72.82  
0.989  0.002209  75.047  
0.989  0.002316  77.278  
0.988  0.001969  79.579  
0.988  0.000947  81.862  
0.989  0.00044  84.094  
0.989  0.000765  86.33  
0.989  0.00109  88.581  
0.989  0.000637  90.833  
0.989  0.001689  93.103  
0.989  0.002081  95.382  
0.989  0.001033  97.685  
0.989  0.001024  99.9  
0.989  0.00026  102.137  
0.989  0.001931  104.397  
0.99  0.000401  106.639  
0.99  0.001632  108.87  
0.99  0.001787  111.108  
0.989  0.003055  113.356  
0.99  0.001211  115.609  
0.99  0.000704  117.839  
0.99  0.001572  120.048  
0.99  0.001223  122.246  
0.99  0.003584  124.474  
0.99  0.001079  126.749  
0.99  0.003841  128.979  
0.99  0.002505  131.232  
0.99  0.00157  133.461  
0.99  0.001902  135.69  
0.99  0.002259  137.917  
0.99  0.001509  140.143  
0.99  0.000115  142.427  
0.99  0.001071  144.649  
0.99  0.000967  146.893  
0.99  2.3e-05  149.129  
0.99  0.001115  151.381  
