nh: 113
samples1: 100000
samples2: 5000
burn_in: 500
steps: 100
Exact H:-254.28
   Fidelity  ROE       Mean      Median    CI Width LL on CI  UL on CI  mmRatio  Min Err  Max Err
40     N/A    0.030127  -246.61921  -246.77921  0.23809  -246.85730  -246.38112  0.99935  0.02919  0.03106  
80     N/A    0.020542  -249.05665  -249.16076  0.20755  -249.26420  -248.84910  0.99958  0.01973  0.02136  
120     N/A    0.015499  -250.33883  -250.51637  0.18358  -250.52241  -250.15525  0.99929  0.01478  0.01622  
160     N/A    0.012461  -251.11136  -251.21321  0.16298  -251.27434  -250.94839  0.99959  0.01182  0.01310  
200     N/A    0.010364  -251.64456  -251.65474  0.15232  -251.79689  -251.49224  0.99996  0.00977  0.01096  
240     N/A    0.008385  -252.14787  -252.23098  0.13955  -252.28743  -252.00832  0.99967  0.00784  0.00893  
280     N/A    0.007433  -252.39005  -252.47633  0.13145  -252.52150  -252.25861  0.99966  0.00692  0.00795  
320     N/A    0.006749  -252.56390  -252.67247  0.12398  -252.68788  -252.43991  0.99957  0.00626  0.00724  
360     N/A    0.006152  -252.71566  -252.78083  0.11700  -252.83265  -252.59866  0.99974  0.00569  0.00661  
400     N/A    0.005568  -252.86429  -252.88972  0.11076  -252.97505  -252.75353  0.99990  0.00513  0.00600  
440     N/A    0.005138  -252.97357  -252.97423  0.10923  -253.08279  -252.86434  1.00000  0.00471  0.00557  
480     N/A    0.005017  -253.00428  -253.07818  0.10675  -253.11103  -252.89754  0.99971  0.00460  0.00544  
520     N/A    0.004668  -253.09291  -253.15046  0.10489  -253.19780  -252.98802  0.99977  0.00426  0.00508  
560     N/A    0.004256  -253.19785  -253.23809  0.09893  -253.29679  -253.09892  0.99984  0.00387  0.00464  
600     N/A    0.004236  -253.20280  -253.25699  0.09747  -253.30027  -253.10533  0.99979  0.00385  0.00462  
640     N/A    0.003838  -253.30405  -253.32700  0.09736  -253.40141  -253.20669  0.99991  0.00346  0.00422  
680     N/A    0.003716  -253.33506  -253.31958  0.09257  -253.42764  -253.24249  1.00006  0.00335  0.00408  
720     N/A    0.003538  -253.38037  -253.37366  0.09114  -253.47151  -253.28922  1.00003  0.00318  0.00390  
760     N/A    0.003428  -253.40821  -253.39423  0.08886  -253.49708  -253.31935  1.00006  0.00308  0.00378  
800     N/A    0.003543  -253.37900  -253.40764  0.08873  -253.46773  -253.29027  0.99989  0.00319  0.00389  
840     N/A    0.003503  -253.38922  -253.39815  0.08901  -253.47823  -253.30021  0.99996  0.00315  0.00385  
880     N/A    0.003296  -253.44197  -253.43633  0.08636  -253.52832  -253.35561  1.00002  0.00296  0.00364  
