samples: 5000
burn_in: 500
steps: 100
Exact H:-2.25
   Fidelity  ROE       Mean      Median    CI Width LL on CI  UL on CI  mmRatio  Min Err  Max Err
1  0.932231  0.000612  -2.24862  -2.25000  0.00181  -2.25043  -2.24681  0.99939  0.00019  0.00142  
2  0.981606  0.000459  -2.24897  -2.25000  0.00158  -2.25054  -2.24739  0.99954  0.00024  0.00116  
3  0.988121  0.000311  -2.24930  -2.25000  0.00165  -2.25095  -2.24765  0.99969  0.00042  0.00105  
4  0.990012  0.000404  -2.24909  -2.25000  0.00179  -2.25088  -2.24730  0.99960  0.00039  0.00120  
5  0.991198  0.000445  -2.24900  -2.25000  0.00140  -2.25040  -2.24760  0.99956  0.00018  0.00107  
6  0.991548  0.000315  -2.24929  -2.25000  0.00143  -2.25073  -2.24786  0.99969  0.00032  0.00095  
7  0.991531  0.000321  -2.24928  -2.25000  0.00147  -2.25075  -2.24781  0.99968  0.00033  0.00097  
8  0.992047  0.000365  -2.24918  -2.25000  0.00139  -2.25057  -2.24779  0.99963  0.00025  0.00098  
9  0.992240  0.000597  -2.24866  -2.25000  0.00144  -2.25010  -2.24721  0.99940  0.00004  0.00124  
10  0.992407  0.000542  -2.24878  -2.25000  0.00151  -2.25029  -2.24727  0.99946  0.00013  0.00121  
11  0.992709  0.000701  -2.24842  -2.25000  0.00145  -2.24987  -2.24697  0.99930  0.00006  0.00134  
12  0.992926  0.000511  -2.24885  -2.25000  0.00151  -2.25036  -2.24734  0.99949  0.00016  0.00118  
13  0.993056  0.000590  -2.24867  -2.25000  0.00150  -2.25017  -2.24717  0.99941  0.00008  0.00126  
14  0.993057  0.000376  -2.24915  -2.25000  0.00150  -2.25066  -2.24765  0.99962  0.00029  0.00104  
15  0.993017  0.000711  -2.24840  -2.25000  0.00149  -2.24990  -2.24691  0.99929  0.00005  0.00138  
16  0.992754  0.000991  -2.24777  -2.24969  0.00166  -2.24943  -2.24611  0.99914  0.00025  0.00173  
17  0.993077  0.000092  -2.24979  -2.25000  0.00152  -2.25131  -2.24827  0.99991  0.00058  0.00077  
18  0.993742  0.000223  -2.24950  -2.25000  0.00145  -2.25095  -2.24805  0.99978  0.00042  0.00087  
19  0.993693  0.000200  -2.24955  -2.25000  0.00143  -2.25098  -2.24812  0.99980  0.00044  0.00084  
20  0.994093  0.000185  -2.24958  -2.25000  0.00164  -2.25123  -2.24794  0.99982  0.00055  0.00092  
21  0.994007  0.000654  -2.24853  -2.25000  0.00160  -2.25013  -2.24693  0.99935  0.00006  0.00137  
22  0.994153  0.000006  -2.24999  -2.25000  0.00152  -2.25151  -2.24846  0.99999  0.00067  0.00068  
23  0.994073  0.000017  -2.25004  -2.25000  0.00159  -2.25163  -2.24845  1.00002  0.00069  0.00072  
24  0.994066  0.000513  -2.24885  -2.25000  0.00166  -2.25051  -2.24719  0.99949  0.00022  0.00125  
25  0.994020  0.000479  -2.24892  -2.25000  0.00159  -2.25051  -2.24733  0.99952  0.00023  0.00119  
26  0.994188  0.000520  -2.24883  -2.25000  0.00160  -2.25043  -2.24723  0.99948  0.00019  0.00123  
27  0.994695  0.000522  -2.24883  -2.25000  0.00142  -2.25024  -2.24741  0.99948  0.00011  0.00115  
28  0.994672  0.000179  -2.24960  -2.25000  0.00150  -2.25110  -2.24809  0.99982  0.00049  0.00085  
29  0.994668  0.000388  -2.24913  -2.25000  0.00169  -2.25081  -2.24744  0.99961  0.00036  0.00114  
30  0.994454  0.000408  -2.24908  -2.25000  0.00155  -2.25063  -2.24753  0.99959  0.00028  0.00110  
31  0.994371  0.000546  -2.24877  -2.25000  0.00166  -2.25043  -2.24711  0.99945  0.00019  0.00128  
32  0.993907  0.000248  -2.25056  -2.25000  0.00162  -2.25218  -2.24894  1.00025  0.00047  0.00097  
33  0.994246  0.000162  -2.24964  -2.25000  0.00186  -2.25149  -2.24778  0.99984  0.00066  0.00099  
34  0.994893  0.000035  -2.24992  -2.25000  0.00156  -2.25148  -2.24836  0.99996  0.00066  0.00073  
35  0.994797  0.000195  -2.24956  -2.25000  0.00163  -2.25119  -2.24793  0.99980  0.00053  0.00092  
36  0.994765  0.000821  -2.24815  -2.25000  0.00173  -2.24988  -2.24642  0.99918  0.00005  0.00159  
37  0.994507  0.000377  -2.24915  -2.25000  0.00187  -2.25102  -2.24729  0.99962  0.00045  0.00121  
38  0.994905  0.000892  -2.24799  -2.24668  0.00175  -2.24974  -2.24624  1.00058  0.00011  0.00167  
39  0.994967  0.001117  -2.24749  -2.25000  0.00162  -2.24910  -2.24587  0.99888  0.00040  0.00184  
40  0.995182  0.000508  -2.24886  -2.25000  0.00157  -2.25043  -2.24728  0.99949  0.00019  0.00121  
41  0.994721  0.000299  -2.24933  -2.25000  0.00181  -2.25114  -2.24752  0.99970  0.00050  0.00110  
42  0.994584  0.000128  -2.24971  -2.25000  0.00181  -2.25152  -2.24791  0.99987  0.00067  0.00093  
43  0.995311  0.000046  -2.25010  -2.25157  0.00154  -2.25164  -2.24857  0.99935  0.00064  0.00073  
44  0.995161  0.000431  -2.24903  -2.25000  0.00161  -2.25064  -2.24742  0.99957  0.00028  0.00115  
45  0.995092  0.000531  -2.24880  -2.25000  0.00175  -2.25055  -2.24705  0.99947  0.00025  0.00131  
46  0.995221  0.000178  -2.24960  -2.25000  0.00162  -2.25122  -2.24798  0.99982  0.00054  0.00090  
47  0.994978  0.000471  -2.24894  -2.25000  0.00174  -2.25068  -2.24720  0.99953  0.00030  0.00125  
48  0.995156  0.000533  -2.24880  -2.25000  0.00164  -2.25044  -2.24716  0.99947  0.00019  0.00126  
49  0.995018  0.000858  -2.24807  -2.25000  0.00179  -2.24986  -2.24628  0.99914  0.00006  0.00165  
50  0.995048  0.000386  -2.24913  -2.25000  0.00164  -2.25077  -2.24749  0.99961  0.00034  0.00111  
51  0.995176  0.000797  -2.24821  -2.24685  0.00171  -2.24991  -2.24650  1.00060  0.00004  0.00156  
52  0.995210  0.000390  -2.24912  -2.25000  0.00167  -2.25080  -2.24745  0.99961  0.00035  0.00113  
53  0.995179  0.000510  -2.24885  -2.25000  0.00157  -2.25042  -2.24728  0.99949  0.00019  0.00121  
54  0.994883  0.000969  -2.24782  -2.25000  0.00198  -2.24980  -2.24584  0.99903  0.00009  0.00185  
55  0.995442  0.000301  -2.24932  -2.25000  0.00160  -2.25092  -2.24772  0.99970  0.00041  0.00101  
56  0.995031  0.000882  -2.24802  -2.25000  0.00188  -2.24990  -2.24614  0.99912  0.00005  0.00172  
57  0.995093  0.000060  -2.25014  -2.25000  0.00174  -2.25188  -2.24840  1.00006  0.00071  0.00083  
58  0.995060  0.000462  -2.24896  -2.25000  0.00174  -2.25070  -2.24722  0.99954  0.00031  0.00124  
