samples: 5000
burn_in: 500
steps: 100
Exact H:-2.25
   Fidelity  ROE       Mean      Median    CI Width LL on CI  UL on CI  mmRatio  Min Err  Max Err
1  0.941906  0.000640  -2.24856  -2.25000  0.00228  -2.25084  -2.24628  0.99936  0.00037  0.00165  
2  0.982455  0.000726  -2.24837  -2.25000  0.00181  -2.25018  -2.24655  0.99927  0.00008  0.00153  
3  0.988739  0.000427  -2.24904  -2.25000  0.00181  -2.25085  -2.24723  0.99957  0.00038  0.00123  
4  0.989657  0.000025  -2.24994  -2.25000  0.00178  -2.25172  -2.24816  0.99997  0.00077  0.00082  
5  0.989756  0.000461  -2.24896  -2.25000  0.00185  -2.25081  -2.24711  0.99954  0.00036  0.00128  
6  0.990281  0.000677  -2.24848  -2.25000  0.00193  -2.25040  -2.24655  0.99932  0.00018  0.00153  
7  0.990741  0.000437  -2.24902  -2.25000  0.00176  -2.25078  -2.24726  0.99956  0.00035  0.00122  
8  0.991159  0.000749  -2.24832  -2.25000  0.00176  -2.25008  -2.24656  0.99925  0.00003  0.00153  
9  0.991770  0.000545  -2.24877  -2.25000  0.00167  -2.25044  -2.24711  0.99946  0.00020  0.00129  
10  0.991879  0.000191  -2.24957  -2.25000  0.00176  -2.25133  -2.24781  0.99981  0.00059  0.00097  
11  0.992090  0.000851  -2.24809  -2.25000  0.00160  -2.24969  -2.24648  0.99915  0.00014  0.00156  
12  0.991972  0.001054  -2.24763  -2.24995  0.00181  -2.24943  -2.24582  0.99897  0.00025  0.00186  
13  0.992283  0.000370  -2.24917  -2.25000  0.00168  -2.25085  -2.24749  0.99963  0.00038  0.00112  
14  0.992533  0.000026  -2.24994  -2.25000  0.00180  -2.25174  -2.24814  0.99997  0.00077  0.00083  
15  0.992873  0.000979  -2.24780  -2.25000  0.00163  -2.24943  -2.24616  0.99902  0.00025  0.00170  
16  0.992780  0.000340  -2.24923  -2.25000  0.00166  -2.25090  -2.24757  0.99966  0.00040  0.00108  
17  0.992875  0.000344  -2.24923  -2.25000  0.00170  -2.25092  -2.24753  0.99966  0.00041  0.00110  
18  0.992878  0.000045  -2.25010  -2.24981  0.00173  -2.25183  -2.24837  1.00013  0.00072  0.00081  
19  0.993526  0.000616  -2.24862  -2.25000  0.00176  -2.25037  -2.24686  0.99938  0.00016  0.00140  
20  0.993501  0.000554  -2.24875  -2.24887  0.00179  -2.25055  -2.24696  0.99995  0.00024  0.00135  
21  0.993481  0.001170  -2.24737  -2.25000  0.00172  -2.24908  -2.24565  0.99883  0.00041  0.00193  
22  0.993942  0.000521  -2.24883  -2.25000  0.00161  -2.25044  -2.24722  0.99948  0.00020  0.00124  
23  0.993794  0.000161  -2.24964  -2.25000  0.00174  -2.25137  -2.24790  0.99984  0.00061  0.00093  
24  0.993749  0.000642  -2.24855  -2.25000  0.00169  -2.25024  -2.24686  0.99936  0.00011  0.00139  
25  0.993773  0.000412  -2.24907  -2.25000  0.00178  -2.25085  -2.24729  0.99959  0.00038  0.00120  
26  0.994431  0.000200  -2.24955  -2.25108  0.00150  -2.25105  -2.24805  0.99932  0.00047  0.00087  
27  0.994156  0.000493  -2.24889  -2.25000  0.00170  -2.25059  -2.24719  0.99951  0.00026  0.00125  
28  0.993915  0.000702  -2.24842  -2.25000  0.00155  -2.24997  -2.24688  0.99930  0.00002  0.00139  
29  0.993993  0.000656  -2.24852  -2.25000  0.00163  -2.25016  -2.24689  0.99934  0.00007  0.00138  
30  0.994376  0.000802  -2.24819  -2.25000  0.00183  -2.25003  -2.24636  0.99920  0.00001  0.00162  
31  0.994397  0.000277  -2.24938  -2.25000  0.00167  -2.25105  -2.24770  0.99972  0.00047  0.00102  
32  0.994449  0.001092  -2.24754  -2.25000  0.00170  -2.24924  -2.24585  0.99891  0.00034  0.00185  
33  0.994453  0.000185  -2.24958  -2.25000  0.00164  -2.25123  -2.24794  0.99982  0.00055  0.00091  
34  0.994292  0.000758  -2.24830  -2.25024  0.00154  -2.24983  -2.24676  0.99914  0.00007  0.00144  
35  0.994792  0.000548  -2.24877  -2.25000  0.00150  -2.25027  -2.24726  0.99945  0.00012  0.00122  
36  0.994603  0.000980  -2.24780  -2.25000  0.00163  -2.24942  -2.24617  0.99902  0.00026  0.00170  
37  0.994650  0.000253  -2.24943  -2.25000  0.00154  -2.25097  -2.24789  0.99975  0.00043  0.00094  
38  0.994453  0.000744  -2.24833  -2.25000  0.00169  -2.25002  -2.24663  0.99926  0.00001  0.00150  
39  0.994881  0.000363  -2.24918  -2.25000  0.00159  -2.25077  -2.24760  0.99964  0.00034  0.00107  
40  0.994815  0.000671  -2.24849  -2.25000  0.00147  -2.24996  -2.24702  0.99933  0.00002  0.00132  
41  0.994745  0.000194  -2.24956  -2.25277  0.00174  -2.25130  -2.24782  0.99858  0.00058  0.00097  
42  0.994934  0.000904  -2.24797  -2.25030  0.00163  -2.24960  -2.24633  0.99896  0.00018  0.00163  
43  0.995005  0.000048  -2.24989  -2.25000  0.00143  -2.25132  -2.24846  0.99995  0.00059  0.00068  
44  0.994814  0.000670  -2.24849  -2.25000  0.00172  -2.25021  -2.24678  0.99933  0.00009  0.00143  
45  0.994838  0.000498  -2.24888  -2.25000  0.00157  -2.25045  -2.24731  0.99950  0.00020  0.00120  
46  0.995112  0.000118  -2.24973  -2.25000  0.00155  -2.25128  -2.24818  0.99988  0.00057  0.00081  
47  0.995023  0.000317  -2.24929  -2.25000  0.00144  -2.25073  -2.24785  0.99968  0.00032  0.00096  
48  0.995167  0.000501  -2.24887  -2.25000  0.00154  -2.25042  -2.24733  0.99950  0.00018  0.00119  
49  0.995099  0.000667  -2.24850  -2.25000  0.00154  -2.25004  -2.24696  0.99933  0.00002  0.00135  
50  0.994500  0.000584  -2.24869  -2.25000  0.00188  -2.25056  -2.24681  0.99942  0.00025  0.00142  
51  0.994878  0.000378  -2.24915  -2.25064  0.00164  -2.25079  -2.24751  0.99934  0.00035  0.00111  
52  0.995500  0.000138  -2.25031  -2.25000  0.00138  -2.25169  -2.24893  1.00014  0.00048  0.00075  
53  0.995209  0.000597  -2.24866  -2.25000  0.00151  -2.25017  -2.24715  0.99940  0.00008  0.00127  
54  0.994859  0.000210  -2.24953  -2.25000  0.00160  -2.25112  -2.24793  0.99979  0.00050  0.00092  
55  0.995147  0.000493  -2.24889  -2.25000  0.00140  -2.25029  -2.24749  0.99951  0.00013  0.00112  
