samples: 5000
burn_in: 100
steps: 100
Exact H:-2.25
   Fidelity  ROE       Mean      Median    CI Width LL on CI  UL on CI  mmRatio  Min Err  Max Err
1  0.976372  0.001336  -2.24699  -2.25000  0.00323  -2.25023  -2.24376  0.99866  0.00010  0.00277  
2  0.987675  0.001136  -2.24744  -2.25067  0.00303  -2.25048  -2.24441  0.99857  0.00021  0.00248  
3  0.988120  0.001598  -2.24640  -2.25000  0.00295  -2.24936  -2.24345  0.99840  0.00029  0.00291  
4  0.989496  0.001232  -2.24723  -2.25000  0.00276  -2.24999  -2.24447  0.99877  0.00001  0.00246  
5  0.989883  0.000702  -2.24842  -2.25000  0.00257  -2.25099  -2.24585  0.99930  0.00044  0.00185  
6  0.989521  0.000678  -2.24848  -2.25000  0.00276  -2.25123  -2.24572  0.99932  0.00055  0.00190  
7  0.990185  0.001491  -2.24664  -2.25000  0.00260  -2.24925  -2.24404  0.99851  0.00033  0.00265  
8  0.990370  0.002172  -2.24511  -2.25000  0.00266  -2.24777  -2.24245  0.99783  0.00099  0.00335  
9  0.990731  0.000805  -2.24819  -2.25000  0.00251  -2.25070  -2.24568  0.99920  0.00031  0.00192  
10  0.991036  0.001399  -2.24685  -2.24859  0.00251  -2.24936  -2.24434  0.99923  0.00028  0.00252  
11  0.991732  0.001540  -2.24654  -2.25000  0.00229  -2.24883  -2.24424  0.99846  0.00052  0.00256  
12  0.991323  0.000499  -2.24888  -2.25000  0.00248  -2.25136  -2.24640  0.99950  0.00060  0.00160  
13  0.991679  0.001662  -2.24626  -2.25000  0.00245  -2.24872  -2.24381  0.99834  0.00057  0.00275  
14  0.991976  0.000279  -2.24937  -2.25000  0.00244  -2.25181  -2.24694  0.99972  0.00080  0.00136  
15  0.992386  0.000711  -2.24840  -2.25000  0.00242  -2.25082  -2.24598  0.99929  0.00036  0.00179  
16  0.992602  0.001450  -2.24674  -2.25000  0.00218  -2.24892  -2.24455  0.99855  0.00048  0.00242  
17  0.991659  0.000919  -2.24793  -2.24863  0.00247  -2.25040  -2.24546  0.99969  0.00018  0.00202  
18  0.992557  0.000936  -2.24790  -2.25000  0.00230  -2.25020  -2.24559  0.99906  0.00009  0.00196  
19  0.992686  0.000365  -2.24918  -2.25000  0.00207  -2.25125  -2.24710  0.99963  0.00056  0.00129  
20  0.992433  0.000859  -2.24807  -2.25000  0.00216  -2.25022  -2.24591  0.99914  0.00010  0.00182  
21  0.992849  0.000785  -2.24823  -2.25000  0.00227  -2.25051  -2.24596  0.99922  0.00023  0.00179  
22  0.992604  0.000556  -2.24875  -2.25000  0.00225  -2.25099  -2.24650  0.99944  0.00044  0.00155  
23  0.993120  0.000751  -2.24831  -2.25000  0.00219  -2.25050  -2.24612  0.99925  0.00022  0.00172  
24  0.993422  0.000599  -2.24865  -2.25000  0.00213  -2.25078  -2.24652  0.99940  0.00035  0.00154  
25  0.993540  0.001080  -2.24757  -2.24598  0.00214  -2.24971  -2.24543  1.00071  0.00013  0.00203  
26  0.993339  0.000714  -2.24839  -2.25000  0.00229  -2.25068  -2.24610  0.99929  0.00030  0.00173  
27  0.993464  0.000622  -2.24860  -2.25000  0.00232  -2.25092  -2.24628  0.99938  0.00041  0.00165  
28  0.993338  0.000663  -2.24851  -2.25000  0.00226  -2.25077  -2.24624  0.99934  0.00034  0.00167  
29  0.993353  0.000746  -2.24832  -2.25000  0.00210  -2.25042  -2.24622  0.99925  0.00019  0.00168  
30  0.993844  0.001140  -2.24743  -2.25000  0.00216  -2.24960  -2.24527  0.99886  0.00018  0.00210  
31  0.993772  0.000659  -2.24852  -2.24605  0.00237  -2.25088  -2.24615  1.00110  0.00039  0.00171  
32  0.993572  0.001039  -2.24766  -2.25000  0.00239  -2.25005  -2.24527  0.99896  0.00002  0.00210  
33  0.994232  0.000248  -2.24944  -2.24486  0.00204  -2.25148  -2.24741  1.00204  0.00066  0.00115  
34  0.994094  0.000553  -2.24876  -2.25000  0.00205  -2.25080  -2.24671  0.99945  0.00036  0.00146  
