samples: 5000
burn_in: 100
steps: 100
Exact H:-2.25
   Fidelity  ROE       Mean      Median    CI Width LL on CI  UL on CI  mmRatio  Min Err  Max Err
1  0.346531  0.116480  -1.98792  -1.95543  0.02234  -2.01026  -1.96558  1.01661  0.10655  0.12641  
2  0.495952  0.062495  -2.10939  -2.15930  0.01707  -2.12646  -2.09231  0.97689  0.05491  0.07008  
3  0.618077  0.034356  -2.17270  -2.24604  0.01318  -2.18587  -2.15952  0.96735  0.02850  0.04021  
4  0.706591  0.020812  -2.20317  -2.27059  0.01030  -2.21348  -2.19287  0.97031  0.01623  0.02539  
5  0.767262  0.014153  -2.21816  -2.27195  0.00845  -2.22661  -2.20971  0.97632  0.01040  0.01791  
6  0.810728  0.010261  -2.22691  -2.26602  0.00698  -2.23390  -2.21993  0.98274  0.00716  0.01336  
7  0.846415  0.007312  -2.23355  -2.25125  0.00593  -2.23948  -2.22761  0.99214  0.00467  0.00995  
8  0.874771  0.003400  -2.24235  -2.25301  0.00505  -2.24740  -2.23730  0.99527  0.00115  0.00565  
9  0.894815  0.004198  -2.24055  -2.25000  0.00480  -2.24536  -2.23575  0.99580  0.00206  0.00633  
10  0.911617  0.003319  -2.24253  -2.25000  0.00451  -2.24705  -2.23802  0.99668  0.00131  0.00533  
11  0.923083  0.003375  -2.24241  -2.25000  0.00438  -2.24679  -2.23803  0.99662  0.00143  0.00532  
12  0.934910  0.003627  -2.24184  -2.24647  0.00432  -2.24616  -2.23752  0.99794  0.00170  0.00555  
13  0.943507  0.004337  -2.24024  -2.25000  0.00420  -2.24445  -2.23604  0.99566  0.00247  0.00620  
14  0.950635  0.002240  -2.24496  -2.25000  0.00405  -2.24901  -2.24091  0.99776  0.00044  0.00404  
15  0.954283  0.002999  -2.24325  -2.24850  0.00404  -2.24729  -2.23921  0.99767  0.00120  0.00479  
16  0.958690  0.002280  -2.24487  -2.25000  0.00418  -2.24906  -2.24069  0.99772  0.00042  0.00414  
17  0.962564  0.003666  -2.24175  -2.25000  0.00410  -2.24585  -2.23765  0.99633  0.00184  0.00549  
18  0.965057  0.002554  -2.24425  -2.25000  0.00413  -2.24838  -2.24012  0.99745  0.00072  0.00439  
19  0.967926  0.002835  -2.24362  -2.25000  0.00411  -2.24773  -2.23952  0.99716  0.00101  0.00466  
20  0.970161  0.001692  -2.24619  -2.25000  0.00404  -2.25023  -2.24215  0.99831  0.00010  0.00349  
21  0.971712  0.002901  -2.24347  -2.25000  0.00427  -2.24774  -2.23921  0.99710  0.00100  0.00480  
22  0.973920  0.001937  -2.24564  -2.25000  0.00419  -2.24983  -2.24145  0.99806  0.00007  0.00380  
23  0.975477  0.003169  -2.24287  -2.25000  0.00411  -2.24698  -2.23876  0.99683  0.00134  0.00499  
24  0.976546  0.003767  -2.24152  -2.25000  0.00411  -2.24563  -2.23741  0.99623  0.00194  0.00559  
25  0.977519  0.002957  -2.24335  -2.25000  0.00401  -2.24735  -2.23934  0.99704  0.00118  0.00474  
26  0.978004  0.001825  -2.24589  -2.25000  0.00402  -2.24991  -2.24188  0.99817  0.00004  0.00361  
27  0.978148  0.003071  -2.24309  -2.25000  0.00406  -2.24715  -2.23903  0.99693  0.00127  0.00487  
28  0.978932  0.004011  -2.24098  -2.25000  0.00410  -2.24507  -2.23688  0.99599  0.00219  0.00583  
29  0.979173  0.002137  -2.24519  -2.25000  0.00401  -2.24920  -2.24118  0.99786  0.00035  0.00392  
30  0.979547  0.004491  -2.23990  -2.25000  0.00401  -2.24390  -2.23589  0.99551  0.00271  0.00627  
31  0.981020  0.002330  -2.24476  -2.25000  0.00391  -2.24867  -2.24085  0.99767  0.00059  0.00407  
32  0.981592  0.002231  -2.24498  -2.25000  0.00391  -2.24889  -2.24107  0.99777  0.00049  0.00397  
33  0.981670  0.003409  -2.24233  -2.25000  0.00383  -2.24616  -2.23850  0.99659  0.00171  0.00511  
34  0.981887  0.002357  -2.24470  -2.25000  0.00378  -2.24848  -2.24091  0.99764  0.00068  0.00404  
35  0.982136  0.001831  -2.24588  -2.25000  0.00369  -2.24957  -2.24219  0.99817  0.00019  0.00347  
36  0.982559  0.003438  -2.24227  -2.25000  0.00388  -2.24614  -2.23839  0.99656  0.00172  0.00516  
37  0.982637  0.002682  -2.24397  -2.25000  0.00385  -2.24782  -2.24011  0.99732  0.00097  0.00440  
38  0.982900  0.002747  -2.24382  -2.25000  0.00389  -2.24771  -2.23992  0.99725  0.00102  0.00448  
