0.4369696081 0.0000000000
0.2277086079 0.0000000000
0.1457995325 0.0000000000
0.1891871542 0.0000000000
0.1385787576 0.0000000000
0.0866561159 0.0000000000
0.1124435961 0.0000000000
0.1891871542 0.0000000000
0.1457995325 0.0000000000
0.0814905912 0.0000000000
0.0585953221 0.0000000000
0.0866561159 0.0000000000
0.1124435961 0.0000000000
0.0814905912 0.0000000000
0.1226048917 0.0000000000
0.2277086079 0.0000000000
0.2277086079 0.0000000000
0.1226048917 0.0000000000
0.0814905912 0.0000000000
0.1124435961 0.0000000000
0.0866561159 0.0000000000
0.0585953221 0.0000000000
0.0814905912 0.0000000000
0.1457995325 0.0000000000
0.1891871542 0.0000000000
0.1124435961 0.0000000000
0.0866561159 0.0000000000
0.1385787576 0.0000000000
0.1891871542 0.0000000000
0.1457995325 0.0000000000
0.2277086079 0.0000000000
0.4369696081 0.0000000000
