0.2458785027 0.0000000000
0.1484008729 0.0000000000
0.1483974159 0.0000000000
0.0844161212 0.0000000000
0.1483885199 0.0000000000
0.0844203532 0.0000000000
0.0844197720 0.0000000000
0.0454949476 0.0000000000
0.1483730376 0.0000000000
0.0844248310 0.0000000000
0.0844242498 0.0000000000
0.0455042906 0.0000000000
0.0844221860 0.0000000000
0.0455062017 0.0000000000
0.0455066077 0.0000000000
0.0232081600 0.0000000000
0.1483532339 0.0000000000
0.0844267905 0.0000000000
0.0844262019 0.0000000000
0.0455122441 0.0000000000
0.0844241381 0.0000000000
0.0455141552 0.0000000000
0.0455145612 0.0000000000
0.0232160166 0.0000000000
0.0844207406 0.0000000000
0.0455159321 0.0000000000
0.0455163345 0.0000000000
0.0232189056 0.0000000000
0.0455167927 0.0000000000
0.0232196767 0.0000000000
0.0232202802 0.0000000000
0.0111181121 0.0000000000
0.1483354867 0.0000000000
0.0844265521 0.0000000000
0.0844259560 0.0000000000
0.0455172546 0.0000000000
0.0844238847 0.0000000000
0.0455191694 0.0000000000
0.0455195718 0.0000000000
0.0232214052 0.0000000000
0.0844204798 0.0000000000
0.0455209427 0.0000000000
0.0455213450 0.0000000000
0.0232242979 0.0000000000
0.0455217995 0.0000000000
0.0232250709 0.0000000000
0.0232256744 0.0000000000
0.0111223459 0.0000000000
0.0844169930 0.0000000000
0.0455219410 0.0000000000
0.0455223396 0.0000000000
0.0232263897 0.0000000000
0.0455227941 0.0000000000
0.0232271627 0.0000000000
0.0232277643 0.0000000000
0.0111242691 0.0000000000
0.0455237962 0.0000000000
0.0232277159 0.0000000000
0.0232283175 0.0000000000
0.0111245578 0.0000000000
0.0232294165 0.0000000000
0.0111248093 0.0000000000
0.0111253290 0.0000000000
0.0049049980 0.0000000000
0.1483243406 0.0000000000
0.0844253004 0.0000000000
0.0844247118 0.0000000000
0.0455192365 0.0000000000
0.0844226331 0.0000000000
0.0455211513 0.0000000000
0.0455215536 0.0000000000
0.0232238807 0.0000000000
0.0844192281 0.0000000000
0.0455229282 0.0000000000
0.0455233306 0.0000000000
0.0232267752 0.0000000000
0.0455237851 0.0000000000
0.0232275501 0.0000000000
0.0232281517 0.0000000000
0.0111243855 0.0000000000
0.0844157338 0.0000000000
0.0455239266 0.0000000000
0.0455243252 0.0000000000
0.0232288688 0.0000000000
0.0455247760 0.0000000000
0.0232296437 0.0000000000
0.0232302453 0.0000000000
0.0111263106 0.0000000000
0.0455257744 0.0000000000
0.0232301969 0.0000000000
0.0232307967 0.0000000000
0.0111266011 0.0000000000
0.0232318956 0.0000000000
0.0111268526 0.0000000000
0.0111273723 0.0000000000
0.0049064294 0.0000000000
0.0844136924 0.0000000000
0.0455243699 0.0000000000
0.0455247723 0.0000000000
0.0232299455 0.0000000000
0.0455252230 0.0000000000
0.0232307203 0.0000000000
0.0232313201 0.0000000000
0.0111273210 0.0000000000
0.0455262177 0.0000000000
0.0232312735 0.0000000000
0.0232318733 0.0000000000
0.0111276116 0.0000000000
0.0232329722 0.0000000000
0.0111278640 0.0000000000
0.0111283828 0.0000000000
0.0049071820 0.0000000000
0.0455284119 0.0000000000
0.0232317485 0.0000000000
0.0232323501 0.0000000000
0.0111274645 0.0000000000
0.0232334472 0.0000000000
0.0111277159 0.0000000000
0.0111282356 0.0000000000
0.0049068844 0.0000000000
0.0232355222 0.0000000000
0.0111277746 0.0000000000
0.0111282943 0.0000000000
0.0049063307 0.0000000000
0.0111293262 0.0000000000
0.0049063680 0.0000000000
0.0049067405 0.0000000000
0.0019008478 0.0000000000
0.1483214498 0.0000000000
0.0844246522 0.0000000000
0.0844240561 0.0000000000
0.0455194041 0.0000000000
0.0844219849 0.0000000000
0.0455213189 0.0000000000
0.0455217175 0.0000000000
0.0232242495 0.0000000000
0.0844185725 0.0000000000
0.0455230959 0.0000000000
0.0455234945 0.0000000000
0.0232271459 0.0000000000
0.0455239490 0.0000000000
0.0232279189 0.0000000000
0.0232285205 0.0000000000
0.0111247282 0.0000000000
0.0844150782 0.0000000000
0.0455240905 0.0000000000
0.0455244891 0.0000000000
0.0232292395 0.0000000000
0.0455249436 0.0000000000
0.0232300125 0.0000000000
0.0232306141 0.0000000000
0.0111266542 0.0000000000
0.0455259383 0.0000000000
0.0232305657 0.0000000000
0.0232311673 0.0000000000
0.0111269448 0.0000000000
0.0232322663 0.0000000000
0.0111271963 0.0000000000
0.0111277159 0.0000000000
0.0049066842 0.0000000000
0.0844130367 0.0000000000
0.0455245376 0.0000000000
0.0455249362 0.0000000000
0.0232303161 0.0000000000
0.0455253869 0.0000000000
0.0232310910 0.0000000000
0.0232316907 0.0000000000
0.0111276647 0.0000000000
0.0455263816 0.0000000000
0.0232316442 0.0000000000
0.0232322440 0.0000000000
0.0111279562 0.0000000000
0.0232333429 0.0000000000
0.0111282077 0.0000000000
0.0111287273 0.0000000000
0.0049074371 0.0000000000
0.0455285758 0.0000000000
0.0232321192 0.0000000000
0.0232327208 0.0000000000
0.0111278091 0.0000000000
0.0232338179 0.0000000000
0.0111280605 0.0000000000
0.0111285802 0.0000000000
0.0049071400 0.0000000000
0.0232358929 0.0000000000
0.0111281192 0.0000000000
0.0111286389 0.0000000000
0.0049065859 0.0000000000
0.0111296708 0.0000000000
0.0049066236 0.0000000000
0.0049069962 0.0000000000
0.0019010167 0.0000000000
0.0844129175 0.0000000000
0.0455248803 0.0000000000
0.0455252789 0.0000000000
0.0232307166 0.0000000000
0.0455257297 0.0000000000
0.0232314914 0.0000000000
0.0232320931 0.0000000000
0.0111279879 0.0000000000
0.0455267243 0.0000000000
0.0232320447 0.0000000000
0.0232326463 0.0000000000
0.0111282794 0.0000000000
0.0232337434 0.0000000000
0.0111285318 0.0000000000
0.0111290505 0.0000000000
0.0049076611 0.0000000000
0.0455289185 0.0000000000
0.0232325196 0.0000000000
0.0232331213 0.0000000000
0.0111281322 0.0000000000
0.0232342184 0.0000000000
0.0111283846 0.0000000000
0.0111289043 0.0000000000
0.0049073640 0.0000000000
0.0232362933 0.0000000000
0.0111284433 0.0000000000
0.0111289630 0.0000000000
0.0049068104 0.0000000000
0.0111299939 0.0000000000
0.0049068481 0.0000000000
0.0049072206 0.0000000000
0.0019011586 0.0000000000
0.0455320552 0.0000000000
0.0232330672 0.0000000000
0.0232336689 0.0000000000
0.0111277821 0.0000000000
0.0232347660 0.0000000000
0.0111280335 0.0000000000
0.0111285532 0.0000000000
0.0049068299 0.0000000000
0.0232368428 0.0000000000
0.0111280922 0.0000000000
0.0111286119 0.0000000000
0.0049062758 0.0000000000
0.0111296438 0.0000000000
0.0049063130 0.0000000000
0.0049066856 0.0000000000
0.0019006953 0.0000000000
0.0232402198 0.0000000000
0.0111282999 0.0000000000
0.0111288205 0.0000000000
0.0049054949 0.0000000000
0.0111298533 0.0000000000
0.0049055316 0.0000000000
0.0049059046 0.0000000000
0.0018998047 0.0000000000
0.0111317625 0.0000000000
0.0049054287 0.0000000000
0.0049058022 0.0000000000
0.0018991291 0.0000000000
0.0049065719 0.0000000000
0.0018990937 0.0000000000
0.0018993351 0.0000000000
0.0005581138 0.0000000000
0.1483203769 0.0000000000
0.0844243690 0.0000000000
0.0844237730 0.0000000000
0.0455194227 0.0000000000
0.0844216943 0.0000000000
0.0455213375 0.0000000000
0.0455217399 0.0000000000
0.0232243557 0.0000000000
0.0844182894 0.0000000000
0.0455231145 0.0000000000
0.0455235168 0.0000000000
0.0232272521 0.0000000000
0.0455239676 0.0000000000
0.0232280251 0.0000000000
0.0232286267 0.0000000000
0.0111248344 0.0000000000
0.0844147876 0.0000000000
0.0455241129 0.0000000000
0.0455245115 0.0000000000
0.0232293457 0.0000000000
0.0455249622 0.0000000000
0.0232301187 0.0000000000
0.0232307203 0.0000000000
0.0111267604 0.0000000000
0.0455259606 0.0000000000
0.0232306719 0.0000000000
0.0232312735 0.0000000000
0.0111270510 0.0000000000
0.0232323725 0.0000000000
0.0111273034 0.0000000000
0.0111278230 0.0000000000
0.0049067657 0.0000000000
0.0844127536 0.0000000000
0.0455245562 0.0000000000
0.0455249548 0.0000000000
0.0232304223 0.0000000000
0.0455254056 0.0000000000
0.0232311971 0.0000000000
0.0232317969 0.0000000000
0.0111277709 0.0000000000
0.0455264039 0.0000000000
0.0232317504 0.0000000000
0.0232323501 0.0000000000
0.0111280624 0.0000000000
0.0232334491 0.0000000000
0.0111283148 0.0000000000
0.0111288335 0.0000000000
0.0049075186 0.0000000000
0.0455285981 0.0000000000
0.0232322253 0.0000000000
0.0232328270 0.0000000000
0.0111279162 0.0000000000
0.0232339241 0.0000000000
0.0111281676 0.0000000000
0.0111286873 0.0000000000
0.0049072215 0.0000000000
0.0232359990 0.0000000000
0.0111282263 0.0000000000
0.0111287460 0.0000000000
0.0049066679 0.0000000000
0.0111297769 0.0000000000
0.0049067056 0.0000000000
0.0049070781 0.0000000000
0.0019010718 0.0000000000
0.0844126344 0.0000000000
0.0455249026 0.0000000000
0.0455253012 0.0000000000
0.0232308228 0.0000000000
0.0455257520 0.0000000000
0.0232315976 0.0000000000
0.0232321993 0.0000000000
0.0111280950 0.0000000000
0.0455267467 0.0000000000
0.0232321508 0.0000000000
0.0232327525 0.0000000000
0.0111283865 0.0000000000
0.0232338496 0.0000000000
0.0111286379 0.0000000000
0.0111291576 0.0000000000
0.0049077431 0.0000000000
0.0455289371 0.0000000000
0.0232326258 0.0000000000
0.0232332274 0.0000000000
0.0111282393 0.0000000000
0.0232343245 0.0000000000
0.0111284917 0.0000000000
0.0111290105 0.0000000000
0.0049074460 0.0000000000
0.0232363995 0.0000000000
0.0111285495 0.0000000000
0.0111290691 0.0000000000
0.0049068928 0.0000000000
0.0111301010 0.0000000000
0.0049069300 0.0000000000
0.0049073026 0.0000000000
0.0019012138 0.0000000000
0.0455320738 0.0000000000
0.0232331734 0.0000000000
0.0232337750 0.0000000000
0.0111278892 0.0000000000
0.0232348721 0.0000000000
0.0111281406 0.0000000000
0.0111286603 0.0000000000
0.0049069119 0.0000000000
0.0232369490 0.0000000000
0.0111281993 0.0000000000
0.0111287190 0.0000000000
0.0049063577 0.0000000000
0.0111297509 0.0000000000
0.0049063950 0.0000000000
0.0049067675 0.0000000000
0.0019007504 0.0000000000
0.0232403260 0.0000000000
0.0111284070 0.0000000000
0.0111289276 0.0000000000
0.0049055768 0.0000000000
0.0111299604 0.0000000000
0.0049056141 0.0000000000
0.0049059871 0.0000000000
0.0018998600 0.0000000000
0.0111318696 0.0000000000
0.0049055112 0.0000000000
0.0049058842 0.0000000000
0.0018991844 0.0000000000
0.0049066539 0.0000000000
0.0018991490 0.0000000000
0.0018993905 0.0000000000
0.0005581481 0.0000000000
0.0844121575 0.0000000000
0.0455251522 0.0000000000
0.0455255546 0.0000000000
0.0232312325 0.0000000000
0.0455260016 0.0000000000
0.0232320074 0.0000000000
0.0232326072 0.0000000000
0.0111284535 0.0000000000
0.0455269963 0.0000000000
0.0232325606 0.0000000000
0.0232331604 0.0000000000
0.0111287450 0.0000000000
0.0232342575 0.0000000000
0.0111289974 0.0000000000
0.0111295162 0.0000000000
0.0049080024 0.0000000000
0.0455291905 0.0000000000
0.0232330356 0.0000000000
0.0232336372 0.0000000000
0.0111285988 0.0000000000
0.0232347343 0.0000000000
0.0111288512 0.0000000000
0.0111293700 0.0000000000
0.0049077058 0.0000000000
0.0232368074 0.0000000000
0.0111289099 0.0000000000
0.0111294286 0.0000000000
0.0049071526 0.0000000000
0.0111304605 0.0000000000
0.0049071899 0.0000000000
0.0049075624 0.0000000000
0.0019013829 0.0000000000
0.0455323234 0.0000000000
0.0232335813 0.0000000000
0.0232341830 0.0000000000
0.0111282486 0.0000000000
0.0232352819 0.0000000000
0.0111285001 0.0000000000
0.0111290198 0.0000000000
0.0049071717 0.0000000000
0.0232373569 0.0000000000
0.0111285588 0.0000000000
0.0111290785 0.0000000000
0.0049066180 0.0000000000
0.0111301104 0.0000000000
0.0049066553 0.0000000000
0.0049070278 0.0000000000
0.0019009198 0.0000000000
0.0232407339 0.0000000000
0.0111287674 0.0000000000
0.0111292871 0.0000000000
0.0049058371 0.0000000000
0.0111303199 0.0000000000
0.0049058744 0.0000000000
0.0049062474 0.0000000000
0.0019000294 0.0000000000
0.0111322291 0.0000000000
0.0049057715 0.0000000000
0.0049061449 0.0000000000
0.0018993540 0.0000000000
0.0049069142 0.0000000000
0.0018993187 0.0000000000
0.0018995600 0.0000000000
0.0005582507 0.0000000000
0.0455355197 0.0000000000
0.0232343208 0.0000000000
0.0232349224 0.0000000000
0.0111280829 0.0000000000
0.0232360214 0.0000000000
0.0111283343 0.0000000000
0.0111288540 0.0000000000
0.0049067768 0.0000000000
0.0232380982 0.0000000000
0.0111283930 0.0000000000
0.0111289127 0.0000000000
0.0049062222 0.0000000000
0.0111299455 0.0000000000
0.0049062595 0.0000000000
0.0049066325 0.0000000000
0.0019005494 0.0000000000
0.0232414752 0.0000000000
0.0111286016 0.0000000000
0.0111291213 0.0000000000
0.0049054408 0.0000000000
0.0111301551 0.0000000000
0.0049054781 0.0000000000
0.0049058511 0.0000000000
0.0018996584 0.0000000000
0.0111320643 0.0000000000
0.0049053752 0.0000000000
0.0049057486 0.0000000000
0.0018989827 0.0000000000
0.0049065184 0.0000000000
0.0018989473 0.0000000000
0.0018991886 0.0000000000
0.0005579744 0.0000000000
0.0232454184 0.0000000000
0.0111290496 0.0000000000
0.0111295702 0.0000000000
0.0049047465 0.0000000000
0.0111306049 0.0000000000
0.0049047833 0.0000000000
0.0049051568 0.0000000000
0.0018987883 0.0000000000
0.0111325160 0.0000000000
0.0049046804 0.0000000000
0.0049050539 0.0000000000
0.0018981117 0.0000000000
0.0049058241 0.0000000000
0.0018980762 0.0000000000
0.0018983177 0.0000000000
0.0005572565 0.0000000000
0.0111354543 0.0000000000
0.0049047600 0.0000000000
0.0049051340 0.0000000000
0.0018973245 0.0000000000
0.0049059056 0.0000000000
0.0018972888 0.0000000000
0.0018975306 0.0000000000
0.0005563977 0.0000000000
0.0049073175 0.0000000000
0.0018971618 0.0000000000
0.0018974040 0.0000000000
0.0005558442 0.0000000000
0.0018979149 0.0000000000
0.0005557953 0.0000000000
0.0005559410 0.0000000000
0.0000262932 0.0000000000
0.1483193785 0.0000000000
0.0844241455 0.0000000000
0.0844235495 0.0000000000
0.0455194823 0.0000000000
0.0844214782 0.0000000000
0.0455213971 0.0000000000
0.0455217995 0.0000000000
0.0232244842 0.0000000000
0.0844180658 0.0000000000
0.0455231741 0.0000000000
0.0455235764 0.0000000000
0.0232273806 0.0000000000
0.0455240272 0.0000000000
0.0232281536 0.0000000000
0.0232287552 0.0000000000
0.0111249546 0.0000000000
0.0844145641 0.0000000000
0.0455241725 0.0000000000
0.0455245711 0.0000000000
0.0232294761 0.0000000000
0.0455250219 0.0000000000
0.0232302491 0.0000000000
0.0232308507 0.0000000000
0.0111268805 0.0000000000
0.0455260202 0.0000000000
0.0232308023 0.0000000000
0.0232314039 0.0000000000
0.0111271711 0.0000000000
0.0232325010 0.0000000000
0.0111274235 0.0000000000
0.0111279422 0.0000000000
0.0049068546 0.0000000000
0.0844125301 0.0000000000
0.0455246158 0.0000000000
0.0455250144 0.0000000000
0.0232305527 0.0000000000
0.0455254652 0.0000000000
0.0232313257 0.0000000000
0.0232319273 0.0000000000
0.0111278910 0.0000000000
0.0455264635 0.0000000000
0.0232318789 0.0000000000
0.0232324805 0.0000000000
0.0111281825 0.0000000000
0.0232335776 0.0000000000
0.0111284349 0.0000000000
0.0111289537 0.0000000000
0.0049076076 0.0000000000
0.0455286540 0.0000000000
0.0232323557 0.0000000000
0.0232329555 0.0000000000
0.0111280363 0.0000000000
0.0232340544 0.0000000000
0.0111282878 0.0000000000
0.0111288074 0.0000000000
0.0049073105 0.0000000000
0.0232361294 0.0000000000
0.0111283464 0.0000000000
0.0111288661 0.0000000000
0.0049067573 0.0000000000
0.0111298971 0.0000000000
0.0049067945 0.0000000000
0.0049071671 0.0000000000
0.0019011305 0.0000000000
0.0844124034 0.0000000000
0.0455249622 0.0000000000
0.0455253609 0.0000000000
0.0232309531 0.0000000000
0.0455258116 0.0000000000
0.0232317280 0.0000000000
0.0232323278 0.0000000000
0.0111282142 0.0000000000
0.0455268063 0.0000000000
0.0232322812 0.0000000000
0.0232328810 0.0000000000
0.0111285066 0.0000000000
0.0232339799 0.0000000000
0.0111287581 0.0000000000
0.0111292778 0.0000000000
0.0049078320 0.0000000000
0.0455289967 0.0000000000
0.0232327562 0.0000000000
0.0232333578 0.0000000000
0.0111283595 0.0000000000
0.0232344549 0.0000000000
0.0111286119 0.0000000000
0.0111291315 0.0000000000
0.0049075349 0.0000000000
0.0232365299 0.0000000000
0.0111286705 0.0000000000
0.0111291902 0.0000000000
0.0049069817 0.0000000000
0.0111302212 0.0000000000
0.0049070190 0.0000000000
0.0049073915 0.0000000000
0.0019012726 0.0000000000
0.0455321334 0.0000000000
0.0232333019 0.0000000000
0.0232339036 0.0000000000
0.0111280093 0.0000000000
0.0232350025 0.0000000000
0.0111282608 0.0000000000
0.0111287804 0.0000000000
0.0049070008 0.0000000000
0.0232370775 0.0000000000
0.0111283194 0.0000000000
0.0111288391 0.0000000000
0.0049064467 0.0000000000
0.0111298710 0.0000000000
0.0049064844 0.0000000000
0.0049068569 0.0000000000
0.0019008094 0.0000000000
0.0232404545 0.0000000000
0.0111285280 0.0000000000
0.0111290477 0.0000000000
0.0049056658 0.0000000000
0.0111300815 0.0000000000
0.0049057030 0.0000000000
0.0049060760 0.0000000000
0.0018999189 0.0000000000
0.0111319898 0.0000000000
0.0049056001 0.0000000000
0.0049059736 0.0000000000
0.0018992433 0.0000000000
0.0049067433 0.0000000000
0.0018992081 0.0000000000
0.0018994494 0.0000000000
0.0005581842 0.0000000000
0.0844119340 0.0000000000
0.0455252118 0.0000000000
0.0455256142 0.0000000000
0.0232313629 0.0000000000
0.0455260612 0.0000000000
0.0232321359 0.0000000000
0.0232327376 0.0000000000
0.0111285737 0.0000000000
0.0455270559 0.0000000000
0.0232326891 0.0000000000
0.0232332908 0.0000000000
0.0111288652 0.0000000000
0.0232343879 0.0000000000
0.0111291176 0.0000000000
0.0111296363 0.0000000000
0.0049080914 0.0000000000
0.0455292501 0.0000000000
0.0232331660 0.0000000000
0.0232337657 0.0000000000
0.0111287190 0.0000000000
0.0232348647 0.0000000000
0.0111289714 0.0000000000
0.0111294901 0.0000000000
0.0049077948 0.0000000000
0.0232369378 0.0000000000
0.0111290300 0.0000000000
0.0111295497 0.0000000000
0.0049072416 0.0000000000
0.0111305807 0.0000000000
0.0049072793 0.0000000000
0.0049076518 0.0000000000
0.0019014417 0.0000000000
0.0455323830 0.0000000000
0.0232337117 0.0000000000
0.0232343134 0.0000000000
0.0111283688 0.0000000000
0.0232354123 0.0000000000
0.0111286212 0.0000000000
0.0111291399 0.0000000000
0.0049072611 0.0000000000
0.0232374873 0.0000000000
0.0111286789 0.0000000000
0.0111291986 0.0000000000
0.0049067070 0.0000000000
0.0111302305 0.0000000000
0.0049067447 0.0000000000
0.0049071172 0.0000000000
0.0019009786 0.0000000000
0.0232408624 0.0000000000
0.0111288875 0.0000000000
0.0111294081 0.0000000000
0.0049059265 0.0000000000
0.0111304410 0.0000000000
0.0049059638 0.0000000000
0.0049063363 0.0000000000
0.0019000883 0.0000000000
0.0111323493 0.0000000000
0.0049058609 0.0000000000
0.0049062339 0.0000000000
0.0018994129 0.0000000000
0.0049070036 0.0000000000
0.0018993776 0.0000000000
0.0018996189 0.0000000000
0.0005582867 0.0000000000
0.0455355793 0.0000000000
0.0232344493 0.0000000000
0.0232350510 0.0000000000
0.0111282030 0.0000000000
0.0232361499 0.0000000000
0.0111284554 0.0000000000
0.0111289751 0.0000000000
0.0049068662 0.0000000000
0.0232382268 0.0000000000
0.0111285131 0.0000000000
0.0111290328 0.0000000000
0.0049063116 0.0000000000
0.0111300657 0.0000000000
0.0049063489 0.0000000000
0.0049067219 0.0000000000
0.0019006082 0.0000000000
0.0232416056 0.0000000000
0.0111287218 0.0000000000
0.0111292424 0.0000000000
0.0049055303 0.0000000000
0.0111302752 0.0000000000
0.0049055675 0.0000000000
0.0049059405 0.0000000000
0.0018997174 0.0000000000
0.0111321844 0.0000000000
0.0049054646 0.0000000000
0.0049058376 0.0000000000
0.0018990417 0.0000000000
0.0049066078 0.0000000000
0.0018990062 0.0000000000
0.0018992476 0.0000000000
0.0005580104 0.0000000000
0.0232455488 0.0000000000
0.0111291697 0.0000000000
0.0111296913 0.0000000000
0.0049048360 0.0000000000
0.0111307250 0.0000000000
0.0049048727 0.0000000000
0.0049052462 0.0000000000
0.0018988473 0.0000000000
0.0111326370 0.0000000000
0.0049047694 0.0000000000
0.0049051433 0.0000000000
0.0018981707 0.0000000000
0.0049059135 0.0000000000
0.0018981352 0.0000000000
0.0018983767 0.0000000000
0.0005572927 0.0000000000
0.0111355744 0.0000000000
0.0049048495 0.0000000000
0.0049052234 0.0000000000
0.0018973836 0.0000000000
0.0049059945 0.0000000000
0.0018973479 0.0000000000
0.0018975897 0.0000000000
0.0005564337 0.0000000000
0.0049074064 0.0000000000
0.0018972210 0.0000000000
0.0018974630 0.0000000000
0.0005558803 0.0000000000
0.0018979739 0.0000000000
0.0005558315 0.0000000000
0.0005559771 0.0000000000
0.0000263140 0.0000000000
0.0844113901 0.0000000000
0.0455253012 0.0000000000
0.0455256999 0.0000000000
0.0232316144 0.0000000000
0.0455261469 0.0000000000
0.0232323892 0.0000000000
0.0232329909 0.0000000000
0.0111288158 0.0000000000
0.0455271415 0.0000000000
0.0232329424 0.0000000000
0.0232335441 0.0000000000
0.0111291083 0.0000000000
0.0232346412 0.0000000000
0.0111293606 0.0000000000
0.0111298794 0.0000000000
0.0049082739 0.0000000000
0.0455293320 0.0000000000
0.0232334174 0.0000000000
0.0232340191 0.0000000000
0.0111289620 0.0000000000
0.0232351162 0.0000000000
0.0111292144 0.0000000000
0.0111297341 0.0000000000
0.0049079778 0.0000000000
0.0232371911 0.0000000000
0.0111292731 0.0000000000
0.0111297928 0.0000000000
0.0049074246 0.0000000000
0.0111308238 0.0000000000
0.0049074623 0.0000000000
0.0049078348 0.0000000000
0.0019015636 0.0000000000
0.0455324650 0.0000000000
0.0232339650 0.0000000000
0.0232345667 0.0000000000
0.0111286119 0.0000000000
0.0232356638 0.0000000000
0.0111288643 0.0000000000
0.0111293839 0.0000000000
0.0049074441 0.0000000000
0.0232377388 0.0000000000
0.0111289229 0.0000000000
0.0111294426 0.0000000000
0.0049068904 0.0000000000
0.0111304745 0.0000000000
0.0049069277 0.0000000000
0.0049073002 0.0000000000
0.0019011007 0.0000000000
0.0232411157 0.0000000000
0.0111291306 0.0000000000
0.0111296512 0.0000000000
0.0049061095 0.0000000000
0.0111306841 0.0000000000
0.0049061468 0.0000000000
0.0049065198 0.0000000000
0.0019002105 0.0000000000
0.0111325923 0.0000000000
0.0049060439 0.0000000000
0.0049064173 0.0000000000
0.0018995352 0.0000000000
0.0049071866 0.0000000000
0.0018994998 0.0000000000
0.0018997411 0.0000000000
0.0005583620 0.0000000000
0.0455356613 0.0000000000
0.0232347026 0.0000000000
0.0232353043 0.0000000000
0.0111284470 0.0000000000
0.0232364032 0.0000000000
0.0111286985 0.0000000000
0.0111292182 0.0000000000
0.0049070492 0.0000000000
0.0232384801 0.0000000000
0.0111287571 0.0000000000
0.0111292768 0.0000000000
0.0049064946 0.0000000000
0.0111303087 0.0000000000
0.0049065324 0.0000000000
0.0049069049 0.0000000000
0.0019007303 0.0000000000
0.0232418571 0.0000000000
0.0111289648 0.0000000000
0.0111294854 0.0000000000
0.0049057137 0.0000000000
0.0111305183 0.0000000000
0.0049057510 0.0000000000
0.0049061240 0.0000000000
0.0018998396 0.0000000000
0.0111324275 0.0000000000
0.0049056476 0.0000000000
0.0049060211 0.0000000000
0.0018991639 0.0000000000
0.0049067908 0.0000000000
0.0018991285 0.0000000000
0.0018993700 0.0000000000
0.0005580857 0.0000000000
0.0232458003 0.0000000000
0.0111294137 0.0000000000
0.0111299343 0.0000000000
0.0049050194 0.0000000000
0.0111309681 0.0000000000
0.0049050562 0.0000000000
0.0049054297 0.0000000000
0.0018989695 0.0000000000
0.0111328801 0.0000000000
0.0049049528 0.0000000000
0.0049053268 0.0000000000
0.0018982930 0.0000000000
0.0049060970 0.0000000000
0.0018982575 0.0000000000
0.0018984991 0.0000000000
0.0005573680 0.0000000000
0.0111358175 0.0000000000
0.0049050329 0.0000000000
0.0049054069 0.0000000000
0.0018975060 0.0000000000
0.0049061780 0.0000000000
0.0018974703 0.0000000000
0.0018977121 0.0000000000
0.0005565092 0.0000000000
0.0049075899 0.0000000000
0.0018973434 0.0000000000
0.0018975855 0.0000000000
0.0005559557 0.0000000000
0.0018980964 0.0000000000
0.0005559070 0.0000000000
0.0005560525 0.0000000000
0.0000263577 0.0000000000
0.0455360189 0.0000000000
0.0232351664 0.0000000000
0.0232357681 0.0000000000
0.0111288326 0.0000000000
0.0232368670 0.0000000000
0.0111290840 0.0000000000
0.0111296037 0.0000000000
0.0049073207 0.0000000000
0.0232389420 0.0000000000
0.0111291427 0.0000000000
0.0111296624 0.0000000000
0.0049067666 0.0000000000
0.0111306943 0.0000000000
0.0049068038 0.0000000000
0.0049071768 0.0000000000
0.0019009042 0.0000000000
0.0232423190 0.0000000000
0.0111293504 0.0000000000
0.0111298710 0.0000000000
0.0049059857 0.0000000000
0.0111309048 0.0000000000
0.0049060229 0.0000000000
0.0049063959 0.0000000000
0.0019000135 0.0000000000
0.0111328131 0.0000000000
0.0049059200 0.0000000000
0.0049062930 0.0000000000
0.0018993380 0.0000000000
0.0049070627 0.0000000000
0.0018993026 0.0000000000
0.0018995440 0.0000000000
0.0005581896 0.0000000000
0.0232462622 0.0000000000
0.0111297993 0.0000000000
0.0111303199 0.0000000000
0.0049052914 0.0000000000
0.0111313546 0.0000000000
0.0049053282 0.0000000000
0.0049057016 0.0000000000
0.0018991437 0.0000000000
0.0111332657 0.0000000000
0.0049052252 0.0000000000
0.0049055987 0.0000000000
0.0018984672 0.0000000000
0.0049063689 0.0000000000
0.0018984317 0.0000000000
0.0018986732 0.0000000000
0.0005574720 0.0000000000
0.0111362031 0.0000000000
0.0049053049 0.0000000000
0.0049056788 0.0000000000
0.0018976802 0.0000000000
0.0049064504 0.0000000000
0.0018976446 0.0000000000
0.0018978864 0.0000000000
0.0005566133 0.0000000000
0.0049078618 0.0000000000
0.0018975177 0.0000000000
0.0018977597 0.0000000000
0.0005560599 0.0000000000
0.0018982707 0.0000000000
0.0005560111 0.0000000000
0.0005561567 0.0000000000
0.0000264164 0.0000000000
0.0232497007 0.0000000000
0.0111304820 0.0000000000
0.0111310035 0.0000000000
0.0049049952 0.0000000000
0.0111320382 0.0000000000
0.0049050320 0.0000000000
0.0049054059 0.0000000000
0.0018986268 0.0000000000
0.0111339511 0.0000000000
0.0049049286 0.0000000000
0.0049053025 0.0000000000
0.0018979497 0.0000000000
0.0049060732 0.0000000000
0.0018979141 0.0000000000
0.0018981558 0.0000000000
0.0005570109 0.0000000000
0.0111368904 0.0000000000
0.0049050087 0.0000000000
0.0049053826 0.0000000000
0.0018971622 0.0000000000
0.0049061547 0.0000000000
0.0018971264 0.0000000000
0.0018973682 0.0000000000
0.0005561515 0.0000000000
0.0049075671 0.0000000000
0.0018969993 0.0000000000
0.0018972415 0.0000000000
0.0005555977 0.0000000000
0.0018977526 0.0000000000
0.0005555489 0.0000000000
0.0005556945 0.0000000000
0.0000260800 0.0000000000
0.0111401509 0.0000000000
0.0049053226 0.0000000000
0.0049056970 0.0000000000
0.0018965277 0.0000000000
0.0049064700 0.0000000000
0.0018964919 0.0000000000
0.0018967340 0.0000000000
0.0005553851 0.0000000000
0.0049078842 0.0000000000
0.0018963646 0.0000000000
0.0018966070 0.0000000000
0.0005548306 0.0000000000
0.0018971186 0.0000000000
0.0005547816 0.0000000000
0.0005549274 0.0000000000
0.0000254545 0.0000000000
0.0049100020 0.0000000000
0.0018963872 0.0000000000
0.0018966299 0.0000000000
0.0005542262 0.0000000000
0.0018971424 0.0000000000
0.0005541772 0.0000000000
0.0005543231 0.0000000000
0.0000248065 0.0000000000
0.0018980746 0.0000000000
0.0005540728 0.0000000000
0.0005542189 0.0000000000
0.0000244192 0.0000000000
0.0005545328 0.0000000000
0.0000243779 0.0000000000
0.0000244607 0.0000000000
-0.0001386662 0.0000000000
