samples: 5000
burn_in: 500
steps: 100
Exact H:-11.0
   Fidelity  ROE       Mean      Median    CI Width LL on CI  UL on CI  mmRatio  Min Err  Max Err
1     N/A    0.000245  -10.99731  -11.00382  0.00258  -10.99989  -10.99473  0.99941  0.00001  0.00048  
2     N/A    0.000160  -10.99824  -10.99938  0.00276  -11.00100  -10.99549  0.99990  0.00009  0.00041  
3     N/A    0.000278  -10.99694  -10.99848  0.00241  -10.99935  -10.99453  0.99986  0.00006  0.00050  
4     N/A    0.000227  -10.99750  -10.99914  0.00247  -10.99997  -10.99503  0.99985  0.00000  0.00045  
5     N/A    0.000289  -10.99683  -10.99945  0.00278  -10.99960  -10.99405  0.99976  0.00004  0.00054  
6     N/A    0.000230  -10.99747  -11.00077  0.00212  -10.99959  -10.99535  0.99970  0.00004  0.00042  
7     N/A    0.000280  -10.99692  -11.00141  0.00241  -10.99933  -10.99451  0.99959  0.00006  0.00050  
8     N/A    0.000344  -10.99621  -10.99824  0.00241  -10.99862  -10.99380  0.99982  0.00013  0.00056  
9     N/A    0.000426  -10.99532  -10.99812  0.00263  -10.99795  -10.99268  0.99974  0.00019  0.00067  
10     N/A    0.000085  -10.99906  -11.00070  0.00220  -11.00126  -10.99686  0.99985  0.00011  0.00029  
