Batch size is 16

Optimizer is Adadelta
Epoch & Fidelity & Runtime 
100 0.677165 67.705093
200 0.623346 135.53031
300 0.594143 203.270082
400 0.569092 270.886303
500 0.557659 338.434585
600 0.525756 405.876961
700 0.507056 473.862766
800 0.525712 542.086835
900 0.521869 610.16431
1000 0.516019 678.47125

Optimizer is Adam
Epoch & Fidelity & Runtime 
100 0.739757 64.922857
200 0.685474 130.257875
300 0.758428 195.87254
400 0.798599 261.45963
500 0.708755 326.934782
600 0.737984 392.523318
700 0.663454 458.40985
800 0.603315 524.370597
900 0.673412 590.333597
1000 0.734989 656.453289

Optimizer is Adamax
Epoch & Fidelity & Runtime 
100 0.818503 75.964559
200 0.839314 150.001438
300 0.857143 224.00655
400 0.83044 298.359241
500 0.8117 372.711971
600 0.758295 447.063741
700 0.730616 521.323964
800 0.699785 595.545991
900 0.653598 669.664889
1000 0.557901 744.152474

Optimizer is RMSprop
Epoch & Fidelity & Runtime 
100 0.000493 64.970162
200 4e-06 127.458076
300 1e-06 190.107477
400 0.0 252.947511
500 1e-06 315.984863
600 1e-06 378.917625
700 2e-06 441.842813
800 1e-06 504.804448
900 3e-06 567.901527
1000 1e-05 630.745135

Optimizer is SGD
Epoch & Fidelity & Runtime 
100 0.700801 58.572338
200 0.762444 115.339522
300 0.774627 172.213666
400 0.770577 229.005188
500 0.749146 286.018678
600 0.776757 343.098718
700 0.766747 400.308854
800 0.775035 457.251037
900 0.765125 514.221635
1000 0.755103 571.262892

Optimizer is SGD $\gamma$ = 0.9
Epoch & Fidelity & Runtime 
100 0.895446 61.423399
200 0.820506 120.45357
300 0.297002 179.524451
400 0.021322 238.460656
500 0.002944 297.582953
600 0.000401 356.790569
700 7.6e-05 416.037413
800 1.5e-05 475.198655
900 4e-06 534.316417
1000 1e-06 593.293855

Optimizer is NAG $\gamma$ = 0.9
Epoch & Fidelity & Runtime 
100 0.741335 62.787714
200 0.671141 123.39374
300 0.684895 184.123515
400 0.564943 244.800843
500 0.690927 305.538391
600 0.688242 366.266973
700 0.605033 426.940199
800 0.492863 487.67819
900 0.572248 548.553303
1000 0.584005 609.446914

