Batch size is 2
Epoch & Fidelity & Runtime 
1 0.225939 26.502396
2 0.300706 52.923595
3 0.355273 79.381019
4 0.403356 105.853081
5 0.432361 132.367145
6 0.438999 158.887846
7 0.470509 185.59295
8 0.488177 212.163987
9 0.491443 238.753372
10 0.526254 265.194621
11 0.528024 291.862694
12 0.550847 318.68025

Batch size is 4
Epoch & Fidelity & Runtime 
1 0.170571 23.742738
2 0.239805 47.527271
3 0.290566 71.325894
4 0.324151 95.736689
5 0.361054 120.017096
6 0.38549 145.297579
7 0.402244 170.365126
8 0.422427 195.692387
9 0.441129 221.008098
10 0.451321 246.128626
11 0.467295 271.495345
12 0.475045 297.123914
13 0.480067 322.281805

Batch size is 8
Epoch & Fidelity & Runtime 
1 0.108266 23.671942
2 0.170829 48.31575
3 0.206927 72.67243
4 0.238773 96.968888
5 0.270446 121.227206
6 0.290384 145.202665
7 0.31213 169.863734
8 0.32765 194.4464
9 0.339171 218.766342
10 0.353356 243.390007
11 0.373254 268.074565
12 0.382019 292.705375
13 0.387557 317.34768

Batch size is 16
Epoch & Fidelity & Runtime 
1 0.072525 23.380774
2 0.107064 46.969997
3 0.145098 71.146891
4 0.176231 94.839445
5 0.199579 118.81941
6 0.222081 142.798722
7 0.241519 166.622071
8 0.260157 190.909599
9 0.274918 214.910206
10 0.293601 239.169543
11 0.308212 263.455696
12 0.325013 287.453854
13 0.336061 311.793588

Batch size is 32
Epoch & Fidelity & Runtime 
1 0.061275 23.516492
2 0.070642 46.934243
3 0.083815 70.747421
4 0.10015 94.298101
5 0.11631 118.154135
6 0.131878 141.977431
7 0.145795 165.625153
8 0.157794 189.750885
9 0.169023 213.925807
10 0.179117 238.081415
11 0.188543 262.304381
12 0.199141 286.213011
13 0.208373 310.502258

Batch size is 64
Epoch & Fidelity & Runtime 
1 0.057821 23.443297
2 0.062559 46.773111
3 0.06776 70.505888
4 0.074777 93.941517
5 0.082881 117.686918
6 0.092718 141.194
7 0.102728 165.370298
8 0.112812 189.464134
9 0.122348 213.248624
10 0.131089 237.387903
11 0.139246 261.541196
12 0.14697 285.335533
13 0.153439 309.491996

Batch size is 128
Epoch & Fidelity & Runtime 
1 0.053961 23.843518
2 0.057813 46.729597
3 0.060062 70.505917
4 0.062032 93.974621
5 0.064259 117.793731
6 0.066732 141.602917
7 0.069486 165.699978
8 0.072584 189.832078
9 0.076269 213.627115
10 0.08014 237.843007
11 0.084349 261.659539
12 0.088686 285.857895
13 0.093382 310.453283

Batch size is 256
Epoch & Fidelity & Runtime 
1 0.050892 22.902279
2 0.054875 46.174005
3 0.056778 70.040109
4 0.058012 93.597314
5 0.058909 117.774291
6 0.059863 141.190885
7 0.060752 165.158633
8 0.061608 189.290526
9 0.06267 213.034652
10 0.06368 237.165916
11 0.064744 260.918274
12 0.065851 285.504845
13 0.06708 309.673848

Batch size is 512
Epoch & Fidelity & Runtime 
1 0.047207 22.703644
2 0.050173 46.493911
3 0.052188 69.976397
4 0.053544 93.822522
5 0.054599 117.780859
6 0.055432 141.649949
7 0.056154 165.764839
8 0.056796 189.522856
9 0.057375 213.724184
10 0.057886 237.896502
11 0.058378 262.191956
12 0.058859 286.408315
13 0.059366 310.243329

