Learning Rates: 1e-05 0.0001 0.001 0.01 0.1 1 
Epoch & Fidelity & KL & Runtime 
1 0.542222 1.366189 24.181114
2 0.616618 1.125876 48.288211
3 0.67925 0.944729 72.382349
4 0.731136 0.806517 96.54063
5 0.77273 0.702422 120.829483
6 0.808183 0.617939 144.949347
7 0.835345 0.555415 169.217353
8 0.859275 0.50206 193.518961
9 0.878655 0.459849 217.685789
10 0.894843 0.425292 242.024756
11 0.908577 0.396487 266.38459
12 0.919865 0.373122 290.801197
13 0.929655 0.353054 315.250456
14 0.937978 0.336209 339.486171
15 0.944966 0.322136 363.967789
16 0.9511 0.309898 388.516623
17 0.956161 0.299876 412.790923
18 0.961096 0.290171 437.667296
19 0.964983 0.282568 462.01358
20 0.968588 0.27556 486.67545
21 0.971696 0.269536 511.374113

Epoch & Fidelity & KL & Runtime 
1 0.910057 0.39594 24.492381
2 0.975065 0.263661 49.822966
3 0.985152 0.244046 74.845874
4 0.988831 0.237193 99.495455
5 0.990624 0.233794 124.577392
6 0.990302 0.234562 149.751281
7 0.98981 0.235665 174.452658
8 0.990155 0.234959 199.60853
9 0.990717 0.233815 225.236916
10 0.991361 0.232576 250.021304
11 0.991002 0.233336 275.228992
12 0.989697 0.235998 300.512921
13 0.99056 0.234268 325.33219
14 0.990759 0.23383 350.664464
15 0.991343 0.232624 376.508578
16 0.992272 0.230744 401.353362
17 0.990985 0.233305 426.732738
18 0.990202 0.234953 452.176443
19 0.989299 0.236753 477.560117
20 0.990205 0.234934 502.470311

Epoch & Fidelity & KL & Runtime 
1 0.972913 0.270359 26.041945
2 0.980817 0.254127 51.565667
3 0.974847 0.266171 76.557591
4 0.988076 0.239475 102.098829
5 0.982775 0.250215 127.666042
6 0.983591 0.248778 153.23336
7 0.979938 0.255168 178.793471
8 0.98439 0.246482 204.360463
9 0.988487 0.238272 229.966363
10 0.98536 0.244907 254.985133
11 0.972893 0.270301 281.297122
12 0.985926 0.243467 306.965597
13 0.98643 0.242591 332.621633
14 0.979243 0.257804 358.361404
15 0.981769 0.252111 384.047979
16 0.984315 0.246808 409.773504
17 0.983254 0.249316 434.83995
18 0.976161 0.263314 461.313483
19 0.968279 0.280487 487.173661
20 0.979889 0.255996 512.299818

Epoch & Fidelity & KL & Runtime 
1 0.918598 0.384814 25.842947
2 0.941991 0.335557 51.623306
3 0.933257 0.354772 77.433808
4 0.973297 0.269118 103.268332
5 0.927113 0.37079 129.161786
6 0.941245 0.337002 155.05835
7 0.950923 0.317124 180.177878
8 0.931783 0.355634 206.057712
9 0.937143 0.346047 231.989985
10 0.934767 0.352313 258.655021
11 0.942583 0.327999 283.822233
12 0.948262 0.322522 309.759379
13 0.944462 0.330401 335.734416
14 0.956829 0.303709 360.833072
15 0.96274 0.291539 386.806531
16 0.968359 0.280103 412.870876
17 0.945623 0.324617 439.667515
18 0.935442 0.346763 464.918703
19 0.935778 0.348509 491.007402
20 0.942869 0.332421 517.073323

Epoch & Fidelity & KL & Runtime 
1 0.544323 1.460073 26.049243
2 0.684043 1.160773 52.136798
3 0.733159 0.838654 78.212883
4 0.701539 0.953855 104.297724
5 0.789992 0.71634 130.44879
6 0.734362 0.848219 156.647721
7 0.565522 1.458184 183.627767
8 0.708724 0.968171 209.77887
9 0.680422 1.045347 235.999014
10 0.674586 1.024107 261.29753
11 0.53375 1.556081 287.458653
12 0.672423 1.005018 313.616385
13 0.48974 1.723097 340.714883
14 0.723253 0.901603 366.039457
15 0.664629 1.04134 392.265814
16 0.872735 0.489121 418.483882
17 0.804542 0.653111 443.841088
18 0.643992 1.103909 470.077103
19 0.681289 0.992616 497.263362
20 0.739087 0.81147 523.587104

Epoch & Fidelity & KL & Runtime 
1 0.019753 8.69651 27.214462
2 0.294956 3.015092 52.623556
3 0.191499 3.811144 78.907626
4 0.105287 5.787995 105.272705
5 0.094791 5.807837 131.62331
6 0.126697 5.122532 157.008798
7 0.056657 7.266637 183.354529
8 0.132687 4.698154 209.735473
9 0.103623 5.13242 237.11753
10 0.122918 5.581281 262.545385
11 0.17588 4.074251 289.909514
12 0.101083 5.615768 316.287096
13 0.048952 7.57004 342.783944
14 0.165764 4.722486 368.147344
15 0.147097 4.632614 394.439574
16 0.120463 5.499867 421.907531
17 0.177681 4.01888 448.357784
18 0.148002 4.474342 473.810174
19 0.135823 4.875773 500.323603

