Batch size is 64

Optimizer is Adadelta
Epoch & Fidelity & Runtime 
100 0.808073 19.249622
200 0.748298 38.545695
300 0.81345 57.809693
400 0.865723 77.090676
500 0.875854 96.344967
600 0.871619 115.608218
700 0.872303 134.867687
800 0.851857 154.096357
900 0.883397 173.351982
1000 0.897675 192.592874

Optimizer is Adam
Epoch & Fidelity & Runtime 
100 0.691186 19.191874
200 0.722005 37.744529
300 0.621453 56.360644
400 0.613788 74.961349
500 0.587154 93.582099
600 0.459691 112.171597
700 0.428286 130.77029
800 0.327436 149.34516
900 0.141053 167.913885
1000 0.12908 186.467483

Optimizer is Adamax
Epoch & Fidelity & Runtime 
100 0.652649 21.259732
200 0.732382 42.043595
300 0.739632 62.824094
400 0.552637 83.605397
500 0.436469 104.384644
600 0.326962 125.302905
700 0.16407 146.207263
800 0.152848 167.127668
900 0.116035 188.031815
1000 0.08279 208.915728

Optimizer is RMSprop
Epoch & Fidelity & Runtime 
100 0.000408 18.750627
200 1e-06 36.610874
300 0.0 54.572399
400 0.0 72.562671
500 0.0 90.497184
600 0.0 108.362816
700 0.0 126.219057
800 0.0 144.06413
900 0.0 161.9332
1000 0.0 179.817355

Optimizer is SGD
Epoch & Fidelity & Runtime 
100 0.557928 16.680744
200 0.658558 33.043483
300 0.733216 49.433235
400 0.769984 65.837073
500 0.794613 82.214082
600 0.813656 98.600701
700 0.824567 114.982285
800 0.836018 131.374754
900 0.845242 147.74488
1000 0.85014 164.137108

Optimizer is SGD $\gamma$ = 0.9
Epoch & Fidelity & Runtime 
100 0.839731 17.275832
200 0.881611 34.147531
300 0.870514 51.006659
400 0.864408 67.881603
500 0.867554 84.76003
600 0.862714 101.640883
700 0.860267 118.520221
800 0.855878 135.489895
900 0.828439 152.49026
1000 0.839296 169.439217

Optimizer is NAG $\gamma$ = 0.9
Epoch & Fidelity & Runtime 
100 0.842303 17.561347
200 0.855938 34.845681
300 0.850073 52.142305
400 0.84018 69.45326
500 0.792572 86.757739
600 0.792662 104.175312
700 0.766659 121.598506
800 0.773218 138.974706
900 0.784566 156.302836
1000 0.747218 173.714397

