samples: 5000
burn_in: 500
steps: 100
Exact H:-8.5
   Fidelity  ROE       Mean      Median    CI Width LL on CI  UL on CI  mmRatio  Min Err  Max Err
1     N/A    0.000250  -8.49788  -8.49705  0.00185  -8.49973  -8.49603  1.00010  0.00003  0.00047  
2     N/A    0.000144  -8.49878  -8.49859  0.00160  -8.50038  -8.49717  1.00002  0.00004  0.00033  
3     N/A    0.000288  -8.49755  -8.49750  0.00202  -8.49957  -8.49553  1.00001  0.00005  0.00053  
4     N/A    0.000268  -8.49772  -8.49743  0.00180  -8.49952  -8.49593  1.00003  0.00006  0.00048  
5     N/A    0.000235  -8.49800  -8.49835  0.00172  -8.49972  -8.49628  0.99996  0.00003  0.00044  
6     N/A    0.000278  -8.49764  -8.49765  0.00246  -8.50010  -8.49518  1.00000  0.00001  0.00057  
7     N/A    0.000438  -8.49628  -8.49486  0.00234  -8.49862  -8.49394  1.00017  0.00016  0.00071  
8     N/A    0.000364  -8.49691  -8.49754  0.00240  -8.49931  -8.49451  0.99993  0.00008  0.00065  
9     N/A    0.000331  -8.49718  -8.49729  0.00173  -8.49892  -8.49545  0.99999  0.00013  0.00054  
10     N/A    0.000175  -8.49851  -8.49857  0.00229  -8.50080  -8.49622  0.99999  0.00009  0.00044  
11     N/A    0.000414  -8.49648  -8.49685  0.00237  -8.49884  -8.49411  0.99996  0.00014  0.00069  
12     N/A    0.000169  -8.49857  -8.49889  0.00197  -8.50053  -8.49660  0.99996  0.00006  0.00040  
