Batch size is 256

Optimizer is Adadelta
Epoch & Fidelity & Runtime 
100 0.781142 7.726779
200 0.843789 15.410033
300 0.81282 23.145784
400 0.791151 30.855386
500 0.792636 38.50507
600 0.773143 46.115548
700 0.748839 53.775388
800 0.727364 61.415575
900 0.769731 69.09793
1000 0.746051 76.727857

Optimizer is Adam
Epoch & Fidelity & Runtime 
100 0.528545 7.715696
200 0.710666 15.211066
300 0.799722 22.687141
400 0.830612 30.129569
500 0.802756 37.626384
600 0.71872 45.142912
700 0.675283 52.653506
800 0.588345 60.172276
900 0.428836 67.701854
1000 0.303303 75.232135

Optimizer is Adamax
Epoch & Fidelity & Runtime 
100 0.520737 8.512621
200 0.627041 16.638773
300 0.70568 24.754076
400 0.720342 32.911425
500 0.648356 41.092312
600 0.466162 49.204315
700 0.257657 57.369857
800 0.096054 65.465477
900 0.038515 73.593669
1000 0.016061 81.819998

Optimizer is RMSprop
Epoch & Fidelity & Runtime 
100 0.308929 7.59771
200 0.000846 14.934851
300 6e-06 22.268837
400 0.0 29.61536
500 0.0 36.869821
600 0.0 44.108303
700 0.0 51.365849
800 0.0 58.643719
900 0.0 65.900334
1000 0.0 73.100413

Optimizer is SGD
Epoch & Fidelity & Runtime 
100 0.312926 7.016647
200 0.46951 13.789702
300 0.53432 20.530218
400 0.561271 27.287399
500 0.577975 34.071272
600 0.597742 40.873715
700 0.621518 47.674517
800 0.645762 54.494416
900 0.667149 61.435357
1000 0.684408 68.359684

Optimizer is SGD $\gamma$ = 0.9
Epoch & Fidelity & Runtime 
100 0.669135 7.310992
200 0.754289 14.311074
300 0.780303 21.30857
400 0.794512 28.321814
500 0.801979 35.290943
600 0.824036 42.366344
700 0.847724 49.353213
800 0.851078 56.448934
900 0.855911 63.621766
1000 0.861227 70.64393

Optimizer is NAG $\gamma$ = 0.9
Epoch & Fidelity & Runtime 
100 0.662554 7.264247
200 0.761363 14.292702
300 0.80796 21.254243
400 0.833211 28.318603
500 0.835112 35.337606
600 0.844929 42.466694
700 0.841683 49.609372
800 0.836965 56.682552
900 0.84785 63.816715
1000 0.848461 71.043612

