Batch size is 512

Optimizer is Adadelta
Epoch & Fidelity & Runtime 
100 0.650797 5.566797
200 0.77743 11.088083
300 0.798404 16.61523
400 0.770216 22.153761
500 0.717694 27.771289
600 0.669682 33.347447
700 0.622141 38.925695
800 0.653584 44.46007
900 0.596067 49.896393
1000 0.583792 55.347127

Optimizer is Adam
Epoch & Fidelity & Runtime 
100 0.420621 5.395858
200 0.567173 10.680697
300 0.64949 15.944296
400 0.726237 21.367833
500 0.77619 26.790088
600 0.812256 32.290472
700 0.825567 37.697049
800 0.808169 43.162739
900 0.828045 48.665059
1000 0.796095 54.128624

Optimizer is Adamax
Epoch & Fidelity & Runtime 
100 0.321492 5.936218
200 0.480765 11.704691
300 0.576574 17.385874
400 0.631368 23.095313
500 0.675822 28.902957
600 0.715413 34.667822
700 0.746272 40.447365
800 0.765474 46.191795
900 0.784883 51.987396
1000 0.789125 57.807703

Optimizer is RMSprop
Epoch & Fidelity & Runtime 
100 0.808967 5.55934
200 0.558328 11.031024
300 0.427138 16.479748
400 0.361898 21.836425
500 0.333787 27.179894
600 0.274986 32.497537
700 0.248741 37.913895
800 0.284583 43.279142
900 0.209749 48.606085
1000 0.266164 54.053317

Optimizer is SGD
Epoch & Fidelity & Runtime 
100 0.228115 5.323435
200 0.33017 10.423164
300 0.422682 15.593213
400 0.490282 20.732472
500 0.528972 25.835126
600 0.549727 30.999803
700 0.563165 36.139975
800 0.571844 41.347552
900 0.579639 46.522957
1000 0.586407 51.65255

Optimizer is SGD $\gamma$ = 0.9
Epoch & Fidelity & Runtime 
100 0.556029 5.214239
200 0.657188 10.048499
300 0.724662 14.994736
400 0.764916 19.900949
500 0.787721 24.756465
600 0.805923 29.713959
700 0.815905 34.772682
800 0.8233 39.756217
900 0.829307 44.698252
1000 0.829658 49.666679

Optimizer is NAG $\gamma$ = 0.9
Epoch & Fidelity & Runtime 
100 0.561934 5.137442
200 0.649892 10.010975
300 0.731409 14.895006
400 0.766861 19.899057
500 0.787714 24.795195
600 0.797767 29.808083
700 0.806016 34.878136
800 0.813271 39.883429
900 0.806229 44.89369
1000 0.803736 49.901825

