nh: 26
samples1: 100000
samples2: 5000
burn_in: 500
steps: 100
Exact H:-63.3
   Fidelity  ROE       Mean      Median    CI Width LL on CI  UL on CI  mmRatio  Min Err  Max Err
20     N/A    0.039512  -60.79892  -60.97929  0.13157  -60.93048  -60.66735  0.99704  0.03743  0.04159  
40     N/A    0.021884  -61.91475  -62.03908  0.10404  -62.01879  -61.81070  0.99800  0.02024  0.02353  
60     N/A    0.015029  -62.34864  -62.55002  0.08997  -62.43861  -62.25868  0.99678  0.01361  0.01645  
80     N/A    0.012017  -62.53931  -62.66681  0.08109  -62.62040  -62.45822  0.99797  0.01074  0.01330  
100     N/A    0.010360  -62.64420  -62.77086  0.07593  -62.72012  -62.56827  0.99798  0.00916  0.01156  
120     N/A    0.009410  -62.70437  -62.85280  0.07118  -62.77556  -62.63319  0.99764  0.00829  0.01053  
140     N/A    0.008217  -62.77985  -62.84713  0.06604  -62.84589  -62.71381  0.99893  0.00717  0.00926  
160     N/A    0.006865  -62.86543  -62.94587  0.06370  -62.92912  -62.80173  0.99872  0.00586  0.00787  
180     N/A    0.006671  -62.87775  -62.99079  0.06173  -62.93948  -62.81601  0.99821  0.00570  0.00765  
200     N/A    0.006505  -62.88825  -62.97636  0.06009  -62.94834  -62.82816  0.99860  0.00556  0.00745  
220     N/A    0.005900  -62.92651  -63.01924  0.05806  -62.98458  -62.86845  0.99853  0.00498  0.00682  
240     N/A    0.005787  -62.93365  -62.99988  0.05776  -62.99141  -62.87589  0.99895  0.00487  0.00670  
260     N/A    0.005296  -62.96476  -63.04576  0.05537  -63.02013  -62.90938  0.99872  0.00442  0.00617  
280     N/A    0.004980  -62.98480  -63.02821  0.05515  -63.03995  -62.92964  0.99931  0.00411  0.00585  
300     N/A    0.005524  -62.95031  -63.02815  0.05354  -63.00385  -62.89678  0.99877  0.00468  0.00637  
320     N/A    0.005114  -62.97628  -63.02346  0.05192  -63.02819  -62.92436  0.99925  0.00429  0.00593  
340     N/A    0.004370  -63.02335  -63.04467  0.05130  -63.07465  -62.97205  0.99966  0.00356  0.00518  
360     N/A    0.004157  -63.03689  -63.07618  0.04850  -63.08539  -62.98839  0.99938  0.00339  0.00492  
380     N/A    0.004485  -63.01612  -63.04934  0.04795  -63.06406  -62.96817  0.99947  0.00373  0.00524  
400     N/A    0.003485  -63.07941  -63.09088  0.04558  -63.12499  -63.03383  0.99982  0.00276  0.00420  
420     N/A    0.003071  -63.10558  -63.13375  0.04575  -63.15133  -63.05983  0.99955  0.00235  0.00379  
440     N/A    0.003335  -63.08890  -63.10846  0.04351  -63.13241  -63.04538  0.99969  0.00265  0.00402  
460     N/A    0.003350  -63.08797  -63.10865  0.04077  -63.12874  -63.04719  0.99967  0.00271  0.00399  
480     N/A    0.003176  -63.09895  -63.13469  0.04000  -63.13895  -63.05895  0.99943  0.00254  0.00381  
500     N/A    0.003189  -63.09815  -63.11961  0.03981  -63.13796  -63.05835  0.99966  0.00256  0.00382  
520     N/A    0.002820  -63.12146  -63.15216  0.03837  -63.15983  -63.08309  0.99951  0.00221  0.00343  
540     N/A    0.001815  -63.18511  -63.20985  0.03662  -63.22173  -63.14849  0.99961  0.00124  0.00239  
560     N/A    0.002433  -63.14600  -63.16005  0.03642  -63.18241  -63.10958  0.99978  0.00186  0.00301  
580     N/A    0.002427  -63.14640  -63.16512  0.03404  -63.18044  -63.11236  0.99970  0.00189  0.00296  
600     N/A    0.002054  -63.16996  -63.17630  0.03422  -63.20418  -63.13575  0.99990  0.00151  0.00259  
620     N/A    0.001572  -63.20051  -63.21140  0.03333  -63.23384  -63.16718  0.99983  0.00105  0.00210  
640     N/A    0.001900  -63.17972  -63.19782  0.03253  -63.21226  -63.14719  0.99971  0.00139  0.00241  
660     N/A    0.001939  -63.17727  -63.18692  0.03233  -63.20960  -63.14495  0.99985  0.00143  0.00245  
