nh: 29
samples1: 100000
samples2: 5000
burn_in: 500
steps: 100
Exact H:-63.3
   Fidelity  ROE       Mean      Median    CI Width LL on CI  UL on CI  mmRatio  Min Err  Max Err
20     N/A    0.036729  -60.97503  -61.11348  0.13042  -61.10546  -60.84461  0.99773  0.03467  0.03879  
40     N/A    0.020435  -62.00645  -62.18092  0.10431  -62.11076  -61.90214  0.99719  0.01879  0.02208  
60     N/A    0.014765  -62.36535  -62.52626  0.08946  -62.45481  -62.27589  0.99743  0.01335  0.01618  
80     N/A    0.011969  -62.54237  -62.68574  0.07955  -62.62192  -62.46283  0.99771  0.01071  0.01323  
100     N/A    0.010196  -62.65461  -62.78197  0.07356  -62.72817  -62.58105  0.99797  0.00903  0.01136  
120     N/A    0.007820  -62.80499  -62.91562  0.06873  -62.87372  -62.73626  0.99824  0.00673  0.00891  
140     N/A    0.006742  -62.87323  -62.96935  0.06534  -62.93857  -62.80789  0.99847  0.00571  0.00777  
160     N/A    0.007037  -62.85457  -62.97571  0.06099  -62.91556  -62.79358  0.99808  0.00607  0.00800  
180     N/A    0.005981  -62.92141  -62.98898  0.05673  -62.97814  -62.86467  0.99893  0.00508  0.00688  
200     N/A    0.004955  -62.98634  -63.01785  0.05438  -63.04073  -62.93196  0.99950  0.00410  0.00581  
220     N/A    0.004574  -63.01046  -63.06622  0.05229  -63.06275  -62.95817  0.99912  0.00375  0.00540  
240     N/A    0.004334  -63.02564  -63.07470  0.05208  -63.07771  -62.97356  0.99922  0.00351  0.00516  
260     N/A    0.004134  -63.03829  -63.08999  0.04848  -63.08677  -62.98982  0.99918  0.00337  0.00490  
280     N/A    0.003863  -63.05545  -63.10733  0.04802  -63.10348  -63.00743  0.99918  0.00310  0.00462  
300     N/A    0.003356  -63.08755  -63.11809  0.04649  -63.13404  -63.04106  0.99952  0.00262  0.00409  
320     N/A    0.003772  -63.06124  -63.09876  0.04405  -63.10528  -63.01719  0.99941  0.00308  0.00447  
340     N/A    0.003245  -63.09457  -63.09949  0.04247  -63.13703  -63.05210  0.99992  0.00257  0.00392  
360     N/A    0.003394  -63.08515  -63.11672  0.04203  -63.12718  -63.04312  0.99950  0.00273  0.00406  
380     N/A    0.002907  -63.11597  -63.14432  0.04063  -63.15660  -63.07534  0.99955  0.00227  0.00355  
400     N/A    0.002575  -63.13698  -63.15677  0.04034  -63.17731  -63.09664  0.99969  0.00194  0.00321  
420     N/A    0.002715  -63.12814  -63.14538  0.03936  -63.16750  -63.08879  0.99973  0.00209  0.00334  
440     N/A    0.002239  -63.15828  -63.17317  0.03788  -63.19616  -63.12040  0.99976  0.00164  0.00284  
460     N/A    0.002174  -63.16239  -63.18219  0.03711  -63.19950  -63.12527  0.99969  0.00159  0.00276  
480     N/A    0.002528  -63.13995  -63.16532  0.03588  -63.17584  -63.10407  0.99960  0.00196  0.00310  
500     N/A    0.001907  -63.17928  -63.18140  0.03508  -63.21436  -63.14420  0.99997  0.00135  0.00246  
520     N/A    0.002088  -63.16782  -63.19026  0.03416  -63.20197  -63.13366  0.99964  0.00155  0.00263  
540     N/A    0.002267  -63.15649  -63.17635  0.03342  -63.18991  -63.12306  0.99969  0.00174  0.00280  
560     N/A    0.001824  -63.18452  -63.19566  0.03286  -63.21738  -63.15166  0.99982  0.00131  0.00234  
580     N/A    0.001884  -63.18076  -63.19448  0.03233  -63.21309  -63.14843  0.99978  0.00137  0.00239  
600     N/A    0.001265  -63.21996  -63.23141  0.03184  -63.25180  -63.18811  0.99982  0.00076  0.00177  
620     N/A    0.001560  -63.20128  -63.19959  0.03121  -63.23250  -63.17007  1.00003  0.00107  0.00205  
640     N/A    0.001496  -63.20532  -63.19611  0.03043  -63.23575  -63.17489  1.00015  0.00101  0.00198  
660     N/A    0.001454  -63.20795  -63.20543  0.02987  -63.23782  -63.17808  1.00004  0.00098  0.00193  
680     N/A    0.001311  -63.21701  -63.22748  0.02858  -63.24559  -63.18844  0.99983  0.00086  0.00176  
700     N/A    0.001643  -63.19599  -63.20174  0.02733  -63.22332  -63.16866  0.99991  0.00121  0.00207  
720     N/A    0.001284  -63.21870  -63.22210  0.02738  -63.24609  -63.19132  0.99995  0.00085  0.00172  
740     N/A    0.001487  -63.20586  -63.20376  0.02719  -63.23305  -63.17867  1.00003  0.00106  0.00192  
760     N/A    0.001295  -63.21805  -63.21594  0.02608  -63.24413  -63.19197  1.00003  0.00088  0.00171  
780     N/A    0.001143  -63.22766  -63.22181  0.02571  -63.25337  -63.20195  1.00009  0.00074  0.00155  
800     N/A    0.001036  -63.23443  -63.23330  0.02417  -63.25859  -63.21026  1.00002  0.00065  0.00142  
820     N/A    0.001216  -63.22303  -63.21726  0.02378  -63.24682  -63.19925  1.00009  0.00084  0.00159  
840     N/A    0.000908  -63.24249  -63.24095  0.02330  -63.26579  -63.21920  1.00002  0.00054  0.00128  
860     N/A    0.001046  -63.23377  -63.22584  0.02353  -63.25730  -63.21023  1.00013  0.00067  0.00142  
880     N/A    0.000939  -63.24057  -63.24058  0.02321  -63.26378  -63.21736  1.00000  0.00057  0.00131  
900     N/A    0.000894  -63.24341  -63.25204  0.02242  -63.26583  -63.22100  0.99986  0.00054  0.00125  
920     N/A    0.001024  -63.23518  -63.22372  0.02245  -63.25763  -63.21274  1.00018  0.00067  0.00138  
940     N/A    0.001040  -63.23415  -63.22578  0.02187  -63.25602  -63.21228  1.00013  0.00069  0.00139  
960     N/A    0.001136  -63.22809  -63.22399  0.02205  -63.25014  -63.20605  1.00006  0.00079  0.00148  
