nh: 28
samples1: 45000
samples2: 5000
burn_in: 500
steps: 100
Exact H:-63.3
   Fidelity  ROE       Mean      Median    CI Width LL on CI  UL on CI  mmRatio  Min Err  Max Err
20     N/A    0.067976  -58.99713  -59.08478  0.17148  -59.16861  -58.82565  0.99852  0.06527  0.07068  
40     N/A    0.039697  -60.78719  -60.88134  0.13501  -60.92219  -60.65218  0.99845  0.03756  0.04183  
60     N/A    0.030451  -61.37242  -61.56140  0.11854  -61.49097  -61.25388  0.99693  0.02858  0.03232  
80     N/A    0.023265  -61.82734  -61.97175  0.10812  -61.93546  -61.71922  0.99767  0.02156  0.02497  
100     N/A    0.021391  -61.94592  -62.07423  0.10166  -62.04757  -61.84426  0.99793  0.01979  0.02300  
120     N/A    0.017644  -62.18316  -62.32399  0.09413  -62.27729  -62.08903  0.99774  0.01616  0.01913  
140     N/A    0.014878  -62.35823  -62.45803  0.08885  -62.44708  -62.26939  0.99840  0.01347  0.01628  
160     N/A    0.013792  -62.42696  -62.55257  0.08516  -62.51212  -62.34180  0.99799  0.01245  0.01514  
180     N/A    0.012262  -62.52379  -62.62542  0.08077  -62.60456  -62.44301  0.99838  0.01099  0.01354  
200     N/A    0.012217  -62.52666  -62.63662  0.07850  -62.60516  -62.44816  0.99824  0.01098  0.01346  
220     N/A    0.011005  -62.60337  -62.70000  0.07510  -62.67847  -62.52826  0.99846  0.00982  0.01219  
240     N/A    0.009150  -62.72084  -62.80574  0.07293  -62.79376  -62.64791  0.99865  0.00800  0.01030  
260     N/A    0.009500  -62.69862  -62.80140  0.07039  -62.76901  -62.62824  0.99836  0.00839  0.01061  
280     N/A    0.007986  -62.79450  -62.88205  0.06784  -62.86234  -62.72666  0.99861  0.00691  0.00906  
300     N/A    0.007933  -62.79783  -62.89839  0.06762  -62.86545  -62.73021  0.99840  0.00686  0.00900  
320     N/A    0.007480  -62.82648  -62.91021  0.06507  -62.89156  -62.76141  0.99867  0.00645  0.00851  
340     N/A    0.006718  -62.87473  -62.95610  0.06311  -62.93784  -62.81161  0.99871  0.00572  0.00772  
360     N/A    0.006964  -62.85920  -62.90062  0.06160  -62.92080  -62.79761  0.99934  0.00599  0.00794  
380     N/A    0.006521  -62.88724  -62.96246  0.06004  -62.94729  -62.82720  0.99881  0.00557  0.00747  
400     N/A    0.006014  -62.91931  -62.99822  0.05818  -62.97750  -62.86113  0.99875  0.00509  0.00693  
420     N/A    0.005257  -62.96721  -63.03297  0.05588  -63.02309  -62.91133  0.99896  0.00437  0.00614  
440     N/A    0.005139  -62.97469  -63.02320  0.05604  -63.03073  -62.91866  0.99923  0.00425  0.00602  
460     N/A    0.005378  -62.95957  -63.05778  0.05319  -63.01276  -62.90638  0.99844  0.00454  0.00622  
480     N/A    0.005145  -62.97429  -63.03112  0.05468  -63.02897  -62.91962  0.99910  0.00428  0.00601  
500     N/A    0.005043  -62.98080  -63.02149  0.05158  -63.03238  -62.92923  0.99935  0.00423  0.00586  
520     N/A    0.004972  -62.98526  -63.03317  0.05167  -63.03693  -62.93359  0.99924  0.00416  0.00579  
540     N/A    0.004431  -63.01952  -63.03546  0.04833  -63.06785  -62.97119  0.99975  0.00367  0.00519  
560     N/A    0.004448  -63.01846  -63.06872  0.04905  -63.06750  -62.96941  0.99920  0.00367  0.00522  
580     N/A    0.004008  -63.04630  -63.09680  0.04881  -63.09511  -62.99749  0.99920  0.00324  0.00478  
600     N/A    0.003707  -63.06537  -63.11482  0.04706  -63.11243  -63.01831  0.99922  0.00296  0.00445  
620     N/A    0.003794  -63.05981  -63.09620  0.04640  -63.10621  -63.01341  0.99942  0.00306  0.00453  
640     N/A    0.003703  -63.06562  -63.09485  0.04534  -63.11096  -63.02027  0.99954  0.00299  0.00442  
660     N/A    0.003299  -63.09115  -63.13452  0.04443  -63.13558  -63.04673  0.99931  0.00260  0.00400  
680     N/A    0.003463  -63.08080  -63.12772  0.04319  -63.12399  -63.03761  0.99926  0.00278  0.00415  
700     N/A    0.003501  -63.07840  -63.12634  0.04255  -63.12095  -63.03585  0.99924  0.00283  0.00417  
720     N/A    0.003194  -63.09784  -63.13521  0.04293  -63.14078  -63.05491  0.99941  0.00252  0.00387  
740     N/A    0.003247  -63.09445  -63.14507  0.04249  -63.13695  -63.05196  0.99920  0.00258  0.00392  
760     N/A    0.002814  -63.12190  -63.15735  0.04132  -63.16322  -63.08058  0.99944  0.00216  0.00347  
780     N/A    0.003062  -63.10616  -63.13475  0.04165  -63.14781  -63.06451  0.99955  0.00240  0.00372  
800     N/A    0.002713  -63.12828  -63.13613  0.04114  -63.16941  -63.08714  0.99988  0.00206  0.00336  
820     N/A    0.003029  -63.10830  -63.14696  0.04051  -63.14881  -63.06778  0.99939  0.00239  0.00367  
840     N/A    0.002968  -63.11215  -63.16902  0.04092  -63.15307  -63.07123  0.99910  0.00232  0.00361  
860     N/A    0.002824  -63.12127  -63.15376  0.04033  -63.16161  -63.08094  0.99949  0.00219  0.00346  
880     N/A    0.002992  -63.11058  -63.16006  0.04023  -63.15081  -63.07035  0.99922  0.00236  0.00363  
900     N/A    0.002785  -63.12369  -63.17430  0.04091  -63.16460  -63.08278  0.99920  0.00214  0.00343  
920     N/A    0.002784  -63.12377  -63.15059  0.03961  -63.16339  -63.08416  0.99958  0.00216  0.00341  
940     N/A    0.002956  -63.11291  -63.14542  0.03862  -63.15153  -63.07429  0.99949  0.00235  0.00357  
960     N/A    0.002695  -63.12939  -63.16837  0.03830  -63.16769  -63.09108  0.99938  0.00209  0.00330  
980     N/A    0.002758  -63.12545  -63.15879  0.03863  -63.16407  -63.08682  0.99947  0.00215  0.00337  
1000     N/A    0.002396  -63.14832  -63.16078  0.03835  -63.18667  -63.10997  0.99980  0.00179  0.00300  
1020     N/A    0.002652  -63.13211  -63.17320  0.03867  -63.17078  -63.09344  0.99935  0.00204  0.00326  
1040     N/A    0.002438  -63.14569  -63.16101  0.03907  -63.18476  -63.10663  0.99976  0.00182  0.00305  
1060     N/A    0.002313  -63.15361  -63.18419  0.03772  -63.19133  -63.11589  0.99952  0.00172  0.00291  
1080     N/A    0.002941  -63.11386  -63.15374  0.03924  -63.15310  -63.07462  0.99937  0.00232  0.00356  
1100     N/A    0.002172  -63.16253  -63.19538  0.03737  -63.19990  -63.12516  0.99948  0.00158  0.00276  
1120     N/A    0.002278  -63.15579  -63.18017  0.03756  -63.19335  -63.11822  0.99961  0.00168  0.00287  
1140     N/A    0.002639  -63.13293  -63.16672  0.03789  -63.17082  -63.09504  0.99947  0.00204  0.00324  
1160     N/A    0.002569  -63.13737  -63.16308  0.03815  -63.17551  -63.09922  0.99959  0.00197  0.00317  
1180     N/A    0.002788  -63.12352  -63.16601  0.03922  -63.16273  -63.08430  0.99933  0.00217  0.00341  
1200     N/A    0.002639  -63.13294  -63.16392  0.03764  -63.17058  -63.09531  0.99951  0.00204  0.00323  
1220     N/A    0.002797  -63.12295  -63.14465  0.03844  -63.16139  -63.08451  0.99966  0.00219  0.00340  
1240     N/A    0.002165  -63.16293  -63.18677  0.03785  -63.20078  -63.12508  0.99962  0.00157  0.00276  
1260     N/A    0.002209  -63.16015  -63.19158  0.03766  -63.19781  -63.12248  0.99950  0.00161  0.00280  
1280     N/A    0.002378  -63.14949  -63.16733  0.03739  -63.18688  -63.11210  0.99972  0.00179  0.00297  
1300     N/A    0.002548  -63.13871  -63.15363  0.03713  -63.17584  -63.10158  0.99976  0.00196  0.00313  
1320     N/A    0.002690  -63.12970  -63.14017  0.03816  -63.16786  -63.09154  0.99983  0.00209  0.00329  
1340     N/A    0.001954  -63.17630  -63.20295  0.03722  -63.21351  -63.13908  0.99958  0.00137  0.00254  
1360     N/A    0.002142  -63.16439  -63.18364  0.03718  -63.20157  -63.12721  0.99970  0.00155  0.00273  
1380     N/A    0.002545  -63.13890  -63.16804  0.03615  -63.17504  -63.10275  0.99954  0.00197  0.00312  
1400     N/A    0.002257  -63.15712  -63.19121  0.03671  -63.19384  -63.12041  0.99946  0.00168  0.00284  
1420     N/A    0.002244  -63.15797  -63.17469  0.03616  -63.19412  -63.12181  0.99974  0.00167  0.00282  
1440     N/A    0.002427  -63.14639  -63.17887  0.03758  -63.18397  -63.10881  0.99949  0.00183  0.00302  
1460     N/A    0.002283  -63.15551  -63.16184  0.03601  -63.19153  -63.11950  0.99990  0.00171  0.00285  
1480     N/A    0.001878  -63.18111  -63.20593  0.03603  -63.21714  -63.14508  0.99961  0.00131  0.00245  
1500     N/A    0.002399  -63.14811  -63.18273  0.03631  -63.18442  -63.11180  0.99945  0.00183  0.00297  
1520     N/A    0.002356  -63.15086  -63.16479  0.03536  -63.18622  -63.11549  0.99978  0.00180  0.00291  
1540     N/A    0.002398  -63.14821  -63.18153  0.03506  -63.18327  -63.11315  0.99947  0.00184  0.00295  
1560     N/A    0.002100  -63.16710  -63.18056  0.03469  -63.20179  -63.13241  0.99979  0.00155  0.00265  
1580     N/A    0.001826  -63.18441  -63.20416  0.03489  -63.21930  -63.14953  0.99969  0.00127  0.00238  
1600     N/A    0.001856  -63.18250  -63.19167  0.03448  -63.21698  -63.14802  0.99985  0.00131  0.00240  
1620     N/A    0.001737  -63.19005  -63.18588  0.03459  -63.22463  -63.15546  1.00007  0.00119  0.00228  
1640     N/A    0.002174  -63.16238  -63.17208  0.03416  -63.19654  -63.12822  0.99985  0.00163  0.00271  
1660     N/A    0.001987  -63.17423  -63.16518  0.03340  -63.20763  -63.14084  1.00014  0.00146  0.00251  
1680     N/A    0.001854  -63.18261  -63.19096  0.03354  -63.21615  -63.14908  0.99987  0.00132  0.00238  
1700     N/A    0.001801  -63.18599  -63.19149  0.03287  -63.21885  -63.15312  0.99991  0.00128  0.00232  
1720     N/A    0.001947  -63.17675  -63.18830  0.03349  -63.21024  -63.14326  0.99982  0.00142  0.00248  
1740     N/A    0.001741  -63.18979  -63.20284  0.03273  -63.22252  -63.15707  0.99979  0.00122  0.00226  
1760     N/A    0.001784  -63.18710  -63.18989  0.03287  -63.21997  -63.15423  0.99996  0.00126  0.00230  
1780     N/A    0.001838  -63.18364  -63.20540  0.03301  -63.21664  -63.15063  0.99966  0.00132  0.00236  
1800     N/A    0.001980  -63.17465  -63.19436  0.03246  -63.20711  -63.14219  0.99969  0.00147  0.00249  
1820     N/A    0.001396  -63.21164  -63.23158  0.03223  -63.24388  -63.17941  0.99968  0.00089  0.00191  
1840     N/A    0.001899  -63.17979  -63.18691  0.03238  -63.21217  -63.14741  0.99989  0.00139  0.00241  
1860     N/A    0.001921  -63.17843  -63.19093  0.03221  -63.21064  -63.14622  0.99980  0.00141  0.00243  
1880     N/A    0.001721  -63.19108  -63.20379  0.03104  -63.22212  -63.16004  0.99980  0.00123  0.00221  
1900     N/A    0.001922  -63.17831  -63.19333  0.03165  -63.20996  -63.14666  0.99976  0.00142  0.00242  
1920     N/A    0.001783  -63.18716  -63.19727  0.03154  -63.21870  -63.15562  0.99984  0.00128  0.00228  
1940     N/A    0.001302  -63.21760  -63.20333  0.03159  -63.24919  -63.18601  1.00023  0.00080  0.00180  
1960     N/A    0.002087  -63.16792  -63.18267  0.03129  -63.19921  -63.13663  0.99977  0.00159  0.00258  
1980     N/A    0.001812  -63.18531  -63.19096  0.03107  -63.21639  -63.15424  0.99991  0.00132  0.00230  
