nh: 28
samples1: 42500
samples2: 5000
burn_in: 500
steps: 100
Exact H:-63.3
   Fidelity  ROE       Mean      Median    CI Width LL on CI  UL on CI  mmRatio  Min Err  Max Err
20     N/A    0.077318  -58.40576  -58.66490  0.17791  -58.58367  -58.22784  0.99558  0.07451  0.08013  
40     N/A    0.045552  -60.41655  -60.55823  0.14398  -60.56053  -60.27257  0.99766  0.04328  0.04783  
60     N/A    0.031703  -61.29323  -61.45182  0.12429  -61.41752  -61.16894  0.99742  0.02974  0.03367  
80     N/A    0.026323  -61.63373  -61.79078  0.11379  -61.74752  -61.51993  0.99746  0.02453  0.02812  
100     N/A    0.021097  -61.96456  -62.08566  0.10517  -62.06973  -61.85940  0.99805  0.01944  0.02276  
120     N/A    0.017375  -62.20015  -62.36241  0.09633  -62.29648  -62.10383  0.99740  0.01585  0.01890  
140     N/A    0.016315  -62.26728  -62.41653  0.09198  -62.35926  -62.17530  0.99761  0.01486  0.01777  
160     N/A    0.014422  -62.38706  -62.55993  0.08897  -62.47604  -62.29809  0.99724  0.01302  0.01583  
180     N/A    0.013310  -62.45751  -62.57910  0.08315  -62.54065  -62.37436  0.99806  0.01200  0.01462  
200     N/A    0.012432  -62.51302  -62.67893  0.08238  -62.59541  -62.43064  0.99735  0.01113  0.01373  
220     N/A    0.010823  -62.61492  -62.77715  0.07997  -62.69488  -62.53495  0.99742  0.00956  0.01209  
240     N/A    0.011094  -62.59777  -62.78912  0.07674  -62.67451  -62.52103  0.99695  0.00988  0.01231  
260     N/A    0.009788  -62.68040  -62.82876  0.07438  -62.75478  -62.60602  0.99764  0.00861  0.01096  
280     N/A    0.009557  -62.69502  -62.86946  0.07327  -62.76829  -62.62175  0.99723  0.00840  0.01071  
300     N/A    0.008236  -62.77869  -62.90971  0.07048  -62.84916  -62.70821  0.99792  0.00712  0.00935  
320     N/A    0.008401  -62.76820  -62.91329  0.06967  -62.83787  -62.69853  0.99769  0.00730  0.00950  
340     N/A    0.007793  -62.80671  -62.91815  0.06700  -62.87371  -62.73971  0.99823  0.00673  0.00885  
360     N/A    0.008593  -62.75605  -62.91104  0.06880  -62.82485  -62.68724  0.99754  0.00751  0.00968  
380     N/A    0.007654  -62.81548  -62.92437  0.06481  -62.88028  -62.75067  0.99827  0.00663  0.00868  
400     N/A    0.006968  -62.85891  -62.98157  0.06518  -62.92409  -62.79374  0.99805  0.00594  0.00800  
420     N/A    0.007817  -62.80520  -62.92539  0.06316  -62.86836  -62.74204  0.99809  0.00682  0.00881  
440     N/A    0.007267  -62.83997  -62.97234  0.06325  -62.90323  -62.77672  0.99790  0.00627  0.00827  
460     N/A    0.006337  -62.89884  -62.99325  0.06246  -62.96131  -62.83638  0.99850  0.00535  0.00732  
480     N/A    0.007007  -62.85645  -62.97343  0.06146  -62.91791  -62.79499  0.99814  0.00604  0.00798  
500     N/A    0.006164  -62.90982  -62.99215  0.05907  -62.96888  -62.85075  0.99869  0.00523  0.00710  
520     N/A    0.006639  -62.87978  -62.97666  0.05980  -62.93958  -62.81998  0.99846  0.00569  0.00758  
540     N/A    0.005987  -62.92102  -63.01050  0.06012  -62.98115  -62.86090  0.99858  0.00504  0.00694  
560     N/A    0.006160  -62.91010  -62.99803  0.05837  -62.96847  -62.85172  0.99860  0.00524  0.00708  
580     N/A    0.005345  -62.96164  -63.03391  0.05629  -63.01793  -62.90536  0.99885  0.00446  0.00623  
600     N/A    0.005613  -62.94471  -63.00521  0.05662  -63.00133  -62.88810  0.99904  0.00472  0.00651  
620     N/A    0.005027  -62.98182  -63.05638  0.05705  -63.03887  -62.92477  0.99882  0.00413  0.00593  
640     N/A    0.005634  -62.94337  -63.01555  0.05446  -62.99783  -62.88891  0.99885  0.00477  0.00649  
660     N/A    0.005061  -62.97962  -63.06083  0.05371  -63.03332  -62.92591  0.99871  0.00421  0.00591  
680     N/A    0.005037  -62.98114  -63.07229  0.05367  -63.03481  -62.92747  0.99855  0.00419  0.00589  
700     N/A    0.005002  -62.98336  -63.03586  0.05251  -63.03587  -62.93085  0.99917  0.00417  0.00583  
720     N/A    0.004900  -62.98981  -63.04362  0.05182  -63.04163  -62.93799  0.99915  0.00408  0.00572  
740     N/A    0.004989  -62.98419  -63.02890  0.05114  -63.03533  -62.93305  0.99929  0.00418  0.00580  
760     N/A    0.004164  -63.03642  -63.06752  0.05063  -63.08705  -62.98580  0.99951  0.00336  0.00496  
780     N/A    0.004021  -63.04547  -63.09937  0.04949  -63.09497  -62.99598  0.99915  0.00324  0.00480  
800     N/A    0.003783  -63.06051  -63.10746  0.04943  -63.10994  -63.01108  0.99926  0.00300  0.00456  
820     N/A    0.004918  -62.98872  -63.07629  0.04924  -63.03796  -62.93948  0.99861  0.00414  0.00570  
840     N/A    0.003805  -63.05916  -63.08874  0.04846  -63.10762  -63.01070  0.99953  0.00304  0.00457  
860     N/A    0.004420  -63.02020  -63.07599  0.04768  -63.06788  -62.97253  0.99912  0.00367  0.00517  
880     N/A    0.003727  -63.06407  -63.10955  0.04687  -63.11094  -63.01720  0.99928  0.00299  0.00447  
900     N/A    0.004036  -63.04455  -63.05799  0.04622  -63.09076  -62.99833  0.99979  0.00331  0.00477  
920     N/A    0.003721  -63.06449  -63.09723  0.04587  -63.11036  -63.01862  0.99948  0.00300  0.00445  
940     N/A    0.003635  -63.06989  -63.10657  0.04622  -63.11611  -63.02367  0.99942  0.00290  0.00437  
960     N/A    0.003230  -63.09554  -63.13157  0.04393  -63.13947  -63.05161  0.99943  0.00254  0.00392  
980     N/A    0.003662  -63.06818  -63.09990  0.04426  -63.11245  -63.02392  0.99950  0.00296  0.00436  
1000     N/A    0.003371  -63.08662  -63.13016  0.04376  -63.13038  -63.04286  0.99931  0.00268  0.00406  
1020     N/A    0.003501  -63.07838  -63.09659  0.04276  -63.12114  -63.03563  0.99971  0.00283  0.00418  
1040     N/A    0.003250  -63.09429  -63.12662  0.04413  -63.13842  -63.05016  0.99949  0.00255  0.00395  
1060     N/A    0.002880  -63.11767  -63.14295  0.04293  -63.16060  -63.07474  0.99960  0.00220  0.00356  
1080     N/A    0.003041  -63.10751  -63.13455  0.04207  -63.14958  -63.06544  0.99957  0.00238  0.00371  
1100     N/A    0.003270  -63.09300  -63.13184  0.04223  -63.13523  -63.05076  0.99938  0.00260  0.00394  
1120     N/A    0.002820  -63.12147  -63.13092  0.04172  -63.16318  -63.07975  0.99985  0.00216  0.00348  
1140     N/A    0.003020  -63.10881  -63.15362  0.04113  -63.14994  -63.06768  0.99929  0.00237  0.00367  
1160     N/A    0.003278  -63.09253  -63.12945  0.04208  -63.13460  -63.05045  0.99942  0.00261  0.00394  
1180     N/A    0.003064  -63.10605  -63.12855  0.04190  -63.14794  -63.06415  0.99964  0.00240  0.00373  
1200     N/A    0.003558  -63.07479  -63.10909  0.04064  -63.11544  -63.03415  0.99946  0.00292  0.00420  
1220     N/A    0.003341  -63.08849  -63.12418  0.04038  -63.12887  -63.04811  0.99943  0.00270  0.00398  
1240     N/A    0.002969  -63.11204  -63.12827  0.03991  -63.15195  -63.07213  0.99974  0.00234  0.00360  
1260     N/A    0.002948  -63.11339  -63.14064  0.04131  -63.15470  -63.07208  0.99957  0.00230  0.00360  
1280     N/A    0.002616  -63.13443  -63.14695  0.04007  -63.17450  -63.09436  0.99980  0.00198  0.00325  
1300     N/A    0.003266  -63.09327  -63.11735  0.04019  -63.13345  -63.05308  0.99962  0.00263  0.00390  
1320     N/A    0.002914  -63.11552  -63.15094  0.04018  -63.15570  -63.07534  0.99944  0.00228  0.00355  
1340     N/A    0.003034  -63.10792  -63.14889  0.04043  -63.14835  -63.06749  0.99935  0.00240  0.00367  
1360     N/A    0.002709  -63.12850  -63.15079  0.04018  -63.16868  -63.08832  0.99965  0.00207  0.00334  
1380     N/A    0.002673  -63.13080  -63.15657  0.03922  -63.17002  -63.09158  0.99959  0.00205  0.00329  
1400     N/A    0.002544  -63.13898  -63.15893  0.03827  -63.17725  -63.10071  0.99968  0.00194  0.00315  
1420     N/A    0.002915  -63.11548  -63.13216  0.03790  -63.15338  -63.07758  0.99974  0.00232  0.00351  
1440     N/A    0.002558  -63.13809  -63.17056  0.03961  -63.17770  -63.09848  0.99949  0.00193  0.00318  
1460     N/A    0.002342  -63.15172  -63.18097  0.03786  -63.18958  -63.11387  0.99954  0.00174  0.00294  
1480     N/A    0.003035  -63.10790  -63.13273  0.03828  -63.14618  -63.06962  0.99961  0.00243  0.00364  
1500     N/A    0.002572  -63.13716  -63.15414  0.03665  -63.17382  -63.10051  0.99973  0.00199  0.00315  
1520     N/A    0.002707  -63.12864  -63.11747  0.03757  -63.16622  -63.09107  1.00018  0.00211  0.00330  
1540     N/A    0.002093  -63.16754  -63.19189  0.03644  -63.20398  -63.13110  0.99961  0.00152  0.00267  
1560     N/A    0.002009  -63.17280  -63.17630  0.03535  -63.20815  -63.13745  0.99994  0.00145  0.00257  
1580     N/A    0.002150  -63.16390  -63.16732  0.03488  -63.19878  -63.12903  0.99995  0.00160  0.00270  
1600     N/A    0.002573  -63.13712  -63.15734  0.03488  -63.17200  -63.10224  0.99968  0.00202  0.00312  
1620     N/A    0.002011  -63.17269  -63.16977  0.03415  -63.20683  -63.13854  1.00005  0.00147  0.00255  
1640     N/A    0.001927  -63.17805  -63.18728  0.03403  -63.21208  -63.14402  0.99985  0.00139  0.00246  
1660     N/A    0.002387  -63.14891  -63.16188  0.03394  -63.18285  -63.11497  0.99979  0.00185  0.00292  
1680     N/A    0.002138  -63.16468  -63.16568  0.03319  -63.19787  -63.13149  0.99998  0.00161  0.00266  
1700     N/A    0.002024  -63.17191  -63.16003  0.03347  -63.20538  -63.13844  1.00019  0.00149  0.00255  
1720     N/A    0.001927  -63.17802  -63.19229  0.03274  -63.21076  -63.14528  0.99977  0.00141  0.00244  
1740     N/A    0.001954  -63.17634  -63.18258  0.03273  -63.20907  -63.14361  0.99990  0.00144  0.00247  
1760     N/A    0.002150  -63.16391  -63.16553  0.03268  -63.19660  -63.13123  0.99997  0.00163  0.00267  
1780     N/A    0.001933  -63.17766  -63.18363  0.03198  -63.20963  -63.14568  0.99991  0.00143  0.00244  
1800     N/A    0.001830  -63.18415  -63.19865  0.03185  -63.21600  -63.15229  0.99977  0.00133  0.00233  
1820     N/A    0.001651  -63.19550  -63.21021  0.03148  -63.22698  -63.16402  0.99977  0.00115  0.00215  
1840     N/A    0.001808  -63.18556  -63.18748  0.03120  -63.21675  -63.15436  0.99997  0.00132  0.00230  
1860     N/A    0.001897  -63.17989  -63.17169  0.03109  -63.21098  -63.14880  1.00013  0.00141  0.00239  
1880     N/A    0.001601  -63.19864  -63.20476  0.03131  -63.22996  -63.16733  0.99990  0.00111  0.00210  
1900     N/A    0.002028  -63.17160  -63.18093  0.03124  -63.20284  -63.14037  0.99985  0.00153  0.00252  
1920     N/A    0.001831  -63.18412  -63.18496  0.03092  -63.21504  -63.15319  0.99999  0.00134  0.00232  
1940     N/A    0.001722  -63.19100  -63.21216  0.03013  -63.22113  -63.16087  0.99967  0.00125  0.00220  
1960     N/A    0.001516  -63.20402  -63.20950  0.02913  -63.23315  -63.17489  0.99991  0.00106  0.00198  
1980     N/A    0.001629  -63.19690  -63.19622  0.02973  -63.22663  -63.16717  1.00001  0.00116  0.00210  
2000     N/A    0.001849  -63.18293  -63.18985  0.03074  -63.21368  -63.15219  0.99989  0.00136  0.00234  
2020     N/A    0.001829  -63.18421  -63.18858  0.02986  -63.21407  -63.15435  0.99993  0.00136  0.00230  
2040     N/A    0.001571  -63.20054  -63.19987  0.02946  -63.23000  -63.17108  1.00001  0.00111  0.00204  
