nh: 28
samples1: 32500
samples2: 5000
burn_in: 500
steps: 100
Exact H:-63.3
   Fidelity  ROE       Mean      Median    CI Width LL on CI  UL on CI  mmRatio  Min Err  Max Err
50     N/A    0.043571  -60.54198  -60.60831  0.14025  -60.68222  -60.40173  0.99891  0.04136  0.04579  
100     N/A    0.024215  -61.76718  -61.92811  0.10863  -61.87581  -61.65855  0.99740  0.02250  0.02593  
150     N/A    0.018134  -62.15214  -62.33271  0.09474  -62.24688  -62.05740  0.99710  0.01664  0.01963  
200     N/A    0.013756  -62.42927  -62.52843  0.08552  -62.51480  -62.34375  0.99841  0.01240  0.01511  
250     N/A    0.011454  -62.57495  -62.67083  0.07731  -62.65226  -62.49764  0.99847  0.01023  0.01268  
300     N/A    0.009797  -62.67985  -62.78900  0.07194  -62.75179  -62.60790  0.99826  0.00866  0.01093  
350     N/A    0.007863  -62.80227  -62.90064  0.06895  -62.87122  -62.73332  0.99844  0.00677  0.00895  
400     N/A    0.007614  -62.81805  -62.87813  0.06552  -62.88357  -62.75253  0.99904  0.00658  0.00865  
450     N/A    0.006220  -62.90629  -62.95424  0.06266  -62.96895  -62.84363  0.99924  0.00523  0.00721  
500     N/A    0.006269  -62.90316  -62.94946  0.05917  -62.96232  -62.84399  0.99926  0.00533  0.00720  
550     N/A    0.006206  -62.90715  -62.98368  0.05833  -62.96549  -62.84882  0.99879  0.00528  0.00713  
600     N/A    0.005419  -62.95699  -63.02235  0.05412  -63.01111  -62.90287  0.99896  0.00456  0.00627  
650     N/A    0.005554  -62.94844  -62.98719  0.05375  -63.00219  -62.89470  0.99938  0.00470  0.00640  
700     N/A    0.004741  -62.99989  -63.03442  0.05117  -63.05106  -62.94872  0.99945  0.00393  0.00555  
750     N/A    0.003944  -63.05032  -63.06746  0.05092  -63.10125  -62.99940  0.99973  0.00314  0.00475  
800     N/A    0.004213  -63.03329  -63.06829  0.04871  -63.08200  -62.98458  0.99945  0.00344  0.00498  
850     N/A    0.004059  -63.04306  -63.05523  0.04622  -63.08928  -62.99685  0.99981  0.00333  0.00479  
900     N/A    0.003964  -63.04908  -63.09159  0.04631  -63.09539  -63.00277  0.99933  0.00323  0.00470  
950     N/A    0.003933  -63.05106  -63.06240  0.04538  -63.09644  -63.00568  0.99982  0.00322  0.00465  
1000     N/A    0.003139  -63.10132  -63.12420  0.04530  -63.14661  -63.05602  0.99964  0.00242  0.00385  
1050     N/A    0.003376  -63.08628  -63.11073  0.04405  -63.13033  -63.04223  0.99961  0.00268  0.00407  
1100     N/A    0.003670  -63.06770  -63.07572  0.04349  -63.11120  -63.02421  0.99987  0.00298  0.00436  
1150     N/A    0.003429  -63.08292  -63.10669  0.04276  -63.12568  -63.04016  0.99962  0.00275  0.00410  
1200     N/A    0.003726  -63.06412  -63.08928  0.04204  -63.10616  -63.02207  0.99960  0.00306  0.00439  
1250     N/A    0.003216  -63.09646  -63.10029  0.04135  -63.13781  -63.05511  0.99994  0.00256  0.00387  
1300     N/A    0.003485  -63.07938  -63.08587  0.04126  -63.12064  -63.03812  0.99990  0.00283  0.00414  
1350     N/A    0.003173  -63.09915  -63.11744  0.04039  -63.13954  -63.05877  0.99971  0.00253  0.00381  
1400     N/A    0.002765  -63.12497  -63.12966  0.03961  -63.16458  -63.08535  0.99993  0.00214  0.00339  
1450     N/A    0.002855  -63.11931  -63.13658  0.03823  -63.15754  -63.08108  0.99973  0.00225  0.00346  
1500     N/A    0.002819  -63.12155  -63.13232  0.03820  -63.15975  -63.08335  0.99983  0.00222  0.00342  
1550     N/A    0.003175  -63.09899  -63.11824  0.03859  -63.13758  -63.06040  0.99969  0.00257  0.00379  
1600     N/A    0.002911  -63.11575  -63.14059  0.03792  -63.15366  -63.07783  0.99961  0.00231  0.00351  
1650     N/A    0.002987  -63.11094  -63.15654  0.03749  -63.14843  -63.07344  0.99928  0.00239  0.00358  
1700     N/A    0.002112  -63.16632  -63.15049  0.03636  -63.20268  -63.12996  1.00025  0.00154  0.00269  
1750     N/A    0.002481  -63.14295  -63.15177  0.03610  -63.17905  -63.10684  0.99986  0.00191  0.00305  
1800     N/A    0.002601  -63.13536  -63.13644  0.03546  -63.17082  -63.09989  0.99998  0.00204  0.00316  
1850     N/A    0.002356  -63.15089  -63.15946  0.03538  -63.18627  -63.11550  0.99986  0.00180  0.00291  
1900     N/A    0.002505  -63.14143  -63.15474  0.03538  -63.17681  -63.10605  0.99979  0.00195  0.00306  
1950     N/A    0.002276  -63.15593  -63.13977  0.03660  -63.19254  -63.11933  1.00026  0.00170  0.00285  
2000     N/A    0.002312  -63.15365  -63.15256  0.03513  -63.18878  -63.11852  1.00002  0.00176  0.00287  
2050     N/A    0.001856  -63.18251  -63.17233  0.03465  -63.21716  -63.14786  1.00016  0.00131  0.00240  
2100     N/A    0.002109  -63.16650  -63.14980  0.03450  -63.20100  -63.13200  1.00026  0.00156  0.00265  
2150     N/A    0.002557  -63.13811  -63.13470  0.03399  -63.17210  -63.10412  1.00005  0.00202  0.00309  
2200     N/A    0.002273  -63.15614  -63.14286  0.03421  -63.19035  -63.12193  1.00021  0.00173  0.00281  
2250     N/A    0.002401  -63.14800  -63.16454  0.03330  -63.18130  -63.11470  0.99974  0.00188  0.00293  
2300     N/A    0.002319  -63.15320  -63.16443  0.03302  -63.18623  -63.12018  0.99982  0.00180  0.00284  
2350     N/A    0.002168  -63.16279  -63.15583  0.03349  -63.19628  -63.12929  1.00011  0.00164  0.00270  
2400     N/A    0.002554  -63.13833  -63.13494  0.03356  -63.17190  -63.10477  1.00005  0.00202  0.00308  
2450     N/A    0.002140  -63.16452  -63.17191  0.03328  -63.19780  -63.13124  0.99988  0.00161  0.00267  
2500     N/A    0.002004  -63.17316  -63.17082  0.03240  -63.20556  -63.14077  1.00004  0.00149  0.00252  
2550     N/A    0.002200  -63.16076  -63.15215  0.03248  -63.19324  -63.12827  1.00014  0.00169  0.00271  
2600     N/A    0.001954  -63.17633  -63.16979  0.03315  -63.20948  -63.14319  1.00010  0.00143  0.00248  
2650     N/A    0.001965  -63.17563  -63.17066  0.03311  -63.20874  -63.14251  1.00008  0.00144  0.00249  
2700     N/A    0.002248  -63.15767  -63.15450  0.03278  -63.19045  -63.12490  1.00005  0.00173  0.00277  
2750     N/A    0.001773  -63.18778  -63.17685  0.03228  -63.22006  -63.15549  1.00017  0.00126  0.00228  
2800     N/A    0.001885  -63.18070  -63.19381  0.03149  -63.21219  -63.14921  0.99979  0.00139  0.00238  
2850     N/A    0.002171  -63.16255  -63.15494  0.03166  -63.19420  -63.13089  1.00012  0.00167  0.00267  
2900     N/A    0.001833  -63.18400  -63.17334  0.03171  -63.21571  -63.15229  1.00017  0.00133  0.00233  
2950     N/A    0.001686  -63.19328  -63.17538  0.03205  -63.22533  -63.16123  1.00028  0.00118  0.00219  
3000     N/A    0.001843  -63.18332  -63.17773  0.03126  -63.21458  -63.15206  1.00009  0.00135  0.00234  
3050     N/A    0.001757  -63.18878  -63.18873  0.03176  -63.22053  -63.15702  1.00000  0.00126  0.00226  
3100     N/A    0.001998  -63.17351  -63.15719  0.03131  -63.20482  -63.14220  1.00026  0.00150  0.00249  
3150     N/A    0.001858  -63.18238  -63.18380  0.03105  -63.21343  -63.15133  0.99998  0.00137  0.00235  
3200     N/A    0.002297  -63.15461  -63.14730  0.03116  -63.18577  -63.12345  1.00012  0.00180  0.00279  
3250     N/A    0.001793  -63.18649  -63.16140  0.03103  -63.21752  -63.15546  1.00040  0.00130  0.00228  
3300     N/A    0.001562  -63.20111  -63.18679  0.03069  -63.23180  -63.17042  1.00023  0.00108  0.00205  
3350     N/A    0.001946  -63.17684  -63.17704  0.03064  -63.20748  -63.14621  1.00000  0.00146  0.00243  
3400     N/A    0.001810  -63.18542  -63.17437  0.03010  -63.21552  -63.15532  1.00017  0.00133  0.00229  
3450     N/A    0.001828  -63.18428  -63.15139  0.03068  -63.21497  -63.15360  1.00052  0.00134  0.00231  
3500     N/A    0.002068  -63.16907  -63.17023  0.03033  -63.19940  -63.13874  0.99998  0.00159  0.00255  
3550     N/A    0.001593  -63.19919  -63.19107  0.03040  -63.22959  -63.16879  1.00013  0.00111  0.00207  
3600     N/A    0.001881  -63.18095  -63.17883  0.03054  -63.21149  -63.15041  1.00003  0.00140  0.00236  
3650     N/A    0.001574  -63.20035  -63.18495  0.03040  -63.23075  -63.16995  1.00024  0.00109  0.00205  
3700     N/A    0.001732  -63.19034  -63.17325  0.02936  -63.21971  -63.16098  1.00027  0.00127  0.00220  
3750     N/A    0.001612  -63.19793  -63.17981  0.03012  -63.22805  -63.16782  1.00029  0.00114  0.00209  
3800     N/A    0.001866  -63.18189  -63.18338  0.02938  -63.21127  -63.15251  0.99998  0.00140  0.00233  
3850     N/A    0.001645  -63.19588  -63.18518  0.03043  -63.22631  -63.16545  1.00017  0.00116  0.00213  
3900     N/A    0.002172  -63.16250  -63.15052  0.02979  -63.19230  -63.13271  1.00019  0.00170  0.00264  
3950     N/A    0.001565  -63.20093  -63.18540  0.03004  -63.23097  -63.17089  1.00025  0.00109  0.00204  
4000     N/A    0.001535  -63.20280  -63.19998  0.02951  -63.23231  -63.17329  1.00004  0.00107  0.00200  
4050     N/A    0.001856  -63.18250  -63.15279  0.03010  -63.21260  -63.15240  1.00047  0.00138  0.00233  
4100     N/A    0.001953  -63.17638  -63.18969  0.02996  -63.20634  -63.14643  0.99979  0.00148  0.00243  
4150     N/A    0.001767  -63.18812  -63.16502  0.02941  -63.21753  -63.15871  1.00037  0.00130  0.00223  
4200     N/A    0.001672  -63.19418  -63.19319  0.02981  -63.22399  -63.16437  1.00002  0.00120  0.00214  
4250     N/A    0.001646  -63.19579  -63.17516  0.02901  -63.22479  -63.16678  1.00033  0.00119  0.00210  
4300     N/A    0.001485  -63.20602  -63.20198  0.02826  -63.23428  -63.17776  1.00006  0.00104  0.00193  
4350     N/A    0.001584  -63.19976  -63.19416  0.02972  -63.22948  -63.17004  1.00009  0.00111  0.00205  
4400     N/A    0.002344  -63.15165  -63.15835  0.02972  -63.18137  -63.12193  0.99989  0.00187  0.00281  
4450     N/A    0.001596  -63.19900  -63.19499  0.02924  -63.22824  -63.16975  1.00006  0.00113  0.00206  
4500     N/A    0.001786  -63.18698  -63.16783  0.02990  -63.21688  -63.15708  1.00030  0.00131  0.00226  
4550     N/A    0.001928  -63.17796  -63.17686  0.02906  -63.20702  -63.14890  1.00002  0.00147  0.00239  
4600     N/A    0.001646  -63.19579  -63.17562  0.03006  -63.22585  -63.16573  1.00032  0.00117  0.00212  
4650     N/A    0.001961  -63.17587  -63.16738  0.02977  -63.20563  -63.14610  1.00013  0.00149  0.00243  
4700     N/A    0.001773  -63.18776  -63.17612  0.02970  -63.21746  -63.15806  1.00018  0.00130  0.00224  
4750     N/A    0.002080  -63.16832  -63.17475  0.02931  -63.19763  -63.13900  0.99990  0.00162  0.00254  
4800     N/A    0.001696  -63.19264  -63.18846  0.02945  -63.22208  -63.16319  1.00007  0.00123  0.00216  
4850     N/A    0.001721  -63.19104  -63.17333  0.02878  -63.21982  -63.16227  1.00028  0.00127  0.00218  
4900     N/A    0.001566  -63.20086  -63.20107  0.02960  -63.23047  -63.17126  1.00000  0.00110  0.00203  
4950     N/A    0.001913  -63.17888  -63.17561  0.02890  -63.20777  -63.14998  1.00005  0.00146  0.00237  
5000     N/A    0.001630  -63.19685  -63.19759  0.02901  -63.22586  -63.16783  0.99999  0.00117  0.00209  
5050     N/A    0.001777  -63.18752  -63.18529  0.02938  -63.21690  -63.15815  1.00004  0.00131  0.00224  
5100     N/A    0.001704  -63.19216  -63.17886  0.02959  -63.22175  -63.16257  1.00021  0.00124  0.00217  
5150     N/A    0.001566  -63.20088  -63.18882  0.02864  -63.22952  -63.17223  1.00019  0.00111  0.00202  
5200     N/A    0.001730  -63.19052  -63.17296  0.02899  -63.21951  -63.16153  1.00028  0.00127  0.00219  
5250     N/A    0.001583  -63.19979  -63.19477  0.02951  -63.22930  -63.17028  1.00008  0.00112  0.00205  
5300     N/A    0.001690  -63.19301  -63.18377  0.02920  -63.22220  -63.16381  1.00015  0.00123  0.00215  
5350     N/A    0.001732  -63.19034  -63.17353  0.02911  -63.21945  -63.16122  1.00027  0.00127  0.00219  
5400     N/A    0.001931  -63.17776  -63.17146  0.02980  -63.20756  -63.14796  1.00010  0.00146  0.00240  
5450     N/A    0.001452  -63.20812  -63.19838  0.02937  -63.23748  -63.17875  1.00015  0.00099  0.00192  
5500     N/A    0.001959  -63.17599  -63.15897  0.02915  -63.20515  -63.14684  1.00027  0.00150  0.00242  
5550     N/A    0.001693  -63.19281  -63.16948  0.02908  -63.22189  -63.16373  1.00037  0.00123  0.00215  
5600     N/A    0.001441  -63.20879  -63.20602  0.02899  -63.23779  -63.17980  1.00004  0.00098  0.00190  
5650     N/A    0.001719  -63.19120  -63.18867  0.02933  -63.22053  -63.16187  1.00004  0.00126  0.00218  
5700     N/A    0.001729  -63.19054  -63.16215  0.02923  -63.21976  -63.16131  1.00045  0.00127  0.00219  
5750     N/A    0.001841  -63.18345  -63.18092  0.02919  -63.21264  -63.15426  1.00004  0.00138  0.00230  
5800     N/A    0.001754  -63.18895  -63.18586  0.02926  -63.21821  -63.15969  1.00005  0.00129  0.00222  
5850     N/A    0.001444  -63.20858  -63.20378  0.02887  -63.23745  -63.17971  1.00008  0.00099  0.00190  
5900     N/A    0.001611  -63.19800  -63.19498  0.02933  -63.22733  -63.16866  1.00005  0.00115  0.00207  
5950     N/A    0.001770  -63.18793  -63.18470  0.02876  -63.21669  -63.15917  1.00005  0.00132  0.00222  
6000     N/A    0.001855  -63.18260  -63.18148  0.02930  -63.21190  -63.15331  1.00002  0.00139  0.00232  
6050     N/A    0.001460  -63.20758  -63.19212  0.02959  -63.23717  -63.17799  1.00024  0.00099  0.00193  
6100     N/A    0.001871  -63.18159  -63.18045  0.02908  -63.21067  -63.15251  1.00002  0.00141  0.00233  
6150     N/A    0.001812  -63.18533  -63.19257  0.02863  -63.21397  -63.15670  0.99989  0.00136  0.00226  
6200     N/A    0.001729  -63.19057  -63.17676  0.02930  -63.21987  -63.16127  1.00022  0.00127  0.00219  
6250     N/A    0.001609  -63.19814  -63.19112  0.02922  -63.22737  -63.16892  1.00011  0.00115  0.00207  
6300     N/A    0.001942  -63.17708  -63.14909  0.02929  -63.20637  -63.14779  1.00044  0.00148  0.00240  
6350     N/A    0.002096  -63.16730  -63.16460  0.02951  -63.19682  -63.13779  1.00004  0.00163  0.00256  
6400     N/A    0.001589  -63.19942  -63.19687  0.02870  -63.22811  -63.17072  1.00004  0.00114  0.00204  
6450     N/A    0.001593  -63.19919  -63.18480  0.02901  -63.22820  -63.17019  1.00023  0.00113  0.00205  
6500     N/A    0.001614  -63.19785  -63.18712  0.02923  -63.22708  -63.16863  1.00017  0.00115  0.00208  
6550     N/A    0.001969  -63.17535  -63.18136  0.02899  -63.20434  -63.14636  0.99990  0.00151  0.00243  
6600     N/A    0.001704  -63.19211  -63.18600  0.02890  -63.22101  -63.16322  1.00010  0.00125  0.00216  
6650     N/A    0.001973  -63.17511  -63.18710  0.02960  -63.20471  -63.14550  0.99981  0.00151  0.00244  
6700     N/A    0.001417  -63.21031  -63.20666  0.02858  -63.23889  -63.18173  1.00006  0.00097  0.00187  
6750     N/A    0.001554  -63.20165  -63.17995  0.02851  -63.23017  -63.17314  1.00034  0.00110  0.00200  
6800     N/A    0.001808  -63.18556  -63.18840  0.02943  -63.21499  -63.15613  0.99996  0.00134  0.00227  
6850     N/A    0.001936  -63.17748  -63.17275  0.02973  -63.20721  -63.14775  1.00007  0.00147  0.00241  
6900     N/A    0.001458  -63.20770  -63.19529  0.02903  -63.23673  -63.17868  1.00020  0.00100  0.00192  
6950     N/A    0.001488  -63.20582  -63.20376  0.02927  -63.23509  -63.17655  1.00003  0.00103  0.00195  
7000     N/A    0.001781  -63.18725  -63.17057  0.02994  -63.21718  -63.15731  1.00026  0.00131  0.00225  
7050     N/A    0.001487  -63.20588  -63.18550  0.02955  -63.23543  -63.17633  1.00032  0.00102  0.00195  
7100     N/A    0.001517  -63.20398  -63.19733  0.02946  -63.23344  -63.17452  1.00011  0.00105  0.00198  
7150     N/A    0.001438  -63.20896  -63.19228  0.02901  -63.23796  -63.17995  1.00026  0.00098  0.00190  
7200     N/A    0.001734  -63.19026  -63.18968  0.02907  -63.21934  -63.16119  1.00001  0.00127  0.00219  
7250     N/A    0.002150  -63.16388  -63.14732  0.02876  -63.19264  -63.13511  1.00026  0.00170  0.00260  
7300     N/A    0.001573  -63.20041  -63.19698  0.02915  -63.22956  -63.17125  1.00005  0.00111  0.00203  
7350     N/A    0.001756  -63.18887  -63.17152  0.02919  -63.21807  -63.15968  1.00027  0.00129  0.00222  
7400     N/A    0.001953  -63.17634  -63.17214  0.02964  -63.20599  -63.14670  1.00007  0.00149  0.00242  
7450     N/A    0.001532  -63.20303  -63.19022  0.02886  -63.23189  -63.17417  1.00020  0.00108  0.00199  
7500     N/A    0.001582  -63.19986  -63.19389  0.02878  -63.22863  -63.17108  1.00009  0.00113  0.00204  
7550     N/A    0.001758  -63.18872  -63.18880  0.02894  -63.21765  -63.15978  1.00000  0.00130  0.00222  
7600     N/A    0.001962  -63.17583  -63.16205  0.02919  -63.20503  -63.14664  1.00022  0.00150  0.00242  
7650     N/A    0.001600  -63.19872  -63.19601  0.02951  -63.22822  -63.16921  1.00004  0.00113  0.00207  
7700     N/A    0.001277  -63.21917  -63.21072  0.02875  -63.24792  -63.19042  1.00013  0.00082  0.00173  
7750     N/A    0.001766  -63.18821  -63.17368  0.02904  -63.21725  -63.15917  1.00023  0.00131  0.00222  
7800     N/A    0.001668  -63.19444  -63.18343  0.02945  -63.22388  -63.16499  1.00017  0.00120  0.00213  
7850     N/A    0.002033  -63.17128  -63.17857  0.02879  -63.20007  -63.14249  0.99988  0.00158  0.00249  
7900     N/A    0.001484  -63.20606  -63.19839  0.02849  -63.23456  -63.17757  1.00012  0.00103  0.00193  
7950     N/A    0.001380  -63.21266  -63.21395  0.02934  -63.24200  -63.18332  0.99998  0.00092  0.00184  
8000     N/A    0.001674  -63.19402  -63.19425  0.02926  -63.22328  -63.16477  1.00000  0.00121  0.00214  
8050     N/A    0.001457  -63.20780  -63.18649  0.02906  -63.23686  -63.17874  1.00034  0.00100  0.00192  
8100     N/A    0.001709  -63.19181  -63.18451  0.02897  -63.22078  -63.16284  1.00012  0.00125  0.00217  
8150     N/A    0.001400  -63.21141  -63.18884  0.02839  -63.23980  -63.18302  1.00036  0.00095  0.00185  
8200     N/A    0.001897  -63.17991  -63.16659  0.02812  -63.20803  -63.15179  1.00021  0.00145  0.00234  
8250     N/A    0.001692  -63.19287  -63.18639  0.02963  -63.22249  -63.16324  1.00010  0.00122  0.00216  
8300     N/A    0.001409  -63.21082  -63.19797  0.02900  -63.23982  -63.18181  1.00020  0.00095  0.00187  
