nh: 30
samples1: 100000
samples2: 5000
burn_in: 500
steps: 100
Exact H:-63.3
   Fidelity  ROE       Mean      Median    CI Width LL on CI  UL on CI  mmRatio  Min Err  Max Err
20     N/A    0.034860  -61.09338  -61.24555  0.13091  -61.22428  -60.96247  0.99752  0.03279  0.03693  
40     N/A    0.020899  -61.97711  -62.15126  0.10260  -62.07971  -61.87450  0.99720  0.01928  0.02252  
60     N/A    0.016081  -62.28210  -62.40031  0.08926  -62.37136  -62.19285  0.99811  0.01467  0.01749  
80     N/A    0.012169  -62.52969  -62.66179  0.07993  -62.60963  -62.44976  0.99789  0.01091  0.01343  
100     N/A    0.008590  -62.75627  -62.83037  0.07122  -62.82748  -62.68505  0.99882  0.00746  0.00971  
120     N/A    0.008400  -62.76825  -62.85634  0.06705  -62.83530  -62.70121  0.99860  0.00734  0.00946  
140     N/A    0.006279  -62.90256  -62.96499  0.06281  -62.96537  -62.83974  0.99901  0.00529  0.00727  
160     N/A    0.005896  -62.92680  -63.00047  0.05934  -62.98614  -62.86746  0.99883  0.00496  0.00683  
180     N/A    0.004970  -62.98541  -63.02349  0.05452  -63.03993  -62.93089  0.99940  0.00411  0.00583  
200     N/A    0.004338  -63.02543  -63.05822  0.05196  -63.07739  -62.97347  0.99948  0.00352  0.00516  
220     N/A    0.004152  -63.03719  -63.08693  0.04813  -63.08532  -62.98905  0.99921  0.00339  0.00491  
240     N/A    0.003411  -63.08405  -63.12355  0.04576  -63.12981  -63.03829  0.99937  0.00269  0.00413  
260     N/A    0.003202  -63.09728  -63.12566  0.04416  -63.14144  -63.05313  0.99955  0.00250  0.00390  
280     N/A    0.002847  -63.11977  -63.13430  0.04148  -63.16124  -63.07829  0.99977  0.00219  0.00350  
300     N/A    0.002877  -63.11787  -63.14361  0.03929  -63.15716  -63.07857  0.99959  0.00226  0.00350  
320     N/A    0.002576  -63.13693  -63.15033  0.03673  -63.17366  -63.10020  0.99979  0.00200  0.00316  
340     N/A    0.002457  -63.14445  -63.16342  0.03662  -63.18108  -63.10783  0.99970  0.00188  0.00304  
360     N/A    0.002070  -63.16897  -63.19311  0.03499  -63.20397  -63.13398  0.99962  0.00152  0.00262  
380     N/A    0.002216  -63.15970  -63.16546  0.03384  -63.19354  -63.12586  0.99991  0.00168  0.00275  
400     N/A    0.001824  -63.18451  -63.19635  0.03331  -63.21782  -63.15120  0.99981  0.00130  0.00235  
420     N/A    0.001898  -63.17988  -63.18691  0.03397  -63.21385  -63.14591  0.99989  0.00136  0.00243  
440     N/A    0.001471  -63.20689  -63.21028  0.03136  -63.23825  -63.17553  0.99995  0.00098  0.00197  
460     N/A    0.001411  -63.21070  -63.20070  0.03195  -63.24265  -63.17875  1.00016  0.00091  0.00192  
480     N/A    0.001864  -63.18202  -63.19775  0.03120  -63.21322  -63.15082  0.99975  0.00137  0.00236  
500     N/A    0.001413  -63.21058  -63.21480  0.02953  -63.24011  -63.18104  0.99993  0.00095  0.00188  
520     N/A    0.001460  -63.20757  -63.20403  0.02935  -63.23693  -63.17822  1.00006  0.00100  0.00192  
540     N/A    0.001599  -63.19878  -63.19355  0.02837  -63.22715  -63.17041  1.00008  0.00115  0.00205  
560     N/A    0.001172  -63.22584  -63.21714  0.02804  -63.25388  -63.19779  1.00014  0.00073  0.00161  
580     N/A    0.001618  -63.19760  -63.20174  0.02830  -63.22590  -63.16930  0.99993  0.00117  0.00206  
600     N/A    0.001341  -63.21509  -63.21107  0.02672  -63.24181  -63.18837  1.00006  0.00092  0.00176  
620     N/A    0.001073  -63.23207  -63.21215  0.02650  -63.25858  -63.20557  1.00032  0.00065  0.00149  
640     N/A    0.001286  -63.21860  -63.20254  0.02564  -63.24424  -63.19296  1.00025  0.00088  0.00169  
660     N/A    0.001194  -63.22443  -63.22024  0.02478  -63.24921  -63.19964  1.00007  0.00080  0.00159  
680     N/A    0.000961  -63.23919  -63.22684  0.02488  -63.26406  -63.21431  1.00020  0.00057  0.00135  
700     N/A    0.001075  -63.23198  -63.22517  0.02431  -63.25629  -63.20766  1.00011  0.00069  0.00146  
720     N/A    0.001350  -63.21456  -63.22271  0.02410  -63.23866  -63.19045  0.99987  0.00097  0.00173  
740     N/A    0.001051  -63.23350  -63.22336  0.02411  -63.25761  -63.20939  1.00016  0.00067  0.00143  
760     N/A    0.000925  -63.24147  -63.23072  0.02327  -63.26474  -63.21820  1.00017  0.00056  0.00129  
780     N/A    0.000963  -63.23906  -63.23825  0.02318  -63.26224  -63.21588  1.00001  0.00060  0.00133  
800     N/A    0.001188  -63.22477  -63.22568  0.02239  -63.24716  -63.20238  0.99999  0.00083  0.00154  
