nh: 28
samples1: 50000
samples2: 5000
burn_in: 500
steps: 100
Exact H:-63.3
   Fidelity  ROE       Mean      Median    CI Width LL on CI  UL on CI  mmRatio  Min Err  Max Err
20     N/A    0.063858  -59.25779  -59.37525  0.16353  -59.42133  -59.09426  0.99802  0.06127  0.06644  
40     N/A    0.038044  -60.89181  -61.09944  0.13184  -61.02365  -60.75998  0.99660  0.03596  0.04013  
60     N/A    0.029025  -61.46269  -61.68075  0.11936  -61.58205  -61.34334  0.99646  0.02714  0.03091  
80     N/A    0.022168  -61.89675  -62.06267  0.10641  -62.00316  -61.79033  0.99733  0.02049  0.02385  
100     N/A    0.018338  -62.13919  -62.29506  0.09792  -62.23711  -62.04128  0.99750  0.01679  0.01989  
120     N/A    0.015359  -62.32775  -62.48949  0.08916  -62.41691  -62.23859  0.99741  0.01395  0.01677  
140     N/A    0.013783  -62.42754  -62.56979  0.08407  -62.51160  -62.34347  0.99773  0.01245  0.01511  
160     N/A    0.013133  -62.46870  -62.61109  0.08187  -62.55057  -62.38683  0.99773  0.01184  0.01443  
180     N/A    0.010730  -62.62081  -62.72393  0.07577  -62.69657  -62.54504  0.99836  0.00953  0.01193  
200     N/A    0.009510  -62.69804  -62.77867  0.07226  -62.77030  -62.62577  0.99872  0.00837  0.01065  
220     N/A    0.009301  -62.71122  -62.88773  0.07014  -62.78136  -62.64108  0.99719  0.00819  0.01041  
240     N/A    0.008616  -62.75458  -62.85271  0.06935  -62.82393  -62.68523  0.99844  0.00752  0.00971  
260     N/A    0.008295  -62.77494  -62.85030  0.06709  -62.84203  -62.70785  0.99880  0.00723  0.00935  
280     N/A    0.007168  -62.84627  -62.92789  0.06476  -62.91102  -62.78151  0.99870  0.00614  0.00819  
300     N/A    0.007594  -62.81932  -62.90743  0.06364  -62.88296  -62.75569  0.99860  0.00659  0.00860  
320     N/A    0.006568  -62.88424  -62.95799  0.06225  -62.94649  -62.82200  0.99883  0.00558  0.00755  
340     N/A    0.006749  -62.87278  -62.93905  0.06128  -62.93406  -62.81150  0.99895  0.00578  0.00772  
360     N/A    0.005557  -62.94822  -62.98884  0.05878  -63.00700  -62.88944  0.99936  0.00463  0.00649  
380     N/A    0.005954  -62.92314  -62.98051  0.05826  -62.98140  -62.86487  0.99909  0.00503  0.00687  
400     N/A    0.005587  -62.94637  -63.00490  0.05651  -63.00288  -62.88986  0.99907  0.00469  0.00648  
420     N/A    0.005095  -62.97749  -63.00974  0.05539  -63.03287  -62.92210  0.99949  0.00422  0.00597  
440     N/A    0.005225  -62.96925  -63.01974  0.05399  -63.02324  -62.91525  0.99920  0.00437  0.00608  
460     N/A    0.004880  -62.99110  -63.02821  0.05256  -63.04366  -62.93854  0.99941  0.00405  0.00571  
480     N/A    0.005175  -62.97245  -63.02231  0.05212  -63.02457  -62.92033  0.99921  0.00435  0.00600  
500     N/A    0.004661  -63.00496  -63.04121  0.05080  -63.05576  -62.95416  0.99942  0.00386  0.00546  
520     N/A    0.003753  -63.06240  -63.10518  0.05020  -63.11261  -63.01220  0.99932  0.00296  0.00455  
540     N/A    0.003523  -63.07697  -63.10771  0.04946  -63.12643  -63.02751  0.99951  0.00274  0.00430  
560     N/A    0.004773  -62.99789  -63.04205  0.04793  -63.04582  -62.94995  0.99930  0.00402  0.00553  
580     N/A    0.003696  -63.06606  -63.10290  0.04761  -63.11367  -63.01845  0.99942  0.00294  0.00445  
600     N/A    0.003946  -63.05024  -63.08598  0.04768  -63.09792  -63.00256  0.99943  0.00319  0.00470  
620     N/A    0.003500  -63.07843  -63.13576  0.04572  -63.12415  -63.03271  0.99909  0.00278  0.00422  
640     N/A    0.003567  -63.07423  -63.10169  0.04537  -63.11960  -63.02886  0.99956  0.00285  0.00428  
660     N/A    0.003794  -63.05982  -63.09310  0.04464  -63.10446  -63.01518  0.99947  0.00309  0.00450  
680     N/A    0.003146  -63.10083  -63.12840  0.04311  -63.14394  -63.05772  0.99956  0.00247  0.00383  
700     N/A    0.002582  -63.13653  -63.14099  0.04201  -63.17854  -63.09452  0.99993  0.00192  0.00325  
720     N/A    0.002928  -63.11465  -63.14607  0.04226  -63.15691  -63.07239  0.99950  0.00226  0.00360  
740     N/A    0.003107  -63.10330  -63.14769  0.04119  -63.14449  -63.06210  0.99930  0.00246  0.00376  
760     N/A    0.002733  -63.12699  -63.16449  0.04085  -63.16784  -63.08614  0.99941  0.00209  0.00338  
780     N/A    0.002699  -63.12913  -63.15681  0.03971  -63.16884  -63.08942  0.99956  0.00207  0.00333  
800     N/A    0.002380  -63.14933  -63.17023  0.03888  -63.18822  -63.11045  0.99967  0.00177  0.00299  
820     N/A    0.002861  -63.11891  -63.14295  0.03828  -63.15719  -63.08063  0.99962  0.00226  0.00347  
840     N/A    0.002581  -63.13662  -63.14497  0.03681  -63.17343  -63.09980  0.99987  0.00200  0.00316  
860     N/A    0.002367  -63.15019  -63.16659  0.03638  -63.18657  -63.11381  0.99974  0.00179  0.00294  
880     N/A    0.002659  -63.13167  -63.16341  0.03607  -63.16775  -63.09560  0.99950  0.00209  0.00323  
900     N/A    0.002525  -63.14014  -63.16076  0.03555  -63.17569  -63.10459  0.99967  0.00196  0.00309  
920     N/A    0.002074  -63.16874  -63.17896  0.03508  -63.20383  -63.13366  0.99984  0.00152  0.00263  
940     N/A    0.002045  -63.17053  -63.16748  0.03299  -63.20352  -63.13754  1.00005  0.00152  0.00257  
960     N/A    0.001741  -63.18982  -63.19813  0.03328  -63.22309  -63.15654  0.99987  0.00121  0.00227  
980     N/A    0.001994  -63.17376  -63.18588  0.03372  -63.20748  -63.14003  0.99981  0.00146  0.00253  
1000     N/A    0.001872  -63.18150  -63.19979  0.03303  -63.21453  -63.14848  0.99971  0.00135  0.00239  
1020     N/A    0.001861  -63.18217  -63.18195  0.03108  -63.21325  -63.15109  1.00000  0.00137  0.00235  
1040     N/A    0.002103  -63.16688  -63.18354  0.03140  -63.19828  -63.13548  0.99974  0.00161  0.00260  
1060     N/A    0.001805  -63.18576  -63.18549  0.03138  -63.21714  -63.15438  1.00000  0.00131  0.00230  
1080     N/A    0.001946  -63.17680  -63.18411  0.03128  -63.20809  -63.14552  0.99988  0.00145  0.00244  
1100     N/A    0.001793  -63.18652  -63.18300  0.03081  -63.21734  -63.15571  1.00006  0.00131  0.00228  
1120     N/A    0.001969  -63.17537  -63.18905  0.03154  -63.20692  -63.14383  0.99978  0.00147  0.00247  
1140     N/A    0.001604  -63.19847  -63.20162  0.03081  -63.22928  -63.16767  0.99995  0.00112  0.00209  
1160     N/A    0.001728  -63.19060  -63.18387  0.03014  -63.22073  -63.16046  1.00011  0.00125  0.00220  
1180     N/A    0.001716  -63.19137  -63.18466  0.03031  -63.22168  -63.16106  1.00011  0.00124  0.00219  
1200     N/A    0.001716  -63.19136  -63.19792  0.02991  -63.22127  -63.16146  0.99990  0.00124  0.00219  
1220     N/A    0.001573  -63.20044  -63.21665  0.02988  -63.23032  -63.17057  0.99974  0.00110  0.00204  
1240     N/A    0.001503  -63.20487  -63.21177  0.02943  -63.23429  -63.17544  0.99989  0.00104  0.00197  
1260     N/A    0.001805  -63.18576  -63.18922  0.02914  -63.21490  -63.15661  0.99995  0.00134  0.00227  
1280     N/A    0.001705  -63.19208  -63.20146  0.02860  -63.22067  -63.16348  0.99985  0.00125  0.00216  
1300     N/A    0.001685  -63.19334  -63.19724  0.02853  -63.22188  -63.16481  0.99994  0.00123  0.00214  
1320     N/A    0.001403  -63.21117  -63.20380  0.02861  -63.23978  -63.18256  1.00012  0.00095  0.00186  
1340     N/A    0.001502  -63.20491  -63.21508  0.02855  -63.23347  -63.17636  0.99984  0.00105  0.00195  
1360     N/A    0.001381  -63.21258  -63.21373  0.02827  -63.24085  -63.18430  0.99998  0.00093  0.00183  
1380     N/A    0.001355  -63.21422  -63.21351  0.02764  -63.24186  -63.18657  1.00001  0.00092  0.00179  
1400     N/A    0.001700  -63.19239  -63.20724  0.02781  -63.22019  -63.16458  0.99977  0.00126  0.00214  
1420     N/A    0.001759  -63.18866  -63.19846  0.02736  -63.21602  -63.16130  0.99984  0.00133  0.00219  
1440     N/A    0.001575  -63.20030  -63.18669  0.02730  -63.22761  -63.17300  1.00022  0.00114  0.00201  
1460     N/A    0.001625  -63.19712  -63.19213  0.02722  -63.22433  -63.16990  1.00008  0.00120  0.00206  
1480     N/A    0.001537  -63.20268  -63.19579  0.02679  -63.22947  -63.17590  1.00011  0.00111  0.00196  
1500     N/A    0.001370  -63.21328  -63.20597  0.02587  -63.23914  -63.18741  1.00012  0.00096  0.00178  
1520     N/A    0.001461  -63.20753  -63.20850  0.02652  -63.23405  -63.18101  0.99998  0.00104  0.00188  
1540     N/A    0.001452  -63.20810  -63.20211  0.02628  -63.23438  -63.18183  1.00009  0.00104  0.00187  
1560     N/A    0.001279  -63.21901  -63.20232  0.02618  -63.24519  -63.19284  1.00026  0.00087  0.00169  
1580     N/A    0.001347  -63.21476  -63.21475  0.02573  -63.24049  -63.18902  1.00000  0.00094  0.00175  
1600     N/A    0.001558  -63.20136  -63.19241  0.02591  -63.22727  -63.17546  1.00014  0.00115  0.00197  
1620     N/A    0.001438  -63.20900  -63.21444  0.02620  -63.23519  -63.18280  0.99991  0.00102  0.00185  
1640     N/A    0.001109  -63.22982  -63.22038  0.02541  -63.25523  -63.20441  1.00015  0.00071  0.00151  
1660     N/A    0.001309  -63.21713  -63.20561  0.02562  -63.24275  -63.19152  1.00018  0.00090  0.00171  
1680     N/A    0.001259  -63.22030  -63.21916  0.02489  -63.24519  -63.19541  1.00002  0.00087  0.00165  
1700     N/A    0.001552  -63.20176  -63.19709  0.02505  -63.22680  -63.17671  1.00007  0.00116  0.00195  
1720     N/A    0.001268  -63.21976  -63.20120  0.02537  -63.24513  -63.19439  1.00029  0.00087  0.00167  
1740     N/A    0.001355  -63.21425  -63.20632  0.02495  -63.23921  -63.18930  1.00013  0.00096  0.00175  
1760     N/A    0.001057  -63.23310  -63.22926  0.02473  -63.25783  -63.20837  1.00006  0.00067  0.00145  
1780     N/A    0.001510  -63.20442  -63.18959  0.02476  -63.22917  -63.17966  1.00023  0.00112  0.00190  
1800     N/A    0.001254  -63.22065  -63.22511  0.02483  -63.24548  -63.19582  0.99993  0.00086  0.00165  
1820     N/A    0.001166  -63.22617  -63.22727  0.02528  -63.25146  -63.20089  0.99998  0.00077  0.00157  
1840     N/A    0.001304  -63.21748  -63.20425  0.02428  -63.24176  -63.19320  1.00021  0.00092  0.00169  
