nh: 28
samples1: 35000
samples2: 5000
burn_in: 500
steps: 100
Exact H:-63.3
   Fidelity  ROE       Mean      Median    CI Width LL on CI  UL on CI  mmRatio  Min Err  Max Err
50     N/A    0.043060  -60.57432  -60.74714  0.13890  -60.71321  -60.43542  0.99716  0.04087  0.04525  
100     N/A    0.024761  -61.73263  -61.90923  0.11191  -61.84454  -61.62071  0.99715  0.02299  0.02653  
150     N/A    0.018015  -62.15964  -62.32071  0.09608  -62.25572  -62.06356  0.99742  0.01650  0.01953  
200     N/A    0.014896  -62.35711  -62.48275  0.08459  -62.44169  -62.27252  0.99799  0.01356  0.01623  
250     N/A    0.010996  -62.60393  -62.74214  0.07715  -62.68108  -62.52677  0.99780  0.00978  0.01222  
300     N/A    0.008992  -62.73079  -62.87789  0.06892  -62.79971  -62.66187  0.99766  0.00790  0.01008  
350     N/A    0.007158  -62.84692  -62.93831  0.06444  -62.91136  -62.78248  0.99855  0.00614  0.00818  
400     N/A    0.006641  -62.87963  -62.93834  0.05966  -62.93929  -62.81996  0.99907  0.00570  0.00758  
450     N/A    0.005866  -62.92869  -62.97360  0.05723  -62.98592  -62.87146  0.99929  0.00496  0.00677  
500     N/A    0.005069  -62.97912  -63.01782  0.05497  -63.03409  -62.92415  0.99939  0.00420  0.00594  
550     N/A    0.004987  -62.98434  -63.02474  0.05275  -63.03709  -62.93160  0.99936  0.00415  0.00582  
600     N/A    0.004426  -63.01986  -63.06524  0.05079  -63.07065  -62.96907  0.99928  0.00362  0.00523  
650     N/A    0.003999  -63.04685  -63.10235  0.04969  -63.09654  -62.99717  0.99912  0.00321  0.00478  
700     N/A    0.004163  -63.03646  -63.08767  0.04935  -63.08580  -62.98711  0.99919  0.00338  0.00494  
750     N/A    0.003822  -63.05810  -63.10882  0.04709  -63.10519  -63.01101  0.99920  0.00308  0.00457  
800     N/A    0.003583  -63.07318  -63.10680  0.04578  -63.11896  -63.02740  0.99947  0.00286  0.00431  
850     N/A    0.003375  -63.08638  -63.11736  0.04340  -63.12979  -63.04298  0.99951  0.00269  0.00406  
900     N/A    0.003285  -63.09203  -63.12664  0.04361  -63.13564  -63.04842  0.99945  0.00260  0.00397  
950     N/A    0.002928  -63.11465  -63.13773  0.04110  -63.15575  -63.07355  0.99963  0.00228  0.00358  
1000     N/A    0.003003  -63.10992  -63.14464  0.04009  -63.15001  -63.06984  0.99945  0.00237  0.00364  
1050     N/A    0.002393  -63.14855  -63.14275  0.03971  -63.18826  -63.10884  1.00009  0.00177  0.00302  
1100     N/A    0.002656  -63.13186  -63.14737  0.03816  -63.17002  -63.09370  0.99975  0.00205  0.00326  
1150     N/A    0.002475  -63.14334  -63.14562  0.03809  -63.18143  -63.10526  0.99996  0.00187  0.00308  
1200     N/A    0.002593  -63.13586  -63.14878  0.03659  -63.17246  -63.09927  0.99980  0.00201  0.00317  
1250     N/A    0.002516  -63.14076  -63.15917  0.03557  -63.17633  -63.10519  0.99971  0.00195  0.00308  
1300     N/A    0.002307  -63.15396  -63.16632  0.03517  -63.18913  -63.11879  0.99980  0.00175  0.00286  
1350     N/A    0.002280  -63.15567  -63.18839  0.03370  -63.18937  -63.12197  0.99948  0.00175  0.00281  
1400     N/A    0.002010  -63.17274  -63.18822  0.03389  -63.20664  -63.13885  0.99976  0.00147  0.00255  
1450     N/A    0.001949  -63.17665  -63.19458  0.03212  -63.20877  -63.14453  0.99972  0.00144  0.00246  
1500     N/A    0.001946  -63.17685  -63.17729  0.03111  -63.20796  -63.14574  0.99999  0.00145  0.00244  
1550     N/A    0.002040  -63.17089  -63.17795  0.03023  -63.20112  -63.14066  0.99989  0.00156  0.00252  
1600     N/A    0.001953  -63.17635  -63.16436  0.02963  -63.20598  -63.14673  1.00019  0.00149  0.00242  
1650     N/A    0.001693  -63.19283  -63.18619  0.02960  -63.22243  -63.16324  1.00011  0.00123  0.00216  
1700     N/A    0.001690  -63.19305  -63.19217  0.02902  -63.22206  -63.16403  1.00001  0.00123  0.00215  
1750     N/A    0.001754  -63.18896  -63.19784  0.02839  -63.21735  -63.16057  0.99986  0.00131  0.00220  
1800     N/A    0.001564  -63.20101  -63.19223  0.02839  -63.22940  -63.17262  1.00014  0.00112  0.00201  
1850     N/A    0.001796  -63.18629  -63.18261  0.02822  -63.21451  -63.15806  1.00006  0.00135  0.00224  
1900     N/A    0.001690  -63.19300  -63.19541  0.02742  -63.22042  -63.16558  0.99996  0.00126  0.00212  
1950     N/A    0.002124  -63.16557  -63.17184  0.02806  -63.19363  -63.13752  0.99990  0.00168  0.00257  
2000     N/A    0.001358  -63.21405  -63.22361  0.02750  -63.24156  -63.18655  0.99985  0.00092  0.00179  
2050     N/A    0.001750  -63.18924  -63.19779  0.02753  -63.21677  -63.16172  0.99986  0.00131  0.00218  
2100     N/A    0.001373  -63.21311  -63.20347  0.02752  -63.24064  -63.18559  1.00015  0.00094  0.00181  
2150     N/A    0.001498  -63.20518  -63.20462  0.02734  -63.23252  -63.17784  1.00001  0.00107  0.00193  
2200     N/A    0.001707  -63.19197  -63.19077  0.02735  -63.21932  -63.16461  1.00002  0.00127  0.00214  
2250     N/A    0.001649  -63.19564  -63.18194  0.02670  -63.22235  -63.16894  1.00022  0.00123  0.00207  
2300     N/A    0.001167  -63.22612  -63.23238  0.02711  -63.25323  -63.19901  0.99990  0.00074  0.00160  
2350     N/A    0.001428  -63.20958  -63.19912  0.02676  -63.23634  -63.18282  1.00017  0.00101  0.00185  
2400     N/A    0.001746  -63.18947  -63.17942  0.02629  -63.21576  -63.16318  1.00016  0.00133  0.00216  
2450     N/A    0.001673  -63.19409  -63.19455  0.02698  -63.22107  -63.16711  0.99999  0.00125  0.00210  
2500     N/A    0.001899  -63.17976  -63.18946  0.02647  -63.20623  -63.15330  0.99985  0.00148  0.00232  
2550     N/A    0.001471  -63.20686  -63.19079  0.02724  -63.23410  -63.17962  1.00025  0.00104  0.00190  
2600     N/A    0.001790  -63.18669  -63.18127  0.02669  -63.21338  -63.16000  1.00009  0.00137  0.00221  
2650     N/A    0.001569  -63.20068  -63.19859  0.02663  -63.22731  -63.17405  1.00003  0.00115  0.00199  
2700     N/A    0.001276  -63.21925  -63.20743  0.02684  -63.24609  -63.19241  1.00019  0.00085  0.00170  
2750     N/A    0.001110  -63.22972  -63.22448  0.02681  -63.25653  -63.20291  1.00008  0.00069  0.00153  
2800     N/A    0.001242  -63.22137  -63.23239  0.02671  -63.24808  -63.19466  0.99983  0.00082  0.00166  
2850     N/A    0.001405  -63.21109  -63.20747  0.02679  -63.23788  -63.18429  1.00006  0.00098  0.00183  
2900     N/A    0.001633  -63.19664  -63.20119  0.02651  -63.22314  -63.17013  0.99993  0.00121  0.00205  
2950     N/A    0.001109  -63.22983  -63.23137  0.02713  -63.25695  -63.20270  0.99998  0.00068  0.00154  
3000     N/A    0.001336  -63.21545  -63.20786  0.02731  -63.24277  -63.18814  1.00012  0.00090  0.00177  
3050     N/A    0.001122  -63.22897  -63.22647  0.02658  -63.25555  -63.20239  1.00004  0.00070  0.00154  
3100     N/A    0.001473  -63.20679  -63.20513  0.02686  -63.23365  -63.17992  1.00003  0.00105  0.00190  
3150     N/A    0.001651  -63.19548  -63.19490  0.02687  -63.22236  -63.16861  1.00001  0.00123  0.00208  
3200     N/A    0.001938  -63.17731  -63.17858  0.02711  -63.20442  -63.15020  0.99998  0.00151  0.00237  
3250     N/A    0.001525  -63.20349  -63.20982  0.02684  -63.23033  -63.17665  0.99990  0.00110  0.00195  
3300     N/A    0.001369  -63.21335  -63.21585  0.02709  -63.24045  -63.18626  0.99996  0.00094  0.00180  
3350     N/A    0.001520  -63.20379  -63.19561  0.02720  -63.23099  -63.17658  1.00013  0.00109  0.00195  
3400     N/A    0.001140  -63.22786  -63.21690  0.02761  -63.25546  -63.20025  1.00017  0.00070  0.00158  
3450     N/A    0.001211  -63.22332  -63.21062  0.02715  -63.25047  -63.19617  1.00020  0.00078  0.00164  
3500     N/A    0.001720  -63.19112  -63.19463  0.02705  -63.21817  -63.16407  0.99994  0.00129  0.00215  
3550     N/A    0.001504  -63.20480  -63.19084  0.02696  -63.23176  -63.17784  1.00022  0.00108  0.00193  
3600     N/A    0.001564  -63.20100  -63.19283  0.02726  -63.22827  -63.17374  1.00013  0.00113  0.00199  
3650     N/A    0.001836  -63.18376  -63.17406  0.02748  -63.21124  -63.15629  1.00015  0.00140  0.00227  
3700     N/A    0.001655  -63.19521  -63.18899  0.02688  -63.22209  -63.16833  1.00010  0.00123  0.00208  
3750     N/A    0.001646  -63.19583  -63.19441  0.02661  -63.22244  -63.16921  1.00002  0.00123  0.00207  
3800     N/A    0.001382  -63.21249  -63.21526  0.02726  -63.23975  -63.18523  0.99996  0.00095  0.00181  
3850     N/A    0.001489  -63.20575  -63.20810  0.02700  -63.23276  -63.17875  0.99996  0.00106  0.00192  
3900     N/A    0.001481  -63.20625  -63.20369  0.02729  -63.23354  -63.17896  1.00004  0.00105  0.00191  
3950     N/A    0.001478  -63.20644  -63.20499  0.02696  -63.23340  -63.17947  1.00002  0.00105  0.00190  
4000     N/A    0.001544  -63.20228  -63.20610  0.02707  -63.22936  -63.17521  0.99994  0.00112  0.00197  
4050     N/A    0.001454  -63.20798  -63.19601  0.02683  -63.23482  -63.18115  1.00019  0.00103  0.00188  
4100     N/A    0.001587  -63.19957  -63.19105  0.02700  -63.22656  -63.17257  1.00013  0.00116  0.00201  
4150     N/A    0.001249  -63.22091  -63.21608  0.02707  -63.24798  -63.19384  1.00008  0.00082  0.00168  
4200     N/A    0.001527  -63.20337  -63.18725  0.02701  -63.23038  -63.17635  1.00026  0.00110  0.00195  
4250     N/A    0.001527  -63.20336  -63.21300  0.02726  -63.23062  -63.17610  0.99985  0.00110  0.00196  
4300     N/A    0.001400  -63.21139  -63.22283  0.02649  -63.23789  -63.18490  0.99982  0.00098  0.00182  
4350     N/A    0.001423  -63.20992  -63.20711  0.02728  -63.23720  -63.18264  1.00004  0.00099  0.00185  
4400     N/A    0.001784  -63.18708  -63.20155  0.02763  -63.21471  -63.15945  0.99977  0.00135  0.00222  
4450     N/A    0.001710  -63.19178  -63.18842  0.02734  -63.21912  -63.16444  1.00005  0.00128  0.00214  
4500     N/A    0.001629  -63.19686  -63.19576  0.02701  -63.22386  -63.16985  1.00002  0.00120  0.00206  
4550     N/A    0.001468  -63.20709  -63.20968  0.02732  -63.23441  -63.17977  0.99996  0.00104  0.00190  
4600     N/A    0.001351  -63.21447  -63.21368  0.02732  -63.24178  -63.18715  1.00001  0.00092  0.00178  
4650     N/A    0.001451  -63.20818  -63.20828  0.02743  -63.23561  -63.18074  1.00000  0.00102  0.00188  
4700     N/A    0.001281  -63.21889  -63.20886  0.02686  -63.24575  -63.19203  1.00016  0.00086  0.00171  
4750     N/A    0.001581  -63.19993  -63.20744  0.02747  -63.22741  -63.17246  0.99988  0.00115  0.00201  
4800     N/A    0.001850  -63.18289  -63.17910  0.02744  -63.21034  -63.15545  1.00006  0.00142  0.00228  
4850     N/A    0.001639  -63.19627  -63.19818  0.02707  -63.22333  -63.16920  0.99997  0.00121  0.00207  
4900     N/A    0.001601  -63.19868  -63.18882  0.02657  -63.22524  -63.17211  1.00016  0.00118  0.00202  
4950     N/A    0.001651  -63.19548  -63.18738  0.02756  -63.22304  -63.16792  1.00013  0.00122  0.00209  
5000     N/A    0.001488  -63.20580  -63.19815  0.02741  -63.23320  -63.17839  1.00012  0.00106  0.00192  
5050     N/A    0.001764  -63.18836  -63.18887  0.02744  -63.21580  -63.16092  0.99999  0.00133  0.00220  
5100     N/A    0.001831  -63.18413  -63.18282  0.02817  -63.21229  -63.15596  1.00002  0.00139  0.00228  
5150     N/A    0.001648  -63.19566  -63.19770  0.02684  -63.22249  -63.16882  0.99997  0.00122  0.00207  
5200     N/A    0.001460  -63.20757  -63.21790  0.02788  -63.23545  -63.17970  0.99984  0.00102  0.00190  
5250     N/A    0.001427  -63.20969  -63.20584  0.02757  -63.23726  -63.18211  1.00006  0.00099  0.00186  
5300     N/A    0.001520  -63.20376  -63.20134  0.02789  -63.23165  -63.17586  1.00004  0.00108  0.00196  
5350     N/A    0.001543  -63.20234  -63.19643  0.02760  -63.22994  -63.17474  1.00009  0.00111  0.00198  
5400     N/A    0.001438  -63.20900  -63.20066  0.02654  -63.23554  -63.18246  1.00013  0.00102  0.00186  
5450     N/A    0.001683  -63.19349  -63.18397  0.02781  -63.22130  -63.16568  1.00015  0.00124  0.00212  
5500     N/A    0.001900  -63.17971  -63.17312  0.02802  -63.20773  -63.15168  1.00010  0.00146  0.00234  
5550     N/A    0.001445  -63.20853  -63.20700  0.02745  -63.23598  -63.18108  1.00002  0.00101  0.00188  
5600     N/A    0.001419  -63.21016  -63.20750  0.02744  -63.23760  -63.18272  1.00004  0.00099  0.00185  
5650     N/A    0.001406  -63.21099  -63.21310  0.02761  -63.23861  -63.18338  0.99997  0.00097  0.00184  
5700     N/A    0.001500  -63.20505  -63.19579  0.02695  -63.23200  -63.17811  1.00015  0.00107  0.00193  
5750     N/A    0.001617  -63.19766  -63.19801  0.02766  -63.22532  -63.17001  0.99999  0.00118  0.00205  
5800     N/A    0.001442  -63.20872  -63.20464  0.02820  -63.23692  -63.18051  1.00006  0.00100  0.00189  
5850     N/A    0.001468  -63.20708  -63.20113  0.02788  -63.23497  -63.17920  1.00009  0.00103  0.00191  
5900     N/A    0.001533  -63.20293  -63.18001  0.02796  -63.23089  -63.17497  1.00036  0.00109  0.00198  
5950     N/A    0.001457  -63.20778  -63.20061  0.02761  -63.23539  -63.18017  1.00011  0.00102  0.00189  
6000     N/A    0.001533  -63.20297  -63.21069  0.02790  -63.23087  -63.17506  0.99988  0.00109  0.00197  
6050     N/A    0.001397  -63.21158  -63.19858  0.02756  -63.23914  -63.18402  1.00021  0.00096  0.00183  
6100     N/A    0.001699  -63.19247  -63.19877  0.02771  -63.22018  -63.16476  0.99990  0.00126  0.00214  
6150     N/A    0.001400  -63.21135  -63.21504  0.02799  -63.23934  -63.18336  0.99994  0.00096  0.00184  
6200     N/A    0.001285  -63.21867  -63.20428  0.02792  -63.24659  -63.19075  1.00023  0.00084  0.00173  
6250     N/A    0.001544  -63.20225  -63.20103  0.02784  -63.23009  -63.17440  1.00002  0.00110  0.00198  
6300     N/A    0.001533  -63.20296  -63.19562  0.02726  -63.23022  -63.17571  1.00012  0.00110  0.00196  
6350     N/A    0.001677  -63.19382  -63.19580  0.02800  -63.22181  -63.16582  0.99997  0.00124  0.00212  
6400     N/A    0.001755  -63.18892  -63.18491  0.02720  -63.21612  -63.16172  1.00006  0.00133  0.00218  
6450     N/A    0.001912  -63.17895  -63.17924  0.02761  -63.20656  -63.15134  1.00000  0.00148  0.00235  
6500     N/A    0.001663  -63.19473  -63.19903  0.02796  -63.22269  -63.16677  0.99993  0.00122  0.00210  
6550     N/A    0.001455  -63.20791  -63.20659  0.02769  -63.23560  -63.18022  1.00002  0.00102  0.00189  
6600     N/A    0.001555  -63.20159  -63.19400  0.02720  -63.22880  -63.17439  1.00012  0.00112  0.00198  
6650     N/A    0.001617  -63.19761  -63.19268  0.02788  -63.22549  -63.16973  1.00008  0.00118  0.00206  
6700     N/A    0.001663  -63.19476  -63.19428  0.02793  -63.22269  -63.16682  1.00001  0.00122  0.00210  
6750     N/A    0.001648  -63.19571  -63.18648  0.02763  -63.22333  -63.16808  1.00015  0.00121  0.00208  
6800     N/A    0.001563  -63.20107  -63.18678  0.02785  -63.22892  -63.17323  1.00023  0.00112  0.00200  
6850     N/A    0.001423  -63.20994  -63.19867  0.02821  -63.23816  -63.18173  1.00018  0.00098  0.00187  
6900     N/A    0.001737  -63.19004  -63.18182  0.02885  -63.21889  -63.16119  1.00013  0.00128  0.00219  
6950     N/A    0.001736  -63.19011  -63.19265  0.02792  -63.21803  -63.16220  0.99996  0.00129  0.00218  
7000     N/A    0.001374  -63.21305  -63.20855  0.02792  -63.24097  -63.18513  1.00007  0.00093  0.00181  
7050     N/A    0.001817  -63.18500  -63.18575  0.02750  -63.21250  -63.15749  0.99999  0.00138  0.00225  
7100     N/A    0.001720  -63.19115  -63.18843  0.02804  -63.21919  -63.16311  1.00004  0.00128  0.00216  
7150     N/A    0.001442  -63.20874  -63.19624  0.02803  -63.23677  -63.18071  1.00020  0.00100  0.00188  
7200     N/A    0.001653  -63.19533  -63.18120  0.02769  -63.22302  -63.16765  1.00022  0.00122  0.00209  
7250     N/A    0.001508  -63.20457  -63.19804  0.02735  -63.23192  -63.17721  1.00010  0.00108  0.00194  
7300     N/A    0.001620  -63.19747  -63.20206  0.02775  -63.22522  -63.16972  0.99993  0.00118  0.00206  
7350     N/A    0.001467  -63.20713  -63.20996  0.02767  -63.23481  -63.17946  0.99996  0.00103  0.00190  
7400     N/A    0.001875  -63.18128  -63.18015  0.02893  -63.21021  -63.15235  1.00002  0.00142  0.00233  
7450     N/A    0.001928  -63.17793  -63.16907  0.02844  -63.20638  -63.14949  1.00014  0.00148  0.00238  
7500     N/A    0.001557  -63.20142  -63.19136  0.02857  -63.22999  -63.17285  1.00016  0.00111  0.00201  
7550     N/A    0.001543  -63.20236  -63.20546  0.02756  -63.22992  -63.17480  0.99995  0.00111  0.00198  
7600     N/A    0.001783  -63.18711  -63.18265  0.02724  -63.21435  -63.15987  1.00007  0.00135  0.00221  
7650     N/A    0.001646  -63.19581  -63.18489  0.02797  -63.22378  -63.16785  1.00017  0.00120  0.00209  
7700     N/A    0.001629  -63.19689  -63.18809  0.02816  -63.22505  -63.16873  1.00014  0.00118  0.00207  
7750     N/A    0.001377  -63.21285  -63.19612  0.02828  -63.24113  -63.18457  1.00026  0.00093  0.00182  
7800     N/A    0.001636  -63.19643  -63.19552  0.02800  -63.22443  -63.16843  1.00001  0.00119  0.00208  
7850     N/A    0.001993  -63.17386  -63.16840  0.02780  -63.20166  -63.14606  1.00009  0.00155  0.00243  
