nh: 28
samples1: 100000
samples2: 5000
burn_in: 500
steps: 100
Exact H:-63.3
   Fidelity  ROE       Mean      Median    CI Width LL on CI  UL on CI  mmRatio  Min Err  Max Err
20     N/A    0.037109  -60.95099  -61.10309  0.12767  -61.07866  -60.82332  0.99751  0.03509  0.03913  
40     N/A    0.022207  -61.89430  -62.05957  0.10338  -61.99768  -61.79091  0.99734  0.02057  0.02384  
60     N/A    0.013750  -62.42961  -62.57564  0.08655  -62.51615  -62.34306  0.99767  0.01238  0.01512  
80     N/A    0.011866  -62.54891  -62.66459  0.07938  -62.62829  -62.46952  0.99815  0.01061  0.01312  
100     N/A    0.008724  -62.74779  -62.88274  0.07056  -62.81834  -62.67723  0.99785  0.00761  0.00984  
120     N/A    0.007748  -62.80954  -62.92090  0.06400  -62.87354  -62.74554  0.99823  0.00674  0.00876  
140     N/A    0.007232  -62.84222  -62.95977  0.06093  -62.90315  -62.78128  0.99813  0.00627  0.00819  
160     N/A    0.005870  -62.92844  -63.02975  0.05862  -62.98707  -62.86982  0.99839  0.00494  0.00680  
180     N/A    0.005519  -62.95068  -63.00473  0.05509  -63.00577  -62.89559  0.99914  0.00465  0.00639  
200     N/A    0.004721  -63.00116  -63.07536  0.05267  -63.05383  -62.94849  0.99882  0.00389  0.00555  
220     N/A    0.004576  -63.01034  -63.07114  0.05060  -63.06094  -62.95974  0.99904  0.00378  0.00538  
240     N/A    0.004570  -63.01072  -63.09064  0.05023  -63.06095  -62.96050  0.99873  0.00378  0.00536  
260     N/A    0.004007  -63.04636  -63.10762  0.04642  -63.09279  -62.99994  0.99903  0.00327  0.00474  
280     N/A    0.003140  -63.10125  -63.13959  0.04306  -63.14431  -63.05818  0.99939  0.00246  0.00382  
300     N/A    0.002994  -63.11045  -63.15883  0.04247  -63.15292  -63.06799  0.99923  0.00232  0.00367  
320     N/A    0.002194  -63.16115  -63.17010  0.04014  -63.20128  -63.12101  0.99986  0.00156  0.00283  
340     N/A    0.002516  -63.14073  -63.16621  0.03780  -63.17854  -63.10293  0.99960  0.00192  0.00311  
360     N/A    0.002361  -63.15055  -63.18602  0.03550  -63.18605  -63.11505  0.99944  0.00180  0.00292  
380     N/A    0.001978  -63.17481  -63.17672  0.03316  -63.20798  -63.14165  0.99997  0.00145  0.00250  
400     N/A    0.001906  -63.17934  -63.17945  0.03043  -63.20978  -63.14891  1.00000  0.00143  0.00239  
420     N/A    0.001216  -63.22304  -63.21489  0.02801  -63.25106  -63.19503  1.00013  0.00077  0.00166  
440     N/A    0.001556  -63.20151  -63.20518  0.02716  -63.22867  -63.17435  0.99994  0.00113  0.00199  
460     N/A    0.001314  -63.21684  -63.21163  0.02544  -63.24228  -63.19141  1.00008  0.00091  0.00172  
480     N/A    0.001328  -63.21596  -63.21674  0.02450  -63.24045  -63.19146  0.99999  0.00094  0.00171  
500     N/A    0.001352  -63.21440  -63.22391  0.02396  -63.23836  -63.19044  0.99985  0.00097  0.00173  
520     N/A    0.001176  -63.22553  -63.23004  0.02344  -63.24897  -63.20209  0.99993  0.00081  0.00155  
540     N/A    0.001162  -63.22643  -63.22979  0.02327  -63.24970  -63.20315  0.99995  0.00079  0.00153  
560     N/A    0.001175  -63.22561  -63.22647  0.02258  -63.24819  -63.20303  0.99999  0.00082  0.00153  
580     N/A    0.000974  -63.23835  -63.24950  0.02249  -63.26084  -63.21586  0.99982  0.00062  0.00133  
600     N/A    0.001191  -63.22461  -63.22617  0.02180  -63.24641  -63.20281  0.99998  0.00085  0.00154  
620     N/A    0.000867  -63.24513  -63.24543  0.02100  -63.26614  -63.22413  1.00000  0.00053  0.00120  
640     N/A    0.000806  -63.24895  -63.24287  0.02085  -63.26980  -63.22811  1.00010  0.00048  0.00114  
660     N/A    0.000964  -63.23897  -63.24319  0.02116  -63.26013  -63.21780  0.99993  0.00063  0.00130  
680     N/A    0.001068  -63.23242  -63.21563  0.02077  -63.25320  -63.21165  1.00027  0.00074  0.00140  
700     N/A    0.001025  -63.23509  -63.22705  0.02138  -63.25647  -63.21371  1.00013  0.00069  0.00136  
720     N/A    0.000954  -63.23962  -63.24139  0.02115  -63.26077  -63.21847  0.99997  0.00062  0.00129  
740     N/A    0.000987  -63.23754  -63.24729  0.02100  -63.25853  -63.21654  0.99985  0.00066  0.00132  
760     N/A    0.001073  -63.23210  -63.23121  0.02026  -63.25236  -63.21185  1.00001  0.00075  0.00139  
780     N/A    0.001020  -63.23542  -63.22307  0.02014  -63.25555  -63.21528  1.00020  0.00070  0.00134  
800     N/A    0.000859  -63.24562  -63.25037  0.01999  -63.26561  -63.22563  0.99992  0.00054  0.00117  
820     N/A    0.000941  -63.24040  -63.22731  0.02039  -63.26080  -63.22001  1.00021  0.00062  0.00126  
