nh: 27
samples1: 100000
samples2: 5000
burn_in: 500
steps: 100
Exact H:-63.3
   Fidelity  ROE       Mean      Median    CI Width LL on CI  UL on CI  mmRatio  Min Err  Max Err
20     N/A    0.036997  -60.95812  -61.15064  0.12934  -61.08746  -60.82878  0.99685  0.03495  0.03904  
40     N/A    0.021043  -61.96800  -62.09348  0.10396  -62.07196  -61.86404  0.99798  0.01940  0.02268  
60     N/A    0.016045  -62.28438  -62.45673  0.09188  -62.37626  -62.19250  0.99724  0.01459  0.01750  
80     N/A    0.012230  -62.52586  -62.62464  0.08237  -62.60823  -62.44349  0.99842  0.01093  0.01353  
100     N/A    0.010790  -62.61699  -62.73085  0.07656  -62.69356  -62.54043  0.99819  0.00958  0.01200  
120     N/A    0.008714  -62.74838  -62.88357  0.06978  -62.81815  -62.67860  0.99785  0.00761  0.00982  
140     N/A    0.006348  -62.89816  -62.94936  0.06417  -62.96233  -62.83398  0.99919  0.00533  0.00736  
160     N/A    0.007711  -62.81191  -62.89359  0.06055  -62.87246  -62.75137  0.99870  0.00675  0.00867  
180     N/A    0.006197  -62.90776  -62.97441  0.05812  -62.96588  -62.84964  0.99894  0.00528  0.00711  
200     N/A    0.005280  -62.96579  -62.98938  0.05473  -63.02052  -62.91106  0.99963  0.00442  0.00614  
220     N/A    0.004960  -62.98603  -63.03203  0.05204  -63.03807  -62.93400  0.99927  0.00414  0.00578  
240     N/A    0.004652  -63.00555  -63.05941  0.05005  -63.05561  -62.95550  0.99915  0.00386  0.00544  
260     N/A    0.004023  -63.04532  -63.08100  0.04856  -63.09389  -62.99676  0.99943  0.00326  0.00479  
280     N/A    0.003978  -63.04817  -63.09382  0.04769  -63.09586  -63.00048  0.99928  0.00322  0.00473  
300     N/A    0.003154  -63.10038  -63.14732  0.04613  -63.14651  -63.05425  0.99926  0.00242  0.00388  
320     N/A    0.003291  -63.09169  -63.12756  0.04341  -63.13510  -63.04828  0.99943  0.00261  0.00398  
340     N/A    0.003448  -63.08175  -63.12687  0.04241  -63.12416  -63.03935  0.99929  0.00278  0.00412  
360     N/A    0.003007  -63.10966  -63.12983  0.04111  -63.15077  -63.06854  0.99968  0.00236  0.00366  
380     N/A    0.003242  -63.09478  -63.10864  0.03996  -63.13474  -63.05482  0.99978  0.00261  0.00387  
400     N/A    0.002968  -63.11211  -63.15762  0.03990  -63.15201  -63.07221  0.99928  0.00234  0.00360  
420     N/A    0.002720  -63.12785  -63.15683  0.03793  -63.16577  -63.08992  0.99954  0.00212  0.00332  
440     N/A    0.002329  -63.15256  -63.15827  0.03711  -63.18968  -63.11545  0.99991  0.00174  0.00292  
460     N/A    0.002433  -63.14599  -63.16073  0.03637  -63.18236  -63.10962  0.99977  0.00186  0.00301  
480     N/A    0.002245  -63.15789  -63.17497  0.03629  -63.19418  -63.12160  0.99973  0.00167  0.00282  
500     N/A    0.001986  -63.17427  -63.18485  0.03442  -63.20868  -63.13985  0.99983  0.00144  0.00253  
520     N/A    0.001684  -63.19339  -63.19629  0.03491  -63.22830  -63.15848  0.99995  0.00113  0.00224  
540     N/A    0.001661  -63.19484  -63.19125  0.03322  -63.22806  -63.16162  1.00006  0.00114  0.00219  
560     N/A    0.002001  -63.17333  -63.17576  0.03278  -63.20611  -63.14055  0.99996  0.00148  0.00252  
580     N/A    0.001581  -63.19991  -63.19790  0.03316  -63.23308  -63.16675  1.00003  0.00106  0.00211  
600     N/A    0.001640  -63.19617  -63.20260  0.03121  -63.22738  -63.16495  0.99990  0.00115  0.00213  
620     N/A    0.001950  -63.17657  -63.18369  0.03098  -63.20755  -63.14559  0.99989  0.00146  0.00244  
