nh: 28
samples1: 47500
samples2: 5000
burn_in: 500
steps: 100
Exact H:-63.3
   Fidelity  ROE       Mean      Median    CI Width LL on CI  UL on CI  mmRatio  Min Err  Max Err
20     N/A    0.069692  -58.88847  -58.94435  0.16906  -59.05753  -58.71940  0.99905  0.06702  0.07236  
40     N/A    0.040869  -60.71298  -60.87505  0.13556  -60.84854  -60.57742  0.99734  0.03873  0.04301  
60     N/A    0.028870  -61.47252  -61.68662  0.12066  -61.59318  -61.35186  0.99653  0.02696  0.03078  
80     N/A    0.023927  -61.78545  -61.93293  0.10750  -61.89295  -61.67794  0.99762  0.02223  0.02562  
100     N/A    0.019805  -62.04632  -62.16821  0.10091  -62.14723  -61.94541  0.99804  0.01821  0.02140  
120     N/A    0.017243  -62.20849  -62.35772  0.09577  -62.30426  -62.11272  0.99761  0.01573  0.01876  
140     N/A    0.014722  -62.36813  -62.50373  0.08941  -62.45753  -62.27872  0.99783  0.01331  0.01613  
160     N/A    0.013785  -62.42738  -62.56151  0.08520  -62.51258  -62.34218  0.99786  0.01244  0.01513  
180     N/A    0.011483  -62.57315  -62.69037  0.08238  -62.65552  -62.49077  0.99813  0.01018  0.01278  
200     N/A    0.012188  -62.52851  -62.69279  0.07858  -62.60709  -62.44992  0.99738  0.01095  0.01343  
220     N/A    0.010619  -62.62782  -62.74339  0.07664  -62.70446  -62.55118  0.99816  0.00941  0.01183  
240     N/A    0.010995  -62.60402  -62.69579  0.07484  -62.67886  -62.52918  0.99854  0.00981  0.01218  
260     N/A    0.008339  -62.77215  -62.88713  0.07061  -62.84276  -62.70155  0.99817  0.00722  0.00945  
280     N/A    0.008174  -62.78261  -62.84079  0.06979  -62.85241  -62.71282  0.99907  0.00707  0.00928  
300     N/A    0.007228  -62.84246  -62.94008  0.06706  -62.90951  -62.77540  0.99845  0.00617  0.00829  
320     N/A    0.007484  -62.82629  -62.91031  0.06334  -62.88963  -62.76294  0.99866  0.00648  0.00848  
340     N/A    0.006942  -62.86058  -62.92069  0.06163  -62.92221  -62.79896  0.99904  0.00597  0.00792  
360     N/A    0.005419  -62.95696  -63.02827  0.06088  -63.01785  -62.89608  0.99887  0.00446  0.00638  
380     N/A    0.005718  -62.93807  -62.99319  0.05820  -62.99627  -62.87987  0.99913  0.00480  0.00664  
400     N/A    0.005405  -62.95787  -63.00932  0.05478  -63.01265  -62.90308  0.99918  0.00454  0.00627  
420     N/A    0.004536  -63.01286  -63.06742  0.05454  -63.06740  -62.95832  0.99913  0.00367  0.00540  
440     N/A    0.004582  -63.00998  -63.04064  0.05197  -63.06195  -62.95802  0.99951  0.00376  0.00540  
460     N/A    0.004171  -63.03597  -63.06682  0.04984  -63.08580  -62.98613  0.99951  0.00338  0.00496  
480     N/A    0.004463  -63.01749  -63.05364  0.04965  -63.06714  -62.96784  0.99943  0.00368  0.00525  
500     N/A    0.004289  -63.02850  -63.06425  0.04644  -63.07494  -62.98205  0.99943  0.00356  0.00502  
520     N/A    0.003622  -63.07074  -63.08717  0.04496  -63.11570  -63.02579  0.99974  0.00291  0.00433  
540     N/A    0.003523  -63.07696  -63.10981  0.04464  -63.12160  -63.03232  0.99948  0.00282  0.00423  
560     N/A    0.003346  -63.08823  -63.11517  0.04266  -63.13088  -63.04557  0.99957  0.00267  0.00402  
580     N/A    0.003035  -63.10787  -63.12522  0.04097  -63.14884  -63.06690  0.99973  0.00239  0.00368  
600     N/A    0.002794  -63.12315  -63.13667  0.04007  -63.16322  -63.08308  0.99979  0.00216  0.00343  
620     N/A    0.002428  -63.14633  -63.16499  0.03850  -63.18483  -63.10782  0.99970  0.00182  0.00304  
640     N/A    0.002746  -63.12620  -63.14927  0.03820  -63.16440  -63.08800  0.99963  0.00214  0.00335  
660     N/A    0.002337  -63.15206  -63.17301  0.03631  -63.18837  -63.11575  0.99967  0.00176  0.00291  
680     N/A    0.002611  -63.13472  -63.12857  0.03602  -63.17074  -63.09869  1.00010  0.00204  0.00318  
700     N/A    0.002237  -63.15842  -63.16244  0.03448  -63.19290  -63.12393  0.99994  0.00169  0.00278  
720     N/A    0.002353  -63.15107  -63.15352  0.03383  -63.18490  -63.11724  0.99996  0.00182  0.00289  
740     N/A    0.001891  -63.18032  -63.17630  0.03329  -63.21360  -63.14703  1.00006  0.00136  0.00242  
760     N/A    0.001727  -63.19068  -63.19654  0.03249  -63.22317  -63.15819  0.99991  0.00121  0.00224  
780     N/A    0.001453  -63.20800  -63.19471  0.03091  -63.23891  -63.17709  1.00021  0.00097  0.00194  
800     N/A    0.001955  -63.17622  -63.17854  0.03051  -63.20674  -63.14571  0.99996  0.00147  0.00244  
820     N/A    0.001408  -63.21089  -63.20196  0.02993  -63.24082  -63.18096  1.00014  0.00093  0.00188  
840     N/A    0.001765  -63.18829  -63.19620  0.02955  -63.21784  -63.15874  0.99987  0.00130  0.00223  
860     N/A    0.001504  -63.20480  -63.21060  0.02769  -63.23249  -63.17710  0.99991  0.00107  0.00194  
880     N/A    0.001497  -63.20522  -63.19618  0.02922  -63.23444  -63.17599  1.00014  0.00104  0.00196  
900     N/A    0.001465  -63.20729  -63.20636  0.02840  -63.23569  -63.17888  1.00001  0.00102  0.00191  
920     N/A    0.001744  -63.18960  -63.18563  0.02804  -63.21764  -63.16156  1.00006  0.00130  0.00219  
940     N/A    0.001529  -63.20322  -63.20462  0.02786  -63.23108  -63.17536  0.99998  0.00109  0.00197  
960     N/A    0.001594  -63.19908  -63.20449  0.02670  -63.22578  -63.17238  0.99991  0.00117  0.00202  
980     N/A    0.001516  -63.20405  -63.20904  0.02709  -63.23114  -63.17696  0.99992  0.00109  0.00194  
1000     N/A    0.001247  -63.22110  -63.22069  0.02714  -63.24823  -63.19396  1.00001  0.00082  0.00168  
1020     N/A    0.001011  -63.23599  -63.23841  0.02694  -63.26293  -63.20905  0.99996  0.00059  0.00144  
1040     N/A    0.001432  -63.20938  -63.20765  0.02646  -63.23584  -63.18292  1.00003  0.00101  0.00185  
1060     N/A    0.001532  -63.20301  -63.19850  0.02625  -63.22926  -63.17676  1.00007  0.00112  0.00195  
1080     N/A    0.001387  -63.21222  -63.21893  0.02598  -63.23820  -63.18625  0.99989  0.00098  0.00180  
1100     N/A    0.001092  -63.23086  -63.21620  0.02583  -63.25669  -63.20502  1.00023  0.00068  0.00150  
1120     N/A    0.001428  -63.20964  -63.21669  0.02585  -63.23549  -63.18379  0.99989  0.00102  0.00184  
1140     N/A    0.001091  -63.23096  -63.22934  0.02583  -63.25679  -63.20513  1.00003  0.00068  0.00150  
1160     N/A    0.001551  -63.20183  -63.18418  0.02605  -63.22788  -63.17578  1.00028  0.00114  0.00196  
1180     N/A    0.001419  -63.21018  -63.20014  0.02565  -63.23584  -63.18453  1.00016  0.00101  0.00182  
1200     N/A    0.001151  -63.22714  -63.22984  0.02562  -63.25276  -63.20152  0.99996  0.00075  0.00156  
1220     N/A    0.001095  -63.23070  -63.20487  0.02592  -63.25661  -63.20478  1.00041  0.00069  0.00150  
1240     N/A    0.001173  -63.22575  -63.21225  0.02488  -63.25063  -63.20087  1.00021  0.00078  0.00157  
1260     N/A    0.001205  -63.22372  -63.22187  0.02500  -63.24872  -63.19872  1.00003  0.00081  0.00160  
1280     N/A    0.001235  -63.22184  -63.21907  0.02565  -63.24749  -63.19619  1.00004  0.00083  0.00164  
1300     N/A    0.001395  -63.21173  -63.19909  0.02557  -63.23729  -63.18616  1.00020  0.00099  0.00180  
1320     N/A    0.001304  -63.21748  -63.20750  0.02513  -63.24261  -63.19235  1.00016  0.00091  0.00170  
1340     N/A    0.001276  -63.21925  -63.21276  0.02508  -63.24432  -63.19417  1.00010  0.00088  0.00167  
1360     N/A    0.001478  -63.20644  -63.21597  0.02469  -63.23113  -63.18175  0.99985  0.00109  0.00187  
1380     N/A    0.001371  -63.21319  -63.21942  0.02458  -63.23777  -63.18862  0.99990  0.00098  0.00176  
1400     N/A    0.001522  -63.20365  -63.20109  0.02516  -63.22881  -63.17849  1.00004  0.00112  0.00192  
1420     N/A    0.001480  -63.20632  -63.19886  0.02524  -63.23156  -63.18107  1.00012  0.00108  0.00188  
1440     N/A    0.001300  -63.21773  -63.22074  0.02494  -63.24268  -63.19279  0.99995  0.00091  0.00169  
1460     N/A    0.001211  -63.22334  -63.22083  0.02490  -63.24824  -63.19845  1.00004  0.00082  0.00160  
1480     N/A    0.001254  -63.22060  -63.21983  0.02424  -63.24484  -63.19636  1.00001  0.00087  0.00164  
1500     N/A    0.001067  -63.23249  -63.22773  0.02453  -63.25702  -63.20795  1.00008  0.00068  0.00145  
1520     N/A    0.001284  -63.21869  -63.22337  0.02417  -63.24286  -63.19453  0.99993  0.00090  0.00167  
1540     N/A    0.001176  -63.22553  -63.23120  0.02448  -63.25001  -63.20105  0.99991  0.00079  0.00156  
1560     N/A    0.001205  -63.22372  -63.21544  0.02418  -63.24790  -63.19954  1.00013  0.00082  0.00159  
1580     N/A    0.001016  -63.23567  -63.23794  0.02449  -63.26016  -63.21118  0.99996  0.00063  0.00140  
1600     N/A    0.001456  -63.20785  -63.20745  0.02454  -63.23239  -63.18331  1.00001  0.00107  0.00184  
1620     N/A    0.001385  -63.21235  -63.21347  0.02426  -63.23660  -63.18809  0.99998  0.00100  0.00177  
1640     N/A    0.001286  -63.21861  -63.21367  0.02402  -63.24264  -63.19459  1.00008  0.00091  0.00167  
1660     N/A    0.001308  -63.21717  -63.20952  0.02414  -63.24131  -63.19304  1.00012  0.00093  0.00169  
1680     N/A    0.001302  -63.21760  -63.20648  0.02462  -63.24222  -63.19299  1.00018  0.00091  0.00169  
1700     N/A    0.001212  -63.22328  -63.22005  0.02399  -63.24727  -63.19928  1.00005  0.00083  0.00159  
1720     N/A    0.001485  -63.20601  -63.20685  0.02423  -63.23024  -63.18178  0.99999  0.00110  0.00187  
1740     N/A    0.001379  -63.21269  -63.22218  0.02435  -63.23704  -63.18835  0.99985  0.00099  0.00176  
1760     N/A    0.001325  -63.21610  -63.21059  0.02373  -63.23983  -63.19238  1.00009  0.00095  0.00170  
1780     N/A    0.001705  -63.19207  -63.18441  0.02422  -63.21629  -63.16786  1.00012  0.00132  0.00209  
1800     N/A    0.001463  -63.20738  -63.21572  0.02523  -63.23261  -63.18215  0.99987  0.00106  0.00186  
1820     N/A    0.001074  -63.23203  -63.22446  0.02402  -63.25606  -63.20801  1.00012  0.00069  0.00145  
1840     N/A    0.001372  -63.21318  -63.19586  0.02421  -63.23739  -63.18897  1.00027  0.00099  0.00175  
1860     N/A    0.001352  -63.21444  -63.20770  0.02458  -63.23903  -63.18986  1.00011  0.00096  0.00174  
