0.2933951914 0.0000000000
0.1483574957 0.0000000000
0.0931890085 0.0000000000
0.1142694727 0.0000000000
0.0863862112 0.0000000000
0.0507416874 0.0000000000
0.0629437566 0.0000000000
0.0994099677 0.0000000000
0.0843983889 0.0000000000
0.0446705893 0.0000000000
0.0305724535 0.0000000000
0.0415533818 0.0000000000
0.0547397360 0.0000000000
0.0365414061 0.0000000000
0.0526737906 0.0000000000
0.0924829841 0.0000000000
0.0837380514 0.0000000000
0.0431821905 0.0000000000
0.0277402531 0.0000000000
0.0354999900 0.0000000000
0.0276829340 0.0000000000
0.0172424149 0.0000000000
0.0226431005 0.0000000000
0.0379330888 0.0000000000
0.0521795079 0.0000000000
0.0292397272 0.0000000000
0.0214342624 0.0000000000
0.0319165923 0.0000000000
0.0443650819 0.0000000000
0.0321332105 0.0000000000
0.0488301665 0.0000000000
0.0904164761 0.0000000000
0.0837380961 0.0000000000
0.0427912734 0.0000000000
0.0271221325 0.0000000000
0.0339955166 0.0000000000
0.0255868696 0.0000000000
0.0154489586 0.0000000000
0.0196131058 0.0000000000
0.0319124386 0.0000000000
0.0268820170 0.0000000000
0.0146477073 0.0000000000
0.0103406161 0.0000000000
0.0147593785 0.0000000000
0.0195006244 0.0000000000
0.0136809014 0.0000000000
0.0202944819 0.0000000000
0.0369089469 0.0000000000
0.0515333451 0.0000000000
0.0273784082 0.0000000000
0.0180726126 0.0000000000
0.0244411528 0.0000000000
0.0191194806 0.0000000000
0.0126895895 0.0000000000
0.0174829662 0.0000000000
0.0308624506 0.0000000000
0.0418972708 0.0000000000
0.0245974287 0.0000000000
0.0188109521 0.0000000000
0.0296927467 0.0000000000
0.0408884846 0.0000000000
0.0311652292 0.0000000000
0.0484854989 0.0000000000
0.0924828425 0.0000000000
0.0843984932 0.0000000000
0.0429618396 0.0000000000
0.0271125790 0.0000000000
0.0336951688 0.0000000000
0.0252999403 0.0000000000
0.0150973760 0.0000000000
0.0189552121 0.0000000000
0.0304641854 0.0000000000
0.0251572244 0.0000000000
0.0135207837 0.0000000000
0.0093898075 0.0000000000
0.0131003680 0.0000000000
0.0171626154 0.0000000000
0.0117750857 0.0000000000
0.0172227062 0.0000000000
0.0308627896 0.0000000000
0.0268821307 0.0000000000
0.0140969222 0.0000000000
0.0091827419 0.0000000000
0.0121259401 0.0000000000
0.0094041154 0.0000000000
0.0060756356 0.0000000000
0.0081904111 0.0000000000
0.0141648967 0.0000000000
0.0187193137 0.0000000000
0.0108155925 0.0000000000
0.0081384797 0.0000000000
0.0126061365 0.0000000000
0.0172847658 0.0000000000
0.0129841603 0.0000000000
0.0200383067 0.0000000000
0.0379333869 0.0000000000
0.0521794744 0.0000000000
0.0271477289 0.0000000000
0.0174375735 0.0000000000
0.0226176940 0.0000000000
0.0167970341 0.0000000000
0.0105514862 0.0000000000
0.0137932720 0.0000000000
0.0233139899 0.0000000000
0.0187201705 0.0000000000
0.0105750095 0.0000000000
0.0077153076 0.0000000000
0.0115983756 0.0000000000
0.0151959471 0.0000000000
0.0111967288 0.0000000000
0.0170113165 0.0000000000
0.0319121815 0.0000000000
0.0418971628 0.0000000000
0.0228894297 0.0000000000
0.0154404361 0.0000000000
0.0218367651 0.0000000000
0.0169284679 0.0000000000
0.0117728142 0.0000000000
0.0166979115 0.0000000000
0.0304642748 0.0000000000
0.0391033851 0.0000000000
0.0237476882 0.0000000000
0.0186307598 0.0000000000
0.0304943994 0.0000000000
0.0413272977 0.0000000000
0.0325270630 0.0000000000
0.0512083508 0.0000000000
0.0994097516 0.0000000000
0.0863863006 0.0000000000
0.0438892879 0.0000000000
0.0276503973 0.0000000000
0.0342247486 0.0000000000
0.0257154442 0.0000000000
0.0152657209 0.0000000000
0.0190815777 0.0000000000
0.0304942597 0.0000000000
0.0252999328 0.0000000000
0.0135213863 0.0000000000
0.0093340902 0.0000000000
0.0128984554 0.0000000000
0.0168948136 0.0000000000
0.0114758210 0.0000000000
0.0166889802 0.0000000000
0.0296925642 0.0000000000
0.0255868845 0.0000000000
0.0133241052 0.0000000000
0.0086235711 0.0000000000
0.0112390537 0.0000000000
0.0087114414 0.0000000000
0.0055417973 0.0000000000
0.0073837033 0.0000000000
0.0126062417 0.0000000000
0.0167970229 0.0000000000
0.0095849289 0.0000000000
0.0071317945 0.0000000000
0.0108765764 0.0000000000
0.0149549851 0.0000000000
0.0110808676 0.0000000000
0.0169940665 0.0000000000
0.0319168232 0.0000000000
0.0276831966 0.0000000000
0.0143037401 0.0000000000
0.0091359811 0.0000000000
0.0116954036 0.0000000000
0.0087114796 0.0000000000
0.0053883181 0.0000000000
0.0069603268 0.0000000000
0.0115983766 0.0000000000
0.0094041489 0.0000000000
0.0052399607 0.0000000000
0.0037725088 0.0000000000
0.0055645257 0.0000000000
0.0072873374 0.0000000000
0.0052782064 0.0000000000
0.0079482747 0.0000000000
0.0147594698 0.0000000000
0.0191188958 0.0000000000
0.0103588477 0.0000000000
0.0069387173 0.0000000000
0.0096866162 0.0000000000
0.0075058197 0.0000000000
0.0051517072 0.0000000000
0.0072427895 0.0000000000
0.0131003531 0.0000000000
0.0169279352 0.0000000000
0.0101972902 0.0000000000
0.0079460712 0.0000000000
0.0128984898 0.0000000000
0.0174994115 0.0000000000
0.0136820003 0.0000000000
0.0214772336 0.0000000000
0.0415537395 0.0000000000
0.0547396839 0.0000000000
0.0282014031 0.0000000000
0.0179362111 0.0000000000
0.0228090752 0.0000000000
0.0168948118 0.0000000000
0.0103462636 0.0000000000
0.0132305035 0.0000000000
0.0218365509 0.0000000000
0.0171625763 0.0000000000
0.0094431378 0.0000000000
0.0066943038 0.0000000000
0.0096867085 0.0000000000
0.0125551214 0.0000000000
0.0089337463 0.0000000000
0.0133015737 0.0000000000
0.0244411752 0.0000000000
0.0195014440 0.0000000000
0.0104562677 0.0000000000
0.0069263373 0.0000000000
0.0094985170 0.0000000000
0.0072875037 0.0000000000
0.0049064104 0.0000000000
0.0067912610 0.0000000000
0.0121259335 0.0000000000
0.0151959294 0.0000000000
0.0090670669 0.0000000000
0.0069942009 0.0000000000
0.0112390351 0.0000000000
0.0151626440 0.0000000000
0.0117750829 0.0000000000
0.0184036717 0.0000000000
0.0354999267 0.0000000000
0.0443648659 0.0000000000
0.0234993249 0.0000000000
0.0152770579 0.0000000000
0.0204443801 0.0000000000
0.0149549535 0.0000000000
0.0097203283 0.0000000000
0.0129977558 0.0000000000
0.0226179026 0.0000000000
0.0172853284 0.0000000000
0.0100494521 0.0000000000
0.0075043980 0.0000000000
0.0116954250 0.0000000000
0.0151628153 0.0000000000
0.0115422672 0.0000000000
0.0177831445 0.0000000000
0.0339955576 0.0000000000
0.0408883803 0.0000000000
0.0228281692 0.0000000000
0.0156333391 0.0000000000
0.0228092670 0.0000000000
0.0174996480 0.0000000000
0.0125522427 0.0000000000
0.0181072522 0.0000000000
0.0336952992 0.0000000000
0.0413272306 0.0000000000
0.0256751683 0.0000000000
0.0204530694 0.0000000000
0.0342247896 0.0000000000
0.0457888469 0.0000000000
0.0367612354 0.0000000000
0.0582485907 0.0000000000
0.1142693013 0.0000000000
0.0931890383 0.0000000000
0.0472913384 0.0000000000
0.0297686905 0.0000000000
0.0367612615 0.0000000000
0.0276504047 0.0000000000
0.0163687970 0.0000000000
0.0204160474 0.0000000000
0.0325270370 0.0000000000
0.0271126088 0.0000000000
0.0144500043 0.0000000000
0.0099482192 0.0000000000
0.0136819975 0.0000000000
0.0179362632 0.0000000000
0.0121223703 0.0000000000
0.0175818168 0.0000000000
0.0311651211 0.0000000000
0.0271221306 0.0000000000
0.0140792802 0.0000000000
0.0090883877 0.0000000000
0.0117751332 0.0000000000
0.0091359299 0.0000000000
0.0057715471 0.0000000000
0.0076514329 0.0000000000
0.0129842637 0.0000000000
0.0174376145 0.0000000000
0.0098910946 0.0000000000
0.0073220413 0.0000000000
0.0110807782 0.0000000000
0.0152770467 0.0000000000
0.0112385461 0.0000000000
0.0171836410 0.0000000000
0.0321330093 0.0000000000
0.0277402811 0.0000000000
0.0142736109 0.0000000000
0.0090883803 0.0000000000
0.0115422057 0.0000000000
0.0086235702 0.0000000000
0.0052846856 0.0000000000
0.0067795920 0.0000000000
0.0111967642 0.0000000000
0.0091827279 0.0000000000
0.0050725578 0.0000000000
0.0036232190 0.0000000000
0.0052782465 0.0000000000
0.0069261901 0.0000000000
0.0049576503 0.0000000000
0.0074226572 0.0000000000
0.0136811780 0.0000000000
0.0180725958 0.0000000000
0.0097204763 0.0000000000
0.0064743501 0.0000000000
0.0089337453 0.0000000000
0.0069388533 0.0000000000
0.0047050640 0.0000000000
0.0065653948 0.0000000000
0.0117750298 0.0000000000
0.0154403653 0.0000000000
0.0092189992 0.0000000000
0.0071361698 0.0000000000
0.0114758713 0.0000000000
0.0156332999 0.0000000000
0.0121223908 0.0000000000
0.0189712625 0.0000000000
0.0365414545 0.0000000000
0.0305726882 0.0000000000
0.0156861041 0.0000000000
0.0099482471 0.0000000000
0.0125521813 0.0000000000
0.0093341349 0.0000000000
0.0056650224 0.0000000000
0.0071971212 0.0000000000
0.0117726615 0.0000000000
0.0093898270 0.0000000000
0.0051238588 0.0000000000
0.0036051897 0.0000000000
0.0051517314 0.0000000000
0.0066942996 0.0000000000
0.0047050435 0.0000000000
0.0069624861 0.0000000000
0.0126894992 0.0000000000
0.0103406971 0.0000000000
0.0055025853 0.0000000000
0.0036232150 0.0000000000
0.0049063601 0.0000000000
0.0037725104 0.0000000000
0.0025054796 0.0000000000
0.0034371160 0.0000000000
0.0060756560 0.0000000000
0.0077151512 0.0000000000
0.0045570959 0.0000000000
0.0034872259 0.0000000000
0.0055417963 0.0000000000
0.0075042858 0.0000000000
0.0057715485 0.0000000000
0.0089858351 0.0000000000
0.0172425769 0.0000000000
0.0214340594 0.0000000000
0.0113003636 0.0000000000
0.0073219948 0.0000000000
0.0097202407 0.0000000000
0.0071317316 0.0000000000
0.0045948229 0.0000000000
0.0061073024 0.0000000000
0.0105514769 0.0000000000
0.0081386128 0.0000000000
0.0046981326 0.0000000000
0.0034872429 0.0000000000
0.0053883004 0.0000000000
0.0069941953 0.0000000000
0.0052846819 0.0000000000
0.0081145680 0.0000000000
0.0154489651 0.0000000000
0.0188106187 0.0000000000
0.0104550291 0.0000000000
0.0071361051 0.0000000000
0.0103462599 0.0000000000
0.0079461029 0.0000000000
0.0056650182 0.0000000000
0.0081431419 0.0000000000
0.0150974123 0.0000000000
0.0186305679 0.0000000000
0.0115284249 0.0000000000
0.0091572525 0.0000000000
0.0152657619 0.0000000000
0.0204530321 0.0000000000
0.0163688194 0.0000000000
0.0259066690 0.0000000000
0.0507418737 0.0000000000
0.0629436895 0.0000000000
0.0322454832 0.0000000000
0.0204160381 0.0000000000
0.0256751385 0.0000000000
0.0190816149 0.0000000000
0.0115284650 0.0000000000
0.0145856291 0.0000000000
0.0237475801 0.0000000000
0.0189552251 0.0000000000
0.0102893775 0.0000000000
0.0071971514 0.0000000000
0.0101974513 0.0000000000
0.0132305548 0.0000000000
0.0092189843 0.0000000000
0.0135734398 0.0000000000
0.0245972481 0.0000000000
0.0196130257 0.0000000000
0.0103639467 0.0000000000
0.0067795767 0.0000000000
0.0090670669 0.0000000000
0.0069603124 0.0000000000
0.0045571486 0.0000000000
0.0061855335 0.0000000000
0.0108159157 0.0000000000
0.0137932505 0.0000000000
0.0080588181 0.0000000000
0.0061073145 0.0000000000
0.0095849158 0.0000000000
0.0129976636 0.0000000000
0.0098910872 0.0000000000
0.0153251495 0.0000000000
0.0292397290 0.0000000000
0.0226436220 0.0000000000
0.0118677486 0.0000000000
0.0076515074 0.0000000000
0.0100493422 0.0000000000
0.0073837629 0.0000000000
0.0046981331 0.0000000000
0.0061854678 0.0000000000
0.0105747553 0.0000000000
0.0081905117 0.0000000000
0.0046781786 0.0000000000
0.0034371316 0.0000000000
0.0052399687 0.0000000000
0.0067912480 0.0000000000
0.0050725644 0.0000000000
0.0077423747 0.0000000000
0.0146477791 0.0000000000
0.0174829904 0.0000000000
0.0096644126 0.0000000000
0.0065653971 0.0000000000
0.0094431527 0.0000000000
0.0072428151 0.0000000000
0.0051238532 0.0000000000
0.0073266304 0.0000000000
0.0135207884 0.0000000000
0.0166977141 0.0000000000
0.0102893198 0.0000000000
0.0081431139 0.0000000000
0.0135213882 0.0000000000
0.0181071088 0.0000000000
0.0144499745 0.0000000000
0.0228368156 0.0000000000
0.0446706675 0.0000000000
0.0526736304 0.0000000000
0.0274504721 0.0000000000
0.0175818224 0.0000000000
0.0228281412 0.0000000000
0.0166890360 0.0000000000
0.0104551567 0.0000000000
0.0135735022 0.0000000000
0.0228894390 0.0000000000
0.0172225647 0.0000000000
0.0096644042 0.0000000000
0.0069625289 0.0000000000
0.0103591159 0.0000000000
0.0133015867 0.0000000000
0.0097205089 0.0000000000
0.0146498503 0.0000000000
0.0273785163 0.0000000000
0.0202948712 0.0000000000
0.0110705839 0.0000000000
0.0074226400 0.0000000000
0.0104560042 0.0000000000
0.0079483325 0.0000000000
0.0055025909 0.0000000000
0.0077423751 0.0000000000
0.0140969083 0.0000000000
0.0170114525 0.0000000000
0.0103640025 0.0000000000
0.0081145857 0.0000000000
0.0133241201 0.0000000000
0.0177831016 0.0000000000
0.0140792849 0.0000000000
0.0221553985 0.0000000000
0.0431822427 0.0000000000
0.0488300584 0.0000000000
0.0262106955 0.0000000000
0.0171837248 0.0000000000
0.0234994367 0.0000000000
0.0169939809 0.0000000000
0.0113004865 0.0000000000
0.0153252138 0.0000000000
0.0271478910 0.0000000000
0.0200384334 0.0000000000
0.0118676182 0.0000000000
0.0089858323 0.0000000000
0.0143036777 0.0000000000
0.0184037890 0.0000000000
0.0142736482 0.0000000000
0.0221554339 0.0000000000
0.0427913480 0.0000000000
0.0484854169 0.0000000000
0.0274505056 0.0000000000
0.0189712420 0.0000000000
0.0282014906 0.0000000000
0.0214771777 0.0000000000
0.0156860407 0.0000000000
0.0228368435 0.0000000000
0.0429618694 0.0000000000
0.0512083210 0.0000000000
0.0322454795 0.0000000000
0.0259065982 0.0000000000
0.0438892581 0.0000000000
0.0582486056 0.0000000000
0.0472913012 0.0000000000
0.0751889199 0.0000000000
0.1483574361 0.0000000000
0.1483574212 0.0000000000
0.0751889199 0.0000000000
0.0472913012 0.0000000000
0.0582486056 0.0000000000
0.0438892543 0.0000000000
0.0259065963 0.0000000000
0.0322454795 0.0000000000
0.0512083173 0.0000000000
0.0429618657 0.0000000000
0.0228368435 0.0000000000
0.0156860407 0.0000000000
0.0214771777 0.0000000000
0.0282014888 0.0000000000
0.0189712420 0.0000000000
0.0274505056 0.0000000000
0.0484854169 0.0000000000
0.0427913480 0.0000000000
0.0221554339 0.0000000000
0.0142736472 0.0000000000
0.0184037872 0.0000000000
0.0143036768 0.0000000000
0.0089858314 0.0000000000
0.0118676182 0.0000000000
0.0200384334 0.0000000000
0.0271478891 0.0000000000
0.0153252138 0.0000000000
0.0113004856 0.0000000000
0.0169939809 0.0000000000
0.0234994367 0.0000000000
0.0171837248 0.0000000000
0.0262106955 0.0000000000
0.0488300584 0.0000000000
0.0431822389 0.0000000000
0.0221553985 0.0000000000
0.0140792849 0.0000000000
0.0177831016 0.0000000000
0.0133241192 0.0000000000
0.0081145857 0.0000000000
0.0103640025 0.0000000000
0.0170114525 0.0000000000
0.0140969083 0.0000000000
0.0077423747 0.0000000000
0.0055025909 0.0000000000
0.0079483325 0.0000000000
0.0104560042 0.0000000000
0.0074226395 0.0000000000
0.0110705839 0.0000000000
0.0202948712 0.0000000000
0.0273785163 0.0000000000
0.0146498494 0.0000000000
0.0097205089 0.0000000000
0.0133015867 0.0000000000
0.0103591150 0.0000000000
0.0069625289 0.0000000000
0.0096644042 0.0000000000
0.0172225647 0.0000000000
0.0228894390 0.0000000000
0.0135735022 0.0000000000
0.0104551567 0.0000000000
0.0166890360 0.0000000000
0.0228281412 0.0000000000
0.0175818224 0.0000000000
0.0274504721 0.0000000000
0.0526736304 0.0000000000
0.0446706675 0.0000000000
0.0228368156 0.0000000000
0.0144499736 0.0000000000
0.0181071088 0.0000000000
0.0135213882 0.0000000000
0.0081431139 0.0000000000
0.0102893198 0.0000000000
0.0166977141 0.0000000000
0.0135207875 0.0000000000
0.0073266299 0.0000000000
0.0051238532 0.0000000000
0.0072428151 0.0000000000
0.0094431518 0.0000000000
0.0065653971 0.0000000000
0.0096644126 0.0000000000
0.0174829904 0.0000000000
0.0146477781 0.0000000000
0.0077423742 0.0000000000
0.0050725644 0.0000000000
0.0067912480 0.0000000000
0.0052399687 0.0000000000
0.0034371316 0.0000000000
0.0046781786 0.0000000000
0.0081905117 0.0000000000
0.0105747553 0.0000000000
0.0061854678 0.0000000000
0.0046981331 0.0000000000
0.0073837633 0.0000000000
0.0100493422 0.0000000000
0.0076515074 0.0000000000
0.0118677486 0.0000000000
0.0226436239 0.0000000000
0.0292397272 0.0000000000
0.0153251495 0.0000000000
0.0098910872 0.0000000000
0.0129976636 0.0000000000
0.0095849158 0.0000000000
0.0061073145 0.0000000000
0.0080588181 0.0000000000
0.0137932505 0.0000000000
0.0108159157 0.0000000000
0.0061855335 0.0000000000
0.0045571486 0.0000000000
0.0069603124 0.0000000000
0.0090670669 0.0000000000
0.0067795767 0.0000000000
0.0103639467 0.0000000000
0.0196130257 0.0000000000
0.0245972462 0.0000000000
0.0135734398 0.0000000000
0.0092189843 0.0000000000
0.0132305548 0.0000000000
0.0101974513 0.0000000000
0.0071971514 0.0000000000
0.0102893775 0.0000000000
0.0189552251 0.0000000000
0.0237475801 0.0000000000
0.0145856291 0.0000000000
0.0115284650 0.0000000000
0.0190816149 0.0000000000
0.0256751403 0.0000000000
0.0204160400 0.0000000000
0.0322454832 0.0000000000
0.0629436970 0.0000000000
0.0507418737 0.0000000000
0.0259066690 0.0000000000
0.0163688194 0.0000000000
0.0204530302 0.0000000000
0.0152657609 0.0000000000
0.0091572525 0.0000000000
0.0115284240 0.0000000000
0.0186305679 0.0000000000
0.0150974113 0.0000000000
0.0081431419 0.0000000000
0.0056650182 0.0000000000
0.0079461029 0.0000000000
0.0103462599 0.0000000000
0.0071361051 0.0000000000
0.0104550291 0.0000000000
0.0188106187 0.0000000000
0.0154489642 0.0000000000
0.0081145670 0.0000000000
0.0052846819 0.0000000000
0.0069941953 0.0000000000
0.0053883004 0.0000000000
0.0034872429 0.0000000000
0.0046981326 0.0000000000
0.0081386128 0.0000000000
0.0105514769 0.0000000000
0.0061073024 0.0000000000
0.0045948229 0.0000000000
0.0071317316 0.0000000000
0.0097202407 0.0000000000
0.0073219948 0.0000000000
0.0113003636 0.0000000000
0.0214340612 0.0000000000
0.0172425769 0.0000000000
0.0089858351 0.0000000000
0.0057715485 0.0000000000
0.0075042858 0.0000000000
0.0055417959 0.0000000000
0.0034872259 0.0000000000
0.0045570959 0.0000000000
0.0077151512 0.0000000000
0.0060756560 0.0000000000
0.0034371160 0.0000000000
0.0025054796 0.0000000000
0.0037725107 0.0000000000
0.0049063601 0.0000000000
0.0036232150 0.0000000000
0.0055025858 0.0000000000
0.0103406971 0.0000000000
0.0126894992 0.0000000000
0.0069624861 0.0000000000
0.0047050435 0.0000000000
0.0066942996 0.0000000000
0.0051517314 0.0000000000
0.0036051897 0.0000000000
0.0051238588 0.0000000000
0.0093898280 0.0000000000
0.0117726615 0.0000000000
0.0071971212 0.0000000000
0.0056650229 0.0000000000
0.0093341358 0.0000000000
0.0125521813 0.0000000000
0.0099482480 0.0000000000
0.0156861059 0.0000000000
0.0305726882 0.0000000000
0.0365414545 0.0000000000
0.0189712625 0.0000000000
0.0121223908 0.0000000000
0.0156332999 0.0000000000
0.0114758704 0.0000000000
0.0071361698 0.0000000000
0.0092189983 0.0000000000
0.0154403653 0.0000000000
0.0117750298 0.0000000000
0.0065653948 0.0000000000
0.0047050640 0.0000000000
0.0069388533 0.0000000000
0.0089337453 0.0000000000
0.0064743501 0.0000000000
0.0097204773 0.0000000000
0.0180725958 0.0000000000
0.0136811770 0.0000000000
0.0074226572 0.0000000000
0.0049576503 0.0000000000
0.0069261901 0.0000000000
0.0052782465 0.0000000000
0.0036232190 0.0000000000
0.0050725583 0.0000000000
0.0091827279 0.0000000000
0.0111967642 0.0000000000
0.0067795920 0.0000000000
0.0052846856 0.0000000000
0.0086235711 0.0000000000
0.0115422057 0.0000000000
0.0090883803 0.0000000000
0.0142736109 0.0000000000
0.0277402811 0.0000000000
0.0321330093 0.0000000000
0.0171836410 0.0000000000
0.0112385461 0.0000000000
0.0152770467 0.0000000000
0.0110807782 0.0000000000
0.0073220413 0.0000000000
0.0098910946 0.0000000000
0.0174376145 0.0000000000
0.0129842646 0.0000000000
0.0076514333 0.0000000000
0.0057715471 0.0000000000
0.0091359308 0.0000000000
0.0117751332 0.0000000000
0.0090883877 0.0000000000
0.0140792811 0.0000000000
0.0271221325 0.0000000000
0.0311651211 0.0000000000
0.0175818168 0.0000000000
0.0121223712 0.0000000000
0.0179362651 0.0000000000
0.0136819975 0.0000000000
0.0099482192 0.0000000000
0.0144500043 0.0000000000
0.0271126106 0.0000000000
0.0325270370 0.0000000000
0.0204160474 0.0000000000
0.0163687970 0.0000000000
0.0276504066 0.0000000000
0.0367612652 0.0000000000
0.0297686923 0.0000000000
0.0472913422 0.0000000000
0.0931890383 0.0000000000
0.1142692938 0.0000000000
0.0582485907 0.0000000000
0.0367612317 0.0000000000
0.0457888432 0.0000000000
0.0342247896 0.0000000000
0.0204530694 0.0000000000
0.0256751664 0.0000000000
0.0413272306 0.0000000000
0.0336952992 0.0000000000
0.0181072522 0.0000000000
0.0125522427 0.0000000000
0.0174996480 0.0000000000
0.0228092670 0.0000000000
0.0156333391 0.0000000000
0.0228281692 0.0000000000
0.0408883803 0.0000000000
0.0339955539 0.0000000000
0.0177831426 0.0000000000
0.0115422662 0.0000000000
0.0151628153 0.0000000000
0.0116954250 0.0000000000
0.0075043980 0.0000000000
0.0100494521 0.0000000000
0.0172853284 0.0000000000
0.0226179026 0.0000000000
0.0129977558 0.0000000000
0.0097203283 0.0000000000
0.0149549535 0.0000000000
0.0204443801 0.0000000000
0.0152770579 0.0000000000
0.0234993249 0.0000000000
0.0443648696 0.0000000000
0.0354999229 0.0000000000
0.0184036717 0.0000000000
0.0117750820 0.0000000000
0.0151626440 0.0000000000
0.0112390351 0.0000000000
0.0069942009 0.0000000000
0.0090670669 0.0000000000
0.0151959294 0.0000000000
0.0121259335 0.0000000000
0.0067912610 0.0000000000
0.0049064104 0.0000000000
0.0072875037 0.0000000000
0.0094985170 0.0000000000
0.0069263377 0.0000000000
0.0104562677 0.0000000000
0.0195014440 0.0000000000
0.0244411752 0.0000000000
0.0133015737 0.0000000000
0.0089337463 0.0000000000
0.0125551224 0.0000000000
0.0096867085 0.0000000000
0.0066943043 0.0000000000
0.0094431387 0.0000000000
0.0171625763 0.0000000000
0.0218365509 0.0000000000
0.0132305035 0.0000000000
0.0103462636 0.0000000000
0.0168948136 0.0000000000
0.0228090752 0.0000000000
0.0179362111 0.0000000000
0.0282014050 0.0000000000
0.0547396876 0.0000000000
0.0415537395 0.0000000000
0.0214772336 0.0000000000
0.0136819994 0.0000000000
0.0174994115 0.0000000000
0.0128984889 0.0000000000
0.0079460703 0.0000000000
0.0101972902 0.0000000000
0.0169279352 0.0000000000
0.0131003531 0.0000000000
0.0072427895 0.0000000000
0.0051517072 0.0000000000
0.0075058197 0.0000000000
0.0096866162 0.0000000000
0.0069387178 0.0000000000
0.0103588477 0.0000000000
0.0191188958 0.0000000000
0.0147594688 0.0000000000
0.0079482747 0.0000000000
0.0052782064 0.0000000000
0.0072873374 0.0000000000
0.0055645257 0.0000000000
0.0037725088 0.0000000000
0.0052399607 0.0000000000
0.0094041489 0.0000000000
0.0115983766 0.0000000000
0.0069603268 0.0000000000
0.0053883181 0.0000000000
0.0087114805 0.0000000000
0.0116954036 0.0000000000
0.0091359820 0.0000000000
0.0143037401 0.0000000000
0.0276831966 0.0000000000
0.0319168232 0.0000000000
0.0169940665 0.0000000000
0.0110808667 0.0000000000
0.0149549851 0.0000000000
0.0108765764 0.0000000000
0.0071317945 0.0000000000
0.0095849289 0.0000000000
0.0167970229 0.0000000000
0.0126062417 0.0000000000
0.0073837033 0.0000000000
0.0055417973 0.0000000000
0.0087114414 0.0000000000
0.0112390537 0.0000000000
0.0086235711 0.0000000000
0.0133241061 0.0000000000
0.0255868845 0.0000000000
0.0296925642 0.0000000000
0.0166889802 0.0000000000
0.0114758210 0.0000000000
0.0168948155 0.0000000000
0.0128984563 0.0000000000
0.0093340911 0.0000000000
0.0135213872 0.0000000000
0.0252999347 0.0000000000
0.0304942597 0.0000000000
0.0190815795 0.0000000000
0.0152657209 0.0000000000
0.0257154442 0.0000000000
0.0342247486 0.0000000000
0.0276503973 0.0000000000
0.0438892879 0.0000000000
0.0863863081 0.0000000000
0.0994097516 0.0000000000
0.0512083508 0.0000000000
0.0325270630 0.0000000000
0.0413272940 0.0000000000
0.0304943994 0.0000000000
0.0186307579 0.0000000000
0.0237476882 0.0000000000
0.0391033851 0.0000000000
0.0304642748 0.0000000000
0.0166979115 0.0000000000
0.0117728142 0.0000000000
0.0169284679 0.0000000000
0.0218367651 0.0000000000
0.0154404361 0.0000000000
0.0228894297 0.0000000000
0.0418971628 0.0000000000
0.0319121815 0.0000000000
0.0170113165 0.0000000000
0.0111967288 0.0000000000
0.0151959481 0.0000000000
0.0115983756 0.0000000000
0.0077153076 0.0000000000
0.0105750095 0.0000000000
0.0187201705 0.0000000000
0.0233139899 0.0000000000
0.0137932729 0.0000000000
0.0105514862 0.0000000000
0.0167970341 0.0000000000
0.0226176959 0.0000000000
0.0174375735 0.0000000000
0.0271477289 0.0000000000
0.0521794781 0.0000000000
0.0379333869 0.0000000000
0.0200383067 0.0000000000
0.0129841603 0.0000000000
0.0172847658 0.0000000000
0.0126061365 0.0000000000
0.0081384797 0.0000000000
0.0108155925 0.0000000000
0.0187193155 0.0000000000
0.0141648967 0.0000000000
0.0081904111 0.0000000000
0.0060756360 0.0000000000
0.0094041154 0.0000000000
0.0121259401 0.0000000000
0.0091827419 0.0000000000
0.0140969232 0.0000000000
0.0268821325 0.0000000000
0.0308627915 0.0000000000
0.0172227062 0.0000000000
0.0117750857 0.0000000000
0.0171626154 0.0000000000
0.0131003680 0.0000000000
0.0093898084 0.0000000000
0.0135207847 0.0000000000
0.0251572244 0.0000000000
0.0304641854 0.0000000000
0.0189552121 0.0000000000
0.0150973760 0.0000000000
0.0252999421 0.0000000000
0.0336951688 0.0000000000
0.0271125808 0.0000000000
0.0429618396 0.0000000000
0.0843984932 0.0000000000
0.0924828425 0.0000000000
0.0484854989 0.0000000000
0.0311652292 0.0000000000
0.0408884846 0.0000000000
0.0296927448 0.0000000000
0.0188109521 0.0000000000
0.0245974287 0.0000000000
0.0418972708 0.0000000000
0.0308624487 0.0000000000
0.0174829662 0.0000000000
0.0126895895 0.0000000000
0.0191194825 0.0000000000
0.0244411528 0.0000000000
0.0180726144 0.0000000000
0.0273784101 0.0000000000
0.0515333451 0.0000000000
0.0369089469 0.0000000000
0.0202944819 0.0000000000
0.0136809014 0.0000000000
0.0195006244 0.0000000000
0.0147593785 0.0000000000
0.0103406161 0.0000000000
0.0146477083 0.0000000000
0.0268820189 0.0000000000
0.0319124423 0.0000000000
0.0196131058 0.0000000000
0.0154489586 0.0000000000
0.0255868714 0.0000000000
0.0339955166 0.0000000000
0.0271221343 0.0000000000
0.0427912734 0.0000000000
0.0837380961 0.0000000000
0.0904164761 0.0000000000
0.0488301665 0.0000000000
0.0321332105 0.0000000000
0.0443650819 0.0000000000
0.0319165923 0.0000000000
0.0214342624 0.0000000000
0.0292397290 0.0000000000
0.0521795116 0.0000000000
0.0379330888 0.0000000000
0.0226431005 0.0000000000
0.0172424149 0.0000000000
0.0276829340 0.0000000000
0.0354999937 0.0000000000
0.0277402550 0.0000000000
0.0431821942 0.0000000000
0.0837380588 0.0000000000
0.0924829841 0.0000000000
0.0526737906 0.0000000000
0.0365414098 0.0000000000
0.0547397397 0.0000000000
0.0415533818 0.0000000000
0.0305724554 0.0000000000
0.0446705930 0.0000000000
0.0843983963 0.0000000000
0.0994099677 0.0000000000
0.0629437566 0.0000000000
0.0507416911 0.0000000000
0.0863862112 0.0000000000
0.1142694801 0.0000000000
0.0931890085 0.0000000000
0.1483574957 0.0000000000
0.2933952212 0.0000000000
