k value is 1
Epoch & Fidelity & Runtime 
1 0.428411 32.164431
2 0.515819 64.329972
3 0.59077 96.908812
4 0.636248 129.061546
5 0.690986 161.230235
6 0.747262 193.526551
7 0.771886 225.907769
8 0.789021 258.231248
9 0.801096 290.631923
10 0.787828 322.975694
11 0.834681 355.345635
12 0.836202 388.190295
13 0.826593 420.620533
14 0.832887 453.076671
15 0.840778 485.574012
16 0.841246 518.052985
17 0.818747 550.517088
18 0.841024 583.32599
19 0.86774 615.872145
20 0.878264 649.323562
21 0.881833 682.02453
22 0.835181 715.011194
23 0.859668 748.071199
24 0.859303 780.781022
25 0.861881 813.520205

k value is 2
Epoch & Fidelity & Runtime 
1 0.46989 32.756423
2 0.550351 66.135754
3 0.641198 99.530729
4 0.700112 132.786091
5 0.747116 166.183089
6 0.757389 199.634158
7 0.790982 232.855972
8 0.805244 265.693868
9 0.825855 299.207147
10 0.843585 332.536122
11 0.847651 366.129565
12 0.841621 399.699191
13 0.867726 433.213624
14 0.861382 467.585714
15 0.854501 501.952372
16 0.83574 535.86878
17 0.859566 569.909515
18 0.88122 604.493717
19 0.860861 639.212953
20 0.892092 673.389649
21 0.879124 707.580194
22 0.890931 743.106601
23 0.893455 777.341866
24 0.890604 811.591124

k value is 4
Epoch & Fidelity & Runtime 
1 0.441799 37.46258
2 0.534997 72.609921
3 0.596372 107.813962
4 0.640891 144.054344
5 0.703119 179.164982
6 0.73693 215.554944
7 0.765292 251.136718
8 0.795055 286.784255
9 0.812568 323.077624
10 0.830641 359.350609
11 0.83165 395.10177
12 0.856935 431.102376
13 0.854072 467.414256
14 0.857969 505.071296
15 0.869578 541.359313
16 0.86098 578.352158
17 0.87936 614.712311
18 0.872654 652.362712
19 0.895835 688.700358
20 0.889237 725.709719
21 0.900712 762.070631
22 0.889724 799.960275
23 0.907952 836.364976

k value is 8
Epoch & Fidelity & Runtime 
1 0.450805 41.892862
2 0.531751 82.24681
3 0.581547 121.992293
4 0.627042 161.991026
5 0.683847 202.296833
6 0.709946 242.769722
7 0.742366 282.992748
8 0.776766 323.65774
9 0.795674 363.252074
10 0.822961 404.427331
11 0.829935 445.374561
12 0.812239 486.385857
13 0.849319 527.426656
14 0.872361 569.278354
15 0.856094 610.349164
16 0.885148 650.702748
17 0.888047 692.641799
18 0.889804 733.810948
19 0.898187 775.083112
20 0.891576 815.545779

k value is 16
Epoch & Fidelity & Runtime 
1 0.428776 51.655104
2 0.525101 99.48971
3 0.579047 148.126274
4 0.63837 196.019798
5 0.691264 243.815806
6 0.727455 294.483458
7 0.750806 343.015526
8 0.783118 391.172174
9 0.796427 440.858922
10 0.823298 491.094707
11 0.828379 540.923505
12 0.834066 591.704377
13 0.865168 642.43188
14 0.871846 692.376888
15 0.874545 743.992221
16 0.87692 794.035487
17 0.884901 844.848921

