0.4714045208 0.0000000000
0.0000000000 0.2357022604
0.4714045208 0.0000000000
0.0000000000 -0.7071067812

0.6666666667 0.0000000000
0.0000000000 -0.3333333333
0.0000000000 0.0000000000
0.0000000000 0.6666666667

0.3333333333 0.1666666667
0.3333333333 -0.1666666667
0.3333333333 -0.5000000000
0.3333333333 0.5000000000

0.3333333333 -0.3333333333
-0.5000000000 0.1666666667
0.3333333333 0.3333333333
0.5000000000 0.1666666667

0.5000000000 0.0000000000
0.1666666667 0.0000000000
-0.1666666667 0.0000000000
0.8333333333 0.0000000000

