Batch size is 8
Epoch & Fidelity & Runtime 
10 0.400428 59.020429
20 0.528602 117.840976
30 0.569897 176.507182
40 0.599175 235.38818
50 0.640208 294.35631

Batch size is 16
Epoch & Fidelity & Runtime 
10 0.288391 34.11832
20 0.411548 68.360705
30 0.494551 102.668285
40 0.535319 137.112683
50 0.557902 171.547366
60 0.570737 206.012897
70 0.582533 240.599727
80 0.591077 275.056001

Batch size is 32
Epoch & Fidelity & Runtime 
10 0.197571 21.38507
20 0.273821 42.691613
30 0.329723 64.05914
40 0.388232 85.50956
50 0.444387 107.042258
60 0.485462 128.741632
70 0.514692 150.488147
80 0.532865 172.081239
90 0.545803 193.765358
100 0.553501 215.379821
110 0.561111 237.190384
120 0.567719 259.156077
130 0.571419 280.918556

Batch size is 64
Epoch & Fidelity & Runtime 
10 0.144245 14.975612
20 0.21256 29.99329
30 0.256192 45.050882
40 0.289413 60.146222
50 0.317968 75.24479
60 0.343175 90.432894
70 0.36601 105.526832
80 0.388153 120.757132
90 0.410821 135.991846
100 0.433361 151.226015
110 0.454694 166.465132
120 0.473728 181.774604
130 0.490973 197.132579
140 0.50528 212.500525
150 0.516677 227.868108
160 0.52543 243.262467
170 0.533102 258.822041
180 0.539975 274.256706
190 0.54564 289.689082

Batch size is 128
Epoch & Fidelity & Runtime 
10 0.110949 11.959826
20 0.15679 23.701452
30 0.192803 35.89146
40 0.216132 47.951324
50 0.234098 60.029876
60 0.251318 72.139039
70 0.269156 84.253577
80 0.288508 96.368323
90 0.308195 108.482299
100 0.327233 120.60474
110 0.34582 132.893977
120 0.362639 144.989363
130 0.378321 157.224427
140 0.393082 169.523151
150 0.406637 181.762153
160 0.420191 194.029845
170 0.43296 206.138691
180 0.444777 218.399492
190 0.455763 230.676501
200 0.46624 243.085397
210 0.476062 255.381917
220 0.485099 267.62782
230 0.492512 279.627909
240 0.500161 291.852211

Batch size is 256
Epoch & Fidelity & Runtime 
10 0.097441 10.297355
20 0.112375 20.472323
30 0.134342 30.489907
40 0.154489 40.934572
50 0.169078 51.424767
60 0.180437 61.879
70 0.191821 72.724359
80 0.203741 83.245592
90 0.214896 93.745728
100 0.226019 104.027241
110 0.236173 114.513031
120 0.246232 125.032976
130 0.256738 135.392429
140 0.267212 146.001771
150 0.278422 156.714235
160 0.289764 167.430794
170 0.301026 178.32544
180 0.3127 189.25616
190 0.324037 200.040721
200 0.335928 210.59234
210 0.347344 221.331514
220 0.358473 232.304677
230 0.369029 243.059978
240 0.379769 253.570123
250 0.389848 264.344764
260 0.399522 275.150829
270 0.408571 285.673882
280 0.41763 296.50855

Batch size is 512
Epoch & Fidelity & Runtime 
10 0.094937 9.721702
20 0.099185 18.93012
30 0.104591 28.439482
40 0.112069 37.934381
50 0.121914 47.243692
60 0.133724 56.844043
70 0.146209 66.770638
80 0.158269 76.278121
90 0.168989 86.123356
100 0.178237 95.756918
110 0.186432 105.617806
120 0.193719 115.435321
130 0.200332 124.962809
140 0.206637 134.793718
150 0.212886 144.642192
160 0.218628 154.276874
170 0.224241 164.248098
180 0.229526 174.181112
190 0.234449 183.833473
200 0.239503 193.786668
210 0.244432 203.74286
220 0.249218 213.431547
230 0.254105 223.62584
240 0.258736 233.557919
250 0.263566 243.18335
260 0.268171 253.116251
270 0.272862 263.095025
280 0.277244 272.746973
290 0.281635 282.750087
300 0.286114 292.781126

