Epoch & Fidelity & KL & Runtime 
1 0.44828 0.988358 0.546835
2 0.490874 0.859694 1.109295
3 0.549216 0.716723 1.671755
4 0.604988 0.605691 2.234468
5 0.65251 0.521514 2.781434
6 0.689957 0.450759 3.312627
7 0.72136 0.398484 3.859582
8 0.746043 0.360583 4.406436
9 0.76414 0.34014 4.937738
10 0.77987 0.314292 5.484574
11 0.790882 0.299965 6.015896
12 0.799063 0.290273 6.547108
13 0.805689 0.28043 7.078435
14 0.813173 0.265389 7.625288
15 0.813738 0.275937 8.172222
16 0.822768 0.258624 8.703434
17 0.82627 0.254606 9.23477
18 0.83001 0.246673 9.766093
19 0.834032 0.238569 10.328555
20 0.836821 0.232461 10.844258
21 0.843285 0.225108 11.391095
22 0.844172 0.220675 11.938036
23 0.848921 0.214867 12.469248
24 0.851608 0.211448 13.016195
25 0.85437 0.205748 13.531785
26 0.857204 0.199193 14.297464
27 0.861724 0.19323 14.86003
28 0.863022 0.191756 15.469364

