nh: 35
samples1: 100000
samples2: 5000
burn_in: 500
steps: 100
Exact H:-76.03
   Fidelity  ROE       Mean      Median    CI Width LL on CI  UL on CI  mmRatio  Min Err  Max Err
20     N/A    0.037300  -73.19405  -73.41584  0.14047  -73.33453  -73.05358  0.99698  0.03545  0.03915  
40     N/A    0.023702  -74.22797  -74.35097  0.11771  -74.34569  -74.11026  0.99835  0.02215  0.02525  
60     N/A    0.017153  -74.72585  -74.87884  0.10359  -74.82944  -74.62226  0.99796  0.01579  0.01852  
80     N/A    0.013645  -74.99259  -75.08742  0.09075  -75.08334  -74.90185  0.99874  0.01245  0.01484  
100     N/A    0.010860  -75.20431  -75.27969  0.08540  -75.28971  -75.11891  0.99900  0.00974  0.01198  
120     N/A    0.008471  -75.38595  -75.46859  0.07691  -75.46287  -75.30904  0.99891  0.00746  0.00948  
140     N/A    0.008324  -75.39713  -75.52523  0.07115  -75.46828  -75.32599  0.99830  0.00739  0.00926  
160     N/A    0.006493  -75.53632  -75.63087  0.06759  -75.60391  -75.46872  0.99875  0.00560  0.00738  
180     N/A    0.005632  -75.60180  -75.65279  0.06109  -75.66289  -75.54072  0.99933  0.00483  0.00644  
200     N/A    0.005154  -75.63813  -75.71218  0.05813  -75.69626  -75.58001  0.99902  0.00439  0.00592  
220     N/A    0.003923  -75.73172  -75.79583  0.05368  -75.78540  -75.67804  0.99915  0.00322  0.00463  
240     N/A    0.004033  -75.72338  -75.77773  0.05117  -75.77454  -75.67221  0.99928  0.00336  0.00471  
260     N/A    0.002851  -75.81324  -75.84453  0.04768  -75.86092  -75.76556  0.99959  0.00222  0.00348  
280     N/A    0.002968  -75.80433  -75.85826  0.04534  -75.84967  -75.75899  0.99929  0.00237  0.00356  
300     N/A    0.002998  -75.80209  -75.84085  0.04372  -75.84581  -75.75837  0.99949  0.00242  0.00357  
320     N/A    0.002744  -75.82141  -75.86660  0.04183  -75.86324  -75.77958  0.99940  0.00219  0.00329  
340     N/A    0.002322  -75.85346  -75.89742  0.04043  -75.89389  -75.81303  0.99942  0.00179  0.00285  
360     N/A    0.002131  -75.86795  -75.88459  0.03897  -75.90693  -75.82898  0.99978  0.00162  0.00264  
380     N/A    0.001858  -75.88874  -75.89581  0.03699  -75.92573  -75.85176  0.99991  0.00137  0.00234  
400     N/A    0.001973  -75.87999  -75.89687  0.03607  -75.91605  -75.84392  0.99978  0.00150  0.00245  
420     N/A    0.001650  -75.90455  -75.93398  0.03422  -75.93877  -75.87033  0.99961  0.00120  0.00210  
440     N/A    0.001348  -75.92751  -75.94069  0.03297  -75.96048  -75.89454  0.99983  0.00091  0.00178  
460     N/A    0.001689  -75.90160  -75.93949  0.03362  -75.93522  -75.86798  0.99950  0.00125  0.00213  
480     N/A    0.001495  -75.91633  -75.93669  0.03290  -75.94923  -75.88343  0.99973  0.00106  0.00193  
500     N/A    0.001429  -75.92133  -75.94144  0.03262  -75.95395  -75.88871  0.99974  0.00100  0.00186  
520     N/A    0.001196  -75.93906  -75.96683  0.03152  -75.97057  -75.90754  0.99963  0.00078  0.00161  
540     N/A    0.001451  -75.91966  -75.93451  0.03178  -75.95145  -75.88788  0.99980  0.00103  0.00187  
560     N/A    0.001451  -75.91968  -75.93330  0.03176  -75.95144  -75.88792  0.99982  0.00103  0.00187  
580     N/A    0.001575  -75.91028  -75.92995  0.03143  -75.94171  -75.87884  0.99974  0.00116  0.00199  
600     N/A    0.001091  -75.94705  -75.94956  0.03023  -75.97728  -75.91683  0.99997  0.00069  0.00149  
620     N/A    0.001424  -75.92172  -75.93900  0.03045  -75.95217  -75.89127  0.99977  0.00102  0.00182  
640     N/A    0.001373  -75.92564  -75.95481  0.03039  -75.95603  -75.89526  0.99962  0.00097  0.00177  
660     N/A    0.001422  -75.92189  -75.93840  0.02947  -75.95137  -75.89242  0.99978  0.00103  0.00181  
680     N/A    0.001371  -75.92577  -75.95236  0.02982  -75.95560  -75.89595  0.99965  0.00098  0.00176  
700     N/A    0.001307  -75.93065  -75.93146  0.02877  -75.95942  -75.90188  0.99999  0.00093  0.00169  
720     N/A    0.001227  -75.93673  -75.96502  0.02969  -75.96642  -75.90703  0.99963  0.00084  0.00162  
740     N/A    0.001315  -75.93001  -75.93229  0.02903  -75.95904  -75.90098  0.99997  0.00093  0.00170  
