nh: 37
samples1: 100000
samples2: 5000
burn_in: 500
steps: 100
Exact H:-76.03
   Fidelity  ROE       Mean      Median    CI Width LL on CI  UL on CI  mmRatio  Min Err  Max Err
20     N/A    0.036087  -73.28633  -73.47387  0.14262  -73.42895  -73.14371  0.99745  0.03421  0.03796  
40     N/A    0.021501  -74.39526  -74.58044  0.11614  -74.51140  -74.27913  0.99752  0.01997  0.02303  
60     N/A    0.016256  -74.79409  -74.91979  0.09955  -74.89364  -74.69454  0.99832  0.01495  0.01756  
80     N/A    0.012440  -75.08420  -75.19974  0.08816  -75.17236  -74.99603  0.99846  0.01128  0.01360  
100     N/A    0.009318  -75.32155  -75.43665  0.07923  -75.40078  -75.24231  0.99847  0.00828  0.01036  
120     N/A    0.008066  -75.41673  -75.53812  0.07143  -75.48816  -75.34530  0.99839  0.00713  0.00901  
140     N/A    0.006232  -75.55617  -75.64023  0.06450  -75.62067  -75.49166  0.99889  0.00538  0.00708  
160     N/A    0.004902  -75.65734  -75.69135  0.05893  -75.71627  -75.59840  0.99955  0.00413  0.00568  
180     N/A    0.004147  -75.71468  -75.74806  0.05362  -75.76830  -75.66106  0.99956  0.00344  0.00485  
200     N/A    0.003641  -75.75319  -75.80555  0.04994  -75.80313  -75.70325  0.99931  0.00298  0.00430  
220     N/A    0.002891  -75.81020  -75.85738  0.04678  -75.85698  -75.76342  0.99938  0.00228  0.00351  
240     N/A    0.002472  -75.84203  -75.88840  0.04464  -75.88667  -75.79739  0.99939  0.00189  0.00306  
260     N/A    0.002530  -75.83766  -75.85409  0.04136  -75.87902  -75.79630  0.99978  0.00199  0.00307  
280     N/A    0.002597  -75.83254  -75.85989  0.04043  -75.87297  -75.79210  0.99964  0.00207  0.00313  
300     N/A    0.002362  -75.85040  -75.88473  0.03912  -75.88952  -75.81127  0.99955  0.00185  0.00288  
320     N/A    0.002169  -75.86506  -75.89358  0.03807  -75.90313  -75.82699  0.99962  0.00167  0.00267  
340     N/A    0.001788  -75.89409  -75.90984  0.03578  -75.92987  -75.85832  0.99979  0.00132  0.00226  
360     N/A    0.001890  -75.88633  -75.92666  0.03598  -75.92231  -75.85035  0.99947  0.00142  0.00236  
380     N/A    0.001924  -75.88374  -75.90897  0.03497  -75.91871  -75.84878  0.99967  0.00146  0.00238  
400     N/A    0.002189  -75.86354  -75.89047  0.03443  -75.89797  -75.82911  0.99965  0.00174  0.00264  
420     N/A    0.001850  -75.88935  -75.92309  0.03437  -75.92371  -75.85498  0.99956  0.00140  0.00230  
440     N/A    0.001137  -75.94356  -75.95049  0.03292  -75.97648  -75.91064  0.99991  0.00070  0.00157  
460     N/A    0.001440  -75.92053  -75.94853  0.03254  -75.95307  -75.88798  0.99963  0.00101  0.00187  
480     N/A    0.001302  -75.93103  -75.96445  0.03131  -75.96234  -75.89972  0.99956  0.00089  0.00171  
500     N/A    0.001491  -75.91664  -75.93872  0.03086  -75.94751  -75.88578  0.99971  0.00108  0.00190  
520     N/A    0.001393  -75.92406  -75.93676  0.02958  -75.95364  -75.89447  0.99983  0.00100  0.00178  
540     N/A    0.001209  -75.93810  -75.94988  0.02907  -75.96717  -75.90902  0.99984  0.00083  0.00159  
560     N/A    0.001324  -75.92933  -75.95078  0.02860  -75.95793  -75.90073  0.99972  0.00095  0.00170  
580     N/A    0.001137  -75.94354  -75.94914  0.02808  -75.97163  -75.91546  0.99993  0.00077  0.00151  
600     N/A    0.000967  -75.95651  -75.96351  0.02768  -75.98419  -75.92883  0.99991  0.00060  0.00133  
620     N/A    0.001553  -75.91193  -75.92414  0.02749  -75.93942  -75.88444  0.99984  0.00119  0.00191  
640     N/A    0.001475  -75.91783  -75.93678  0.02685  -75.94467  -75.89098  0.99975  0.00112  0.00183  
660     N/A    0.001370  -75.92586  -75.93297  0.02643  -75.95229  -75.89942  0.99991  0.00102  0.00172  
