nh: 33
samples1: 52500
samples2: 5000
burn_in: 500
steps: 100
Exact H:-76.03
   Fidelity  ROE       Mean      Median    CI Width LL on CI  UL on CI  mmRatio  Min Err  Max Err
20     N/A    0.063178  -71.22659  -71.34362  0.17879  -71.40538  -71.04780  0.99836  0.06083  0.06553  
40     N/A    0.038139  -73.13032  -73.24431  0.14641  -73.27673  -72.98391  0.99844  0.03621  0.04006  
60     N/A    0.028030  -73.89884  -74.07549  0.12742  -74.02626  -73.77143  0.99762  0.02635  0.02971  
80     N/A    0.023695  -74.22845  -74.40074  0.11804  -74.34650  -74.11041  0.99768  0.02214  0.02525  
100     N/A    0.019298  -74.56274  -74.67579  0.11174  -74.67448  -74.45100  0.99849  0.01783  0.02077  
120     N/A    0.016775  -74.75457  -74.84459  0.10198  -74.85655  -74.65259  0.99880  0.01543  0.01812  
140     N/A    0.014810  -74.90397  -75.03401  0.09893  -75.00290  -74.80504  0.99827  0.01351  0.01611  
160     N/A    0.014142  -74.95477  -75.07368  0.09199  -75.04676  -74.86278  0.99842  0.01293  0.01535  
180     N/A    0.011925  -75.12338  -75.25787  0.08957  -75.21295  -75.03381  0.99821  0.01075  0.01310  
200     N/A    0.010669  -75.21880  -75.30418  0.08392  -75.30273  -75.13488  0.99887  0.00957  0.01177  
220     N/A    0.009860  -75.28031  -75.36039  0.08029  -75.36061  -75.20002  0.99894  0.00880  0.01092  
240     N/A    0.009562  -75.30302  -75.43505  0.07837  -75.38139  -75.22465  0.99825  0.00853  0.01059  
260     N/A    0.009222  -75.32887  -75.41439  0.07565  -75.40452  -75.25322  0.99887  0.00823  0.01022  
280     N/A    0.008384  -75.39256  -75.48797  0.07331  -75.46587  -75.31925  0.99874  0.00742  0.00935  
300     N/A    0.007696  -75.44490  -75.52804  0.07175  -75.51665  -75.37315  0.99890  0.00675  0.00864  
320     N/A    0.007296  -75.47528  -75.55566  0.06909  -75.54438  -75.40619  0.99894  0.00639  0.00820  
340     N/A    0.006066  -75.56880  -75.64049  0.06740  -75.63620  -75.50140  0.99905  0.00518  0.00695  
360     N/A    0.006445  -75.54001  -75.59882  0.06573  -75.60574  -75.47428  0.99922  0.00558  0.00731  
380     N/A    0.005931  -75.57903  -75.63346  0.06573  -75.64476  -75.51330  0.99928  0.00507  0.00680  
400     N/A    0.006312  -75.55012  -75.62232  0.06278  -75.61291  -75.48734  0.99905  0.00549  0.00714  
420     N/A    0.005545  -75.60838  -75.68017  0.06243  -75.67081  -75.54595  0.99905  0.00472  0.00637  
440     N/A    0.005916  -75.58019  -75.66100  0.06274  -75.64294  -75.51745  0.99893  0.00509  0.00674  
460     N/A    0.005779  -75.59063  -75.67208  0.06043  -75.65106  -75.53020  0.99892  0.00498  0.00657  
480     N/A    0.005324  -75.62523  -75.69872  0.05847  -75.68370  -75.56676  0.99903  0.00455  0.00609  
500     N/A    0.005103  -75.64200  -75.70444  0.05802  -75.70001  -75.58398  0.99918  0.00434  0.00587  
520     N/A    0.004632  -75.67780  -75.72563  0.05723  -75.73502  -75.62057  0.99937  0.00388  0.00539  
540     N/A    0.004636  -75.67752  -75.71543  0.05667  -75.73419  -75.62085  0.99950  0.00389  0.00538  
560     N/A    0.004497  -75.68810  -75.74246  0.05809  -75.74619  -75.63001  0.99928  0.00373  0.00526  
580     N/A    0.004762  -75.66794  -75.72035  0.05439  -75.72234  -75.61355  0.99931  0.00405  0.00548  
600     N/A    0.004453  -75.69146  -75.74531  0.05409  -75.74556  -75.63737  0.99929  0.00374  0.00516  
620     N/A    0.004619  -75.67883  -75.73759  0.05366  -75.73248  -75.62517  0.99922  0.00391  0.00532  
640     N/A    0.004281  -75.70451  -75.74178  0.05431  -75.75881  -75.65020  0.99951  0.00357  0.00500  
660     N/A    0.003690  -75.74948  -75.77517  0.05221  -75.80169  -75.69726  0.99966  0.00300  0.00438  
680     N/A    0.003933  -75.73101  -75.80988  0.05177  -75.78278  -75.67924  0.99896  0.00325  0.00461  
700     N/A    0.003552  -75.75991  -75.79289  0.05176  -75.81168  -75.70815  0.99956  0.00287  0.00423  
720     N/A    0.003632  -75.75385  -75.79523  0.04988  -75.80373  -75.70397  0.99945  0.00298  0.00429  
740     N/A    0.003977  -75.72763  -75.77381  0.05036  -75.77799  -75.67726  0.99939  0.00331  0.00464  
760     N/A    0.003509  -75.76320  -75.80594  0.04985  -75.81305  -75.71334  0.99944  0.00285  0.00416  
780     N/A    0.003086  -75.79536  -75.84091  0.04918  -75.84454  -75.74618  0.99940  0.00244  0.00373  
800     N/A    0.003482  -75.76523  -75.80839  0.04739  -75.81261  -75.71784  0.99943  0.00286  0.00411  
820     N/A    0.003480  -75.76543  -75.80463  0.04703  -75.81246  -75.71840  0.99948  0.00286  0.00410  
840     N/A    0.003309  -75.77844  -75.83681  0.04765  -75.82609  -75.73079  0.99923  0.00268  0.00394  
860     N/A    0.002875  -75.81141  -75.86636  0.04676  -75.85817  -75.76465  0.99928  0.00226  0.00349  
880     N/A    0.003092  -75.79492  -75.82675  0.04557  -75.84049  -75.74936  0.99958  0.00249  0.00369  
900     N/A    0.003163  -75.78955  -75.82692  0.04522  -75.83476  -75.74433  0.99951  0.00257  0.00376  
920     N/A    0.002945  -75.80606  -75.83479  0.04566  -75.85172  -75.76040  0.99962  0.00234  0.00355  
940     N/A    0.003122  -75.79265  -75.82782  0.04539  -75.83804  -75.74726  0.99954  0.00252  0.00372  
960     N/A    0.002762  -75.82001  -75.85412  0.04466  -75.86467  -75.77535  0.99955  0.00217  0.00335  
980     N/A    0.002590  -75.83312  -75.87338  0.04403  -75.87715  -75.78909  0.99947  0.00201  0.00317  
1000     N/A    0.002671  -75.82692  -75.88521  0.04459  -75.87150  -75.78233  0.99923  0.00208  0.00326  
1020     N/A    0.002825  -75.81525  -75.87316  0.04303  -75.85828  -75.77222  0.99924  0.00226  0.00339  
1040     N/A    0.002387  -75.84852  -75.86102  0.04172  -75.89024  -75.80680  0.99984  0.00184  0.00294  
1060     N/A    0.002439  -75.84454  -75.85616  0.04282  -75.88736  -75.80172  0.99985  0.00188  0.00300  
1080     N/A    0.002987  -75.80292  -75.81666  0.04206  -75.84498  -75.76086  0.99982  0.00243  0.00354  
1100     N/A    0.002697  -75.82496  -75.86433  0.04102  -75.86598  -75.78393  0.99948  0.00216  0.00324  
1120     N/A    0.002367  -75.85003  -75.91117  0.04069  -75.89072  -75.80934  0.99919  0.00183  0.00290  
1140     N/A    0.002707  -75.82415  -75.86234  0.04084  -75.86499  -75.78332  0.99950  0.00217  0.00324  
1160     N/A    0.002442  -75.84433  -75.87676  0.03962  -75.88395  -75.80471  0.99957  0.00192  0.00296  
1180     N/A    0.002690  -75.82549  -75.85808  0.03857  -75.86406  -75.78692  0.99957  0.00218  0.00320  
1200     N/A    0.002141  -75.86719  -75.89127  0.03923  -75.90642  -75.82796  0.99968  0.00163  0.00266  
1220     N/A    0.002319  -75.85371  -75.90453  0.03842  -75.89214  -75.81529  0.99933  0.00181  0.00282  
1240     N/A    0.001974  -75.87991  -75.91602  0.03842  -75.91833  -75.84150  0.99952  0.00147  0.00248  
1260     N/A    0.002192  -75.86333  -75.89181  0.03585  -75.89918  -75.82748  0.99962  0.00172  0.00266  
1280     N/A    0.002538  -75.83707  -75.85522  0.03631  -75.87338  -75.80076  0.99976  0.00206  0.00302  
1300     N/A    0.002068  -75.87276  -75.90239  0.03632  -75.90907  -75.83644  0.99961  0.00159  0.00255  
1320     N/A    0.002124  -75.86849  -75.90552  0.03594  -75.90443  -75.83255  0.99951  0.00165  0.00260  
1340     N/A    0.001795  -75.89355  -75.91981  0.03511  -75.92866  -75.85844  0.99965  0.00133  0.00226  
1360     N/A    0.002082  -75.87173  -75.90527  0.03519  -75.90692  -75.83654  0.99956  0.00162  0.00254  
1380     N/A    0.001928  -75.88338  -75.92025  0.03437  -75.91774  -75.84901  0.99951  0.00148  0.00238  
1400     N/A    0.002147  -75.86678  -75.89557  0.03488  -75.90167  -75.83190  0.99962  0.00169  0.00261  
1420     N/A    0.001885  -75.88672  -75.90872  0.03405  -75.92077  -75.85267  0.99971  0.00144  0.00233  
1440     N/A    0.001754  -75.89664  -75.92152  0.03401  -75.93065  -75.86263  0.99967  0.00131  0.00220  
1460     N/A    0.001949  -75.88182  -75.91062  0.03367  -75.91549  -75.84816  0.99962  0.00151  0.00239  
1480     N/A    0.001945  -75.88211  -75.90684  0.03359  -75.91570  -75.84852  0.99967  0.00150  0.00239  
1500     N/A    0.001714  -75.89967  -75.93145  0.03340  -75.93308  -75.86627  0.99958  0.00127  0.00215  
1520     N/A    0.001711  -75.89988  -75.92204  0.03278  -75.93266  -75.86710  0.99971  0.00128  0.00214  
1540     N/A    0.001717  -75.89945  -75.93321  0.03306  -75.93251  -75.86640  0.99956  0.00128  0.00215  
