nh: 36
samples1: 100000
samples2: 5000
burn_in: 500
steps: 100
Exact H:-76.03
   Fidelity  ROE       Mean      Median    CI Width LL on CI  UL on CI  mmRatio  Min Err  Max Err
20     N/A    0.037752  -73.15968  -73.24750  0.14468  -73.30436  -73.01500  0.99880  0.03585  0.03966  
40     N/A    0.022475  -74.32119  -74.46760  0.11629  -74.43748  -74.20491  0.99803  0.02095  0.02400  
60     N/A    0.016152  -74.80196  -74.95780  0.10090  -74.90286  -74.70106  0.99792  0.01482  0.01748  
80     N/A    0.012524  -75.07780  -75.18085  0.08848  -75.16628  -74.98932  0.99863  0.01136  0.01369  
100     N/A    0.009919  -75.27588  -75.34211  0.08022  -75.35609  -75.19566  0.99912  0.00886  0.01097  
120     N/A    0.007686  -75.44567  -75.55572  0.07343  -75.51910  -75.37224  0.99854  0.00672  0.00865  
140     N/A    0.006395  -75.54375  -75.66966  0.06704  -75.61080  -75.47671  0.99834  0.00551  0.00728  
160     N/A    0.006080  -75.56776  -75.65661  0.06151  -75.62927  -75.50625  0.99883  0.00527  0.00689  
180     N/A    0.004327  -75.70102  -75.74267  0.05884  -75.75986  -75.64218  0.99945  0.00355  0.00510  
200     N/A    0.004426  -75.69350  -75.72653  0.05398  -75.74748  -75.63952  0.99956  0.00372  0.00514  
220     N/A    0.003833  -75.73857  -75.76217  0.05063  -75.78920  -75.68794  0.99969  0.00317  0.00450  
240     N/A    0.003686  -75.74974  -75.79386  0.04786  -75.79760  -75.70188  0.99942  0.00306  0.00432  
260     N/A    0.003154  -75.79020  -75.84083  0.04608  -75.83628  -75.74411  0.99933  0.00255  0.00376  
280     N/A    0.002759  -75.82026  -75.84815  0.04320  -75.86346  -75.77707  0.99963  0.00219  0.00333  
300     N/A    0.002521  -75.83835  -75.86375  0.04234  -75.88069  -75.79601  0.99967  0.00196  0.00308  
320     N/A    0.002297  -75.85538  -75.87708  0.03922  -75.89460  -75.81616  0.99971  0.00178  0.00281  
340     N/A    0.001754  -75.89663  -75.89863  0.03703  -75.93366  -75.85960  0.99997  0.00127  0.00224  
360     N/A    0.001850  -75.88937  -75.90897  0.03611  -75.92548  -75.85327  0.99974  0.00137  0.00232  
380     N/A    0.001664  -75.90351  -75.92317  0.03497  -75.93848  -75.86854  0.99974  0.00120  0.00212  
400     N/A    0.001601  -75.90829  -75.93228  0.03233  -75.94061  -75.87596  0.99968  0.00118  0.00203  
420     N/A    0.001575  -75.91027  -75.92570  0.03102  -75.94129  -75.87924  0.99980  0.00117  0.00198  
440     N/A    0.001642  -75.90519  -75.92350  0.02928  -75.93447  -75.87592  0.99976  0.00126  0.00203  
460     N/A    0.001218  -75.93741  -75.94398  0.02895  -75.96636  -75.90846  0.99991  0.00084  0.00160  
480     N/A    0.001428  -75.92141  -75.92426  0.02835  -75.94976  -75.89306  0.99996  0.00106  0.00180  
500     N/A    0.001305  -75.93075  -75.95738  0.02776  -75.95851  -75.90299  0.99965  0.00094  0.00167  
520     N/A    0.001386  -75.92466  -75.93014  0.02754  -75.95220  -75.89712  0.99993  0.00102  0.00175  
540     N/A    0.001181  -75.94019  -75.94110  0.02677  -75.96696  -75.91342  0.99999  0.00083  0.00153  
560     N/A    0.001217  -75.93746  -75.95459  0.02616  -75.96362  -75.91130  0.99977  0.00087  0.00156  
580     N/A    0.001193  -75.93931  -75.94853  0.02595  -75.96526  -75.91336  0.99988  0.00085  0.00153  
600     N/A    0.001005  -75.95358  -75.95399  0.02560  -75.97918  -75.92798  0.99999  0.00067  0.00134  
620     N/A    0.000909  -75.96085  -75.95711  0.02639  -75.98725  -75.93446  1.00005  0.00056  0.00126  
640     N/A    0.001041  -75.95088  -75.94924  0.02526  -75.97614  -75.92561  1.00002  0.00071  0.00137  
660     N/A    0.001005  -75.95361  -75.94569  0.02558  -75.97919  -75.92804  1.00010  0.00067  0.00134  
680     N/A    0.001199  -75.93887  -75.94626  0.02490  -75.96377  -75.91397  0.99990  0.00087  0.00153  
700     N/A    0.000954  -75.95749  -75.95990  0.02465  -75.98214  -75.93284  0.99997  0.00063  0.00128  
