nh: 33
samples1: 60000
samples2: 5000
burn_in: 500
steps: 100
Exact H:-76.03
   Fidelity  ROE       Mean      Median    CI Width LL on CI  UL on CI  mmRatio  Min Err  Max Err
20     N/A    0.055954  -71.77580  -71.91049  0.17342  -71.94922  -71.60238  0.99813  0.05367  0.05824  
40     N/A    0.034765  -73.38681  -73.51672  0.13921  -73.52602  -73.24760  0.99823  0.03293  0.03660  
60     N/A    0.026333  -74.02792  -74.15143  0.12340  -74.15132  -73.90451  0.99833  0.02471  0.02796  
80     N/A    0.022635  -74.30909  -74.48771  0.11174  -74.42083  -74.19735  0.99760  0.02116  0.02410  
100     N/A    0.018165  -74.64894  -74.79188  0.10403  -74.75297  -74.54491  0.99809  0.01680  0.01953  
120     N/A    0.015246  -74.87085  -74.98410  0.09680  -74.96765  -74.77404  0.99849  0.01397  0.01652  
140     N/A    0.011778  -75.13449  -75.23841  0.09049  -75.22497  -75.04400  0.99862  0.01059  0.01297  
160     N/A    0.010856  -75.20464  -75.33090  0.08498  -75.28962  -75.11966  0.99832  0.00974  0.01197  
180     N/A    0.009094  -75.33862  -75.41523  0.08088  -75.41950  -75.25774  0.99898  0.00803  0.01016  
200     N/A    0.008093  -75.41468  -75.49694  0.07606  -75.49074  -75.33862  0.99891  0.00709  0.00909  
220     N/A    0.008222  -75.40490  -75.45554  0.07438  -75.47928  -75.33052  0.99933  0.00724  0.00920  
240     N/A    0.007341  -75.47189  -75.56909  0.06979  -75.54167  -75.40210  0.99871  0.00642  0.00826  
260     N/A    0.006790  -75.51378  -75.56362  0.06640  -75.58019  -75.44738  0.99934  0.00592  0.00766  
280     N/A    0.006036  -75.57107  -75.61010  0.06508  -75.63615  -75.50599  0.99948  0.00518  0.00689  
300     N/A    0.005710  -75.59586  -75.60748  0.06060  -75.65646  -75.53526  0.99985  0.00491  0.00651  
320     N/A    0.005124  -75.64039  -75.67527  0.05874  -75.69913  -75.58165  0.99954  0.00435  0.00590  
340     N/A    0.004317  -75.70176  -75.73830  0.05696  -75.75872  -75.64480  0.99952  0.00357  0.00507  
360     N/A    0.004630  -75.67798  -75.72843  0.05553  -75.73351  -75.62245  0.99933  0.00390  0.00536  
380     N/A    0.004087  -75.71926  -75.77440  0.05398  -75.77324  -75.66528  0.99927  0.00338  0.00480  
400     N/A    0.003746  -75.74517  -75.81072  0.05210  -75.79726  -75.69307  0.99914  0.00306  0.00443  
420     N/A    0.003313  -75.77811  -75.78297  0.05012  -75.82823  -75.72799  0.99994  0.00265  0.00397  
440     N/A    0.003471  -75.76613  -75.79515  0.04913  -75.81526  -75.71700  0.99962  0.00282  0.00412  
460     N/A    0.003145  -75.79092  -75.80491  0.04767  -75.83859  -75.74325  0.99982  0.00252  0.00377  
480     N/A    0.003330  -75.77681  -75.78732  0.04635  -75.82316  -75.73047  0.99986  0.00272  0.00394  
500     N/A    0.003050  -75.79813  -75.81585  0.04544  -75.84357  -75.75269  0.99977  0.00245  0.00365  
520     N/A    0.002874  -75.81149  -75.83269  0.04487  -75.85636  -75.76662  0.99972  0.00228  0.00346  
540     N/A    0.002917  -75.80822  -75.84414  0.04337  -75.85159  -75.76485  0.99953  0.00235  0.00349  
560     N/A    0.002620  -75.83083  -75.83447  0.04234  -75.87317  -75.78849  0.99995  0.00206  0.00318  
580     N/A    0.002479  -75.84153  -75.86468  0.04253  -75.88406  -75.79899  0.99969  0.00192  0.00304  
600     N/A    0.002638  -75.82941  -75.83938  0.04223  -75.87163  -75.78718  0.99987  0.00208  0.00319  
620     N/A    0.002762  -75.82000  -75.84167  0.04122  -75.86122  -75.77878  0.99971  0.00222  0.00330  
640     N/A    0.002526  -75.83795  -75.84459  0.04020  -75.87815  -75.79775  0.99991  0.00200  0.00305  
660     N/A    0.002415  -75.84640  -75.86737  0.04124  -75.88764  -75.80516  0.99972  0.00187  0.00296  
680     N/A    0.002509  -75.83927  -75.87000  0.04113  -75.88040  -75.79814  0.99959  0.00197  0.00305  
700     N/A    0.002425  -75.84562  -75.85715  0.04039  -75.88601  -75.80523  0.99985  0.00189  0.00296  
720     N/A    0.001773  -75.89522  -75.91384  0.04028  -75.93550  -75.85495  0.99975  0.00124  0.00230  
740     N/A    0.002244  -75.85936  -75.88452  0.03814  -75.89750  -75.82122  0.99967  0.00174  0.00275  
760     N/A    0.002292  -75.85572  -75.88358  0.03895  -75.89467  -75.81677  0.99963  0.00178  0.00280  
780     N/A    0.002280  -75.85662  -75.87539  0.03919  -75.89581  -75.81742  0.99975  0.00176  0.00280  
800     N/A    0.002472  -75.84208  -75.86620  0.03929  -75.88137  -75.80279  0.99968  0.00195  0.00299  
820     N/A    0.002032  -75.87553  -75.87871  0.03810  -75.91363  -75.83743  0.99996  0.00153  0.00253  
840     N/A    0.002312  -75.85420  -75.86667  0.03827  -75.89247  -75.81592  0.99984  0.00181  0.00282  
860     N/A    0.001974  -75.87994  -75.88334  0.03768  -75.91762  -75.84225  0.99996  0.00148  0.00247  
880     N/A    0.002182  -75.86410  -75.85786  0.03814  -75.90224  -75.82596  1.00008  0.00168  0.00268  
900     N/A    0.002209  -75.86203  -75.84793  0.03755  -75.89958  -75.82449  1.00019  0.00172  0.00270  
920     N/A    0.001892  -75.88617  -75.89319  0.03785  -75.92401  -75.84832  0.99991  0.00139  0.00239  
940     N/A    0.002221  -75.86112  -75.88403  0.03822  -75.89935  -75.82290  0.99970  0.00172  0.00272  
960     N/A    0.002397  -75.84777  -75.86674  0.03650  -75.88428  -75.81127  0.99975  0.00192  0.00288  
980     N/A    0.001905  -75.88516  -75.89533  0.03701  -75.92217  -75.84815  0.99987  0.00142  0.00239  
1000     N/A    0.002190  -75.86348  -75.88939  0.03698  -75.90047  -75.82650  0.99966  0.00170  0.00268  
1020     N/A    0.002014  -75.87691  -75.88917  0.03678  -75.91369  -75.84013  0.99984  0.00153  0.00250  
1040     N/A    0.001712  -75.89986  -75.90983  0.03657  -75.93644  -75.86329  0.99987  0.00123  0.00219  
1060     N/A    0.002296  -75.85545  -75.89429  0.03540  -75.89085  -75.82004  0.99949  0.00183  0.00276  
1080     N/A    0.001858  -75.88877  -75.90050  0.03634  -75.92511  -75.85242  0.99985  0.00138  0.00234  
1100     N/A    0.001820  -75.89161  -75.91555  0.03518  -75.92679  -75.85643  0.99968  0.00136  0.00228  
1120     N/A    0.001564  -75.91107  -75.91631  0.03532  -75.94638  -75.87575  0.99993  0.00110  0.00203  
1140     N/A    0.001949  -75.88185  -75.89106  0.03493  -75.91678  -75.84692  0.99988  0.00149  0.00241  
1160     N/A    0.001557  -75.91164  -75.91706  0.03429  -75.94593  -75.87735  0.99993  0.00111  0.00201  
1180     N/A    0.002033  -75.87543  -75.88782  0.03505  -75.91048  -75.84037  0.99984  0.00157  0.00249  
1200     N/A    0.001791  -75.89383  -75.90265  0.03560  -75.92943  -75.85823  0.99988  0.00132  0.00226  
1220     N/A    0.002081  -75.87175  -75.86412  0.03479  -75.90654  -75.83696  1.00010  0.00162  0.00254  
1240     N/A    0.001734  -75.89816  -75.92721  0.03412  -75.93227  -75.86404  0.99962  0.00129  0.00218  
1260     N/A    0.001631  -75.90596  -75.88986  0.03380  -75.93977  -75.87216  1.00021  0.00119  0.00208  
1280     N/A    0.002126  -75.86839  -75.87927  0.03419  -75.90258  -75.83420  0.99986  0.00168  0.00258  
1300     N/A    0.001590  -75.90908  -75.91289  0.03360  -75.94268  -75.87548  0.99995  0.00115  0.00203  
1320     N/A    0.001590  -75.90908  -75.92236  0.03297  -75.94206  -75.87611  0.99983  0.00116  0.00202  
1340     N/A    0.001896  -75.88587  -75.88110  0.03341  -75.91927  -75.85246  1.00006  0.00146  0.00234  
1360     N/A    0.001492  -75.91654  -75.91971  0.03358  -75.95012  -75.88296  0.99996  0.00105  0.00193  
1380     N/A    0.002000  -75.87790  -75.88662  0.03356  -75.91147  -75.84434  0.99989  0.00156  0.00244  
1400     N/A    0.001619  -75.90687  -75.91779  0.03353  -75.94040  -75.87334  0.99986  0.00118  0.00206  
1420     N/A    0.001625  -75.90646  -75.91016  0.03306  -75.93952  -75.87340  0.99995  0.00119  0.00206  
1440     N/A    0.001738  -75.89787  -75.89081  0.03270  -75.93057  -75.86517  1.00009  0.00131  0.00217  
1460     N/A    0.001255  -75.93460  -75.93836  0.03252  -75.96712  -75.90209  0.99995  0.00083  0.00168  
1480     N/A    0.001472  -75.91805  -75.91587  0.03241  -75.95047  -75.88564  1.00003  0.00105  0.00190  
