nh: 33
samples1: 100000
samples2: 5000
burn_in: 500
steps: 100
Exact H:-76.03
   Fidelity  ROE       Mean      Median    CI Width LL on CI  UL on CI  mmRatio  Min Err  Max Err
20     N/A    0.039660  -73.01467  -73.11893  0.14597  -73.16064  -72.86871  0.99857  0.03774  0.04158  
40     N/A    0.024501  -74.16722  -74.32331  0.12111  -74.28833  -74.04611  0.99790  0.02291  0.02609  
60     N/A    0.017801  -74.67660  -74.81321  0.10364  -74.78024  -74.57296  0.99817  0.01644  0.01916  
80     N/A    0.012915  -75.04806  -75.20195  0.09215  -75.14021  -74.95591  0.99795  0.01170  0.01413  
100     N/A    0.010115  -75.26093  -75.32703  0.08453  -75.34546  -75.17640  0.99912  0.00900  0.01123  
120     N/A    0.008963  -75.34855  -75.46438  0.07526  -75.42381  -75.27329  0.99847  0.00797  0.00995  
140     N/A    0.007067  -75.49270  -75.61168  0.06755  -75.56025  -75.42515  0.99843  0.00618  0.00796  
160     N/A    0.005882  -75.58280  -75.61834  0.06380  -75.64661  -75.51900  0.99953  0.00504  0.00672  
180     N/A    0.004665  -75.67535  -75.71460  0.05793  -75.73328  -75.61742  0.99948  0.00390  0.00543  
200     N/A    0.004150  -75.71445  -75.78828  0.05510  -75.76955  -75.65936  0.99903  0.00343  0.00487  
220     N/A    0.004066  -75.72087  -75.76856  0.05305  -75.77392  -75.66783  0.99937  0.00337  0.00476  
240     N/A    0.003445  -75.76811  -75.79765  0.04851  -75.81662  -75.71961  0.99961  0.00281  0.00408  
260     N/A    0.003058  -75.79753  -75.82513  0.04655  -75.84407  -75.75098  0.99964  0.00245  0.00367  
280     N/A    0.003231  -75.78433  -75.81401  0.04537  -75.82970  -75.73896  0.99961  0.00263  0.00383  
300     N/A    0.002996  -75.80220  -75.80270  0.04179  -75.84399  -75.76041  0.99999  0.00245  0.00355  
320     N/A    0.002386  -75.84857  -75.86961  0.04211  -75.89068  -75.80645  0.99972  0.00183  0.00294  
340     N/A    0.002019  -75.87653  -75.89601  0.03986  -75.91639  -75.83667  0.99974  0.00149  0.00254  
360     N/A    0.002380  -75.84905  -75.86805  0.03909  -75.88815  -75.80996  0.99975  0.00187  0.00289  
380     N/A    0.001799  -75.89322  -75.90155  0.03745  -75.93068  -75.85577  0.99989  0.00131  0.00229  
400     N/A    0.001446  -75.92004  -75.93192  0.03706  -75.95710  -75.88297  0.99984  0.00096  0.00193  
420     N/A    0.001733  -75.89821  -75.90371  0.03584  -75.93405  -75.86237  0.99993  0.00126  0.00220  
440     N/A    0.001701  -75.90064  -75.91009  0.03503  -75.93567  -75.86561  0.99988  0.00124  0.00216  
460     N/A    0.001953  -75.88150  -75.90972  0.03447  -75.91596  -75.84703  0.99963  0.00150  0.00241  
480     N/A    0.001622  -75.90668  -75.92115  0.03301  -75.93970  -75.87367  0.99981  0.00119  0.00206  
500     N/A    0.001440  -75.92053  -75.92113  0.03175  -75.95228  -75.88878  0.99999  0.00102  0.00186  
520     N/A    0.001616  -75.90714  -75.91833  0.03141  -75.93855  -75.87573  0.99985  0.00120  0.00203  
540     N/A    0.001306  -75.93072  -75.93884  0.03062  -75.96135  -75.90010  0.99989  0.00090  0.00171  
