nh: 33
samples1: 42500
samples2: 5000
burn_in: 500
steps: 100
Exact H:-76.03
   Fidelity  ROE       Mean      Median    CI Width LL on CI  UL on CI  mmRatio  Min Err  Max Err
50     N/A    0.037768  -73.15849  -73.29227  0.14439  -73.30289  -73.01410  0.99817  0.03587  0.03967  
100     N/A    0.022078  -74.35139  -74.48091  0.11648  -74.46787  -74.23491  0.99826  0.02055  0.02361  
150     N/A    0.015798  -74.82890  -74.92885  0.10287  -74.93177  -74.72603  0.99867  0.01444  0.01715  
200     N/A    0.012440  -75.08419  -75.15350  0.08936  -75.17354  -74.99483  0.99908  0.01126  0.01362  
250     N/A    0.009676  -75.29436  -75.39362  0.07923  -75.37358  -75.21513  0.99868  0.00863  0.01072  
300     N/A    0.007527  -75.45774  -75.52783  0.07378  -75.53153  -75.38396  0.99907  0.00656  0.00850  
350     N/A    0.006293  -75.55152  -75.58353  0.06839  -75.61991  -75.48313  0.99958  0.00539  0.00719  
400     N/A    0.006085  -75.56734  -75.60366  0.06369  -75.63103  -75.50365  0.99952  0.00525  0.00692  
450     N/A    0.005813  -75.58805  -75.63423  0.06176  -75.64981  -75.52628  0.99939  0.00500  0.00663  
500     N/A    0.004757  -75.66832  -75.72999  0.05540  -75.72372  -75.61292  0.99919  0.00403  0.00549  
550     N/A    0.004647  -75.67665  -75.71794  0.05503  -75.73168  -75.62162  0.99945  0.00392  0.00537  
600     N/A    0.004248  -75.70706  -75.75460  0.05294  -75.75999  -75.65412  0.99937  0.00355  0.00494  
650     N/A    0.003224  -75.78484  -75.81001  0.05184  -75.83669  -75.73300  0.99967  0.00254  0.00391  
700     N/A    0.003302  -75.77896  -75.81232  0.04921  -75.82818  -75.72975  0.99956  0.00265  0.00395  
750     N/A    0.003187  -75.78769  -75.82595  0.04911  -75.83680  -75.73858  0.99950  0.00254  0.00383  
800     N/A    0.002743  -75.82146  -75.83574  0.04386  -75.86531  -75.77760  0.99981  0.00217  0.00332  
850     N/A    0.002531  -75.83759  -75.85211  0.04194  -75.87952  -75.79565  0.99981  0.00198  0.00308  
900     N/A    0.002481  -75.84138  -75.87626  0.04059  -75.88198  -75.80079  0.99954  0.00195  0.00301  
950     N/A    0.002330  -75.85283  -75.87574  0.03825  -75.89108  -75.81458  0.99970  0.00183  0.00283  
1000     N/A    0.002147  -75.86676  -75.88704  0.03738  -75.90414  -75.82937  0.99973  0.00166  0.00264  
1050     N/A    0.002056  -75.87365  -75.85762  0.03541  -75.90907  -75.83824  1.00021  0.00159  0.00252  
1100     N/A    0.001878  -75.88725  -75.87297  0.03496  -75.92220  -75.85229  1.00019  0.00142  0.00234  
1150     N/A    0.001611  -75.90753  -75.92291  0.03389  -75.94143  -75.87364  0.99980  0.00116  0.00206  
1200     N/A    0.001719  -75.89927  -75.91806  0.03379  -75.93306  -75.86549  0.99975  0.00128  0.00216  
1250     N/A    0.001521  -75.91437  -75.92029  0.03288  -75.94725  -75.88149  0.99992  0.00109  0.00195  
1300     N/A    0.001794  -75.89357  -75.89506  0.03265  -75.92621  -75.86092  0.99998  0.00137  0.00222  
1350     N/A    0.001636  -75.90562  -75.89985  0.03292  -75.93854  -75.87270  1.00008  0.00120  0.00207  
1400     N/A    0.001691  -75.90142  -75.90038  0.03227  -75.93368  -75.86915  1.00001  0.00127  0.00212  
1450     N/A    0.001758  -75.89632  -75.88380  0.03202  -75.92834  -75.86430  1.00016  0.00134  0.00218  
1500     N/A    0.002024  -75.87613  -75.87272  0.03162  -75.90775  -75.84451  1.00005  0.00161  0.00244  
1550     N/A    0.001727  -75.89873  -75.90350  0.03114  -75.92987  -75.86759  0.99994  0.00132  0.00214  
1600     N/A    0.001732  -75.89832  -75.90480  0.03086  -75.92918  -75.86745  0.99991  0.00133  0.00214  
1650     N/A    0.001645  -75.90495  -75.91859  0.03101  -75.93597  -75.87394  0.99982  0.00124  0.00205  
1700     N/A    0.001431  -75.92119  -75.91179  0.03119  -75.95238  -75.89000  1.00012  0.00102  0.00184  
1750     N/A    0.001664  -75.90351  -75.88660  0.03138  -75.93488  -75.87213  1.00022  0.00125  0.00208  
1800     N/A    0.001501  -75.91585  -75.91348  0.03124  -75.94709  -75.88461  1.00003  0.00109  0.00191  
1850     N/A    0.001507  -75.91542  -75.92928  0.03097  -75.94640  -75.88445  0.99982  0.00110  0.00191  
1900     N/A    0.001680  -75.90226  -75.89620  0.03088  -75.93314  -75.87138  1.00008  0.00127  0.00209  
1950     N/A    0.001628  -75.90619  -75.88934  0.03047  -75.93666  -75.87572  1.00022  0.00123  0.00203  
2000     N/A    0.001544  -75.91258  -75.90979  0.03058  -75.94316  -75.88199  1.00004  0.00114  0.00195  
2050     N/A    0.001833  -75.89067  -75.86662  0.03011  -75.92078  -75.86056  1.00032  0.00144  0.00223  
2100     N/A    0.001805  -75.89273  -75.89754  0.03070  -75.92343  -75.86203  0.99994  0.00140  0.00221  
2150     N/A    0.001335  -75.92850  -75.90825  0.03104  -75.95954  -75.89745  1.00027  0.00093  0.00174  
2200     N/A    0.001608  -75.90775  -75.89616  0.03010  -75.93785  -75.87766  1.00015  0.00121  0.00200  
2250     N/A    0.001572  -75.91052  -75.90962  0.03031  -75.94083  -75.88020  1.00001  0.00117  0.00197  
2300     N/A    0.001560  -75.91137  -75.92053  0.03073  -75.94210  -75.88064  0.99988  0.00116  0.00196  
2350     N/A    0.001756  -75.89646  -75.91291  0.03010  -75.92657  -75.86636  0.99978  0.00136  0.00215  
2400     N/A    0.001595  -75.90876  -75.92345  0.03071  -75.93947  -75.87804  0.99981  0.00119  0.00200  
2450     N/A    0.001762  -75.89607  -75.89705  0.03021  -75.92628  -75.86586  0.99999  0.00136  0.00216  
2500     N/A    0.001357  -75.92686  -75.92406  0.02994  -75.95680  -75.89692  1.00004  0.00096  0.00175  
2550     N/A    0.001695  -75.90109  -75.91295  0.03024  -75.93134  -75.87085  0.99984  0.00130  0.00209  
2600     N/A    0.001444  -75.92022  -75.91626  0.03033  -75.95055  -75.88989  1.00005  0.00104  0.00184  
2650     N/A    0.001413  -75.92258  -75.92196  0.03074  -75.95332  -75.89185  1.00001  0.00101  0.00182  
2700     N/A    0.001447  -75.91995  -75.93287  0.03048  -75.95043  -75.88947  0.99983  0.00105  0.00185  
2750     N/A    0.001482  -75.91733  -75.91889  0.03002  -75.94735  -75.88730  0.99998  0.00109  0.00188  
2800     N/A    0.001565  -75.91099  -75.90454  0.02969  -75.94068  -75.88130  1.00008  0.00117  0.00196  
2850     N/A    0.001224  -75.93698  -75.93700  0.03012  -75.96710  -75.90685  1.00000  0.00083  0.00162  
2900     N/A    0.001239  -75.93577  -75.92088  0.03014  -75.96591  -75.90563  1.00020  0.00084  0.00164  
2950     N/A    0.001800  -75.89311  -75.88170  0.03004  -75.92315  -75.86307  1.00015  0.00141  0.00220  
3000     N/A    0.001291  -75.93186  -75.94584  0.03053  -75.96238  -75.90133  0.99982  0.00089  0.00169  
3050     N/A    0.001398  -75.92371  -75.90651  0.02983  -75.95353  -75.89388  1.00023  0.00101  0.00179  
3100     N/A    0.001655  -75.90415  -75.90413  0.03027  -75.93442  -75.87388  1.00000  0.00126  0.00205  
3150     N/A    0.001434  -75.92097  -75.91685  0.03015  -75.95112  -75.89082  1.00005  0.00104  0.00183  
3200     N/A    0.001285  -75.93234  -75.95708  0.03043  -75.96277  -75.90191  0.99967  0.00088  0.00168  
3250     N/A    0.001550  -75.91219  -75.90716  0.03048  -75.94267  -75.88171  1.00007  0.00115  0.00195  
3300     N/A    0.001457  -75.91919  -75.91564  0.03001  -75.94919  -75.88918  1.00005  0.00106  0.00185  
3350     N/A    0.001436  -75.92080  -75.91233  0.03127  -75.95207  -75.88953  1.00011  0.00102  0.00185  
3400     N/A    0.001294  -75.93160  -75.91215  0.03044  -75.96205  -75.90116  1.00026  0.00089  0.00169  
3450     N/A    0.001778  -75.89483  -75.89560  0.03037  -75.92520  -75.86447  0.99999  0.00138  0.00218  
3500     N/A    0.001784  -75.89433  -75.90715  0.03049  -75.92482  -75.86384  0.99983  0.00138  0.00219  
3550     N/A    0.001469  -75.91835  -75.90317  0.03088  -75.94923  -75.88747  1.00020  0.00106  0.00187  
3600     N/A    0.001680  -75.90229  -75.90826  0.03052  -75.93280  -75.87177  0.99992  0.00128  0.00208  
3650     N/A    0.001405  -75.92319  -75.92123  0.03050  -75.95369  -75.89269  1.00003  0.00100  0.00181  
3700     N/A    0.001425  -75.92168  -75.92352  0.03026  -75.95194  -75.89142  0.99998  0.00103  0.00182  
3750     N/A    0.001387  -75.92455  -75.91415  0.02962  -75.95417  -75.89493  1.00014  0.00100  0.00178  
3800     N/A    0.001743  -75.89747  -75.91026  0.03030  -75.92777  -75.86717  0.99983  0.00134  0.00214  
3850     N/A    0.001357  -75.92679  -75.93606  0.03050  -75.95729  -75.89629  0.99988  0.00096  0.00176  
3900     N/A    0.001560  -75.91141  -75.89744  0.02987  -75.94128  -75.88154  1.00018  0.00117  0.00195  
3950     N/A    0.001499  -75.91603  -75.91714  0.03080  -75.94683  -75.88523  0.99999  0.00109  0.00190  
4000     N/A    0.001247  -75.93518  -75.93106  0.03002  -75.96520  -75.90515  1.00005  0.00085  0.00164  
4050     N/A    0.001532  -75.91355  -75.92586  0.03037  -75.94392  -75.88318  0.99984  0.00113  0.00193  
4100     N/A    0.001581  -75.90980  -75.91208  0.03027  -75.94007  -75.87953  0.99997  0.00118  0.00198  
4150     N/A    0.001623  -75.90661  -75.90830  0.03016  -75.93676  -75.87645  0.99998  0.00123  0.00202  
4200     N/A    0.001417  -75.92223  -75.91899  0.03063  -75.95286  -75.89160  1.00004  0.00101  0.00182  
4250     N/A    0.001529  -75.91372  -75.91322  0.03046  -75.94418  -75.88326  1.00001  0.00113  0.00193  
4300     N/A    0.001575  -75.91027  -75.91442  0.03016  -75.94043  -75.88010  0.99995  0.00118  0.00197  
4350     N/A    0.001348  -75.92749  -75.92452  0.03006  -75.95755  -75.89743  1.00004  0.00095  0.00174  
4400     N/A    0.001428  -75.92140  -75.93015  0.03040  -75.95180  -75.89100  0.99988  0.00103  0.00183  
4450     N/A    0.001314  -75.93006  -75.92192  0.03107  -75.96114  -75.89899  1.00011  0.00091  0.00172  
4500     N/A    0.001418  -75.92220  -75.92317  0.03022  -75.95241  -75.89198  0.99999  0.00102  0.00182  
4550     N/A    0.001421  -75.92198  -75.92435  0.03003  -75.95201  -75.89195  0.99997  0.00103  0.00182  
4600     N/A    0.001482  -75.91732  -75.91696  0.02982  -75.94714  -75.88750  1.00000  0.00109  0.00187  
4650     N/A    0.001300  -75.93115  -75.92941  0.03068  -75.96183  -75.90047  1.00002  0.00090  0.00170  
4700     N/A    0.001701  -75.90069  -75.90290  0.03013  -75.93081  -75.87056  0.99997  0.00130  0.00210  
4750     N/A    0.001376  -75.92542  -75.93315  0.03039  -75.95581  -75.89502  0.99990  0.00098  0.00178  
4800     N/A    0.001424  -75.92170  -75.92160  0.03010  -75.95180  -75.89160  1.00000  0.00103  0.00182  
4850     N/A    0.001468  -75.91835  -75.94711  0.03061  -75.94896  -75.88774  0.99962  0.00107  0.00187  
4900     N/A    0.001657  -75.90400  -75.90917  0.03070  -75.93471  -75.87330  0.99993  0.00125  0.00206  
4950     N/A    0.001373  -75.92560  -75.92449  0.03021  -75.95581  -75.89539  1.00001  0.00098  0.00177  
5000     N/A    0.001550  -75.91215  -75.92046  0.02992  -75.94207  -75.88222  0.99989  0.00116  0.00194  
5050     N/A    0.001308  -75.93055  -75.91982  0.02999  -75.96054  -75.90057  1.00014  0.00091  0.00170  
5100     N/A    0.001789  -75.89397  -75.88824  0.03013  -75.92409  -75.86384  1.00008  0.00139  0.00219  
5150     N/A    0.001469  -75.91832  -75.89572  0.03044  -75.94876  -75.88787  1.00030  0.00107  0.00187  
5200     N/A    0.001660  -75.90380  -75.90287  0.02983  -75.93362  -75.87397  1.00001  0.00127  0.00205  
5250     N/A    0.001542  -75.91273  -75.90014  0.03049  -75.94322  -75.88224  1.00017  0.00114  0.00194  
5300     N/A    0.001576  -75.91015  -75.91223  0.03042  -75.94057  -75.87973  0.99997  0.00118  0.00198  
5350     N/A    0.001413  -75.92259  -75.93720  0.03050  -75.95309  -75.89209  0.99981  0.00101  0.00181  
5400     N/A    0.001548  -75.91234  -75.90717  0.03071  -75.94305  -75.88163  1.00007  0.00114  0.00195  
5450     N/A    0.001474  -75.91791  -75.91311  0.03025  -75.94816  -75.88766  1.00006  0.00108  0.00187  
5500     N/A    0.001534  -75.91337  -75.89466  0.02974  -75.94310  -75.88363  1.00025  0.00114  0.00193  
5550     N/A    0.001505  -75.91557  -75.92046  0.02979  -75.94535  -75.88578  0.99994  0.00111  0.00190  
5600     N/A    0.001470  -75.91821  -75.91304  0.03008  -75.94829  -75.88813  1.00007  0.00107  0.00187  
5650     N/A    0.001718  -75.89937  -75.89457  0.03045  -75.92982  -75.86891  1.00006  0.00132  0.00212  
5700     N/A    0.001630  -75.90608  -75.89543  0.03052  -75.93659  -75.87556  1.00014  0.00123  0.00203  
5750     N/A    0.001621  -75.90675  -75.90913  0.03049  -75.93724  -75.87626  0.99997  0.00122  0.00202  
5800     N/A    0.001316  -75.92991  -75.93512  0.02970  -75.95961  -75.90021  0.99993  0.00093  0.00171  
5850     N/A    0.001532  -75.91355  -75.91537  0.03052  -75.94407  -75.88303  0.99998  0.00113  0.00193  
5900     N/A    0.001540  -75.91295  -75.92367  0.03037  -75.94332  -75.88258  0.99986  0.00114  0.00194  
5950     N/A    0.001484  -75.91719  -75.91636  0.03023  -75.94742  -75.88696  1.00001  0.00109  0.00188  
6000     N/A    0.001254  -75.93466  -75.93465  0.02999  -75.96465  -75.90467  1.00000  0.00086  0.00165  
6050     N/A    0.001466  -75.91855  -75.90911  0.03052  -75.94908  -75.88803  1.00012  0.00106  0.00187  
