nh: 33
samples1: 55000
samples2: 5000
burn_in: 500
steps: 100
Exact H:-76.03
   Fidelity  ROE       Mean      Median    CI Width LL on CI  UL on CI  mmRatio  Min Err  Max Err
20     N/A    0.060930  -71.39746  -71.54787  0.17700  -71.57445  -71.22046  0.99790  0.05860  0.06326  
40     N/A    0.037333  -73.19155  -73.35662  0.13986  -73.33141  -73.05169  0.99775  0.03549  0.03917  
60     N/A    0.028787  -73.84136  -73.99485  0.13003  -73.97138  -73.71133  0.99793  0.02708  0.03050  
80     N/A    0.023047  -74.27776  -74.45636  0.11726  -74.39502  -74.16049  0.99760  0.02150  0.02459  
100     N/A    0.019355  -74.55847  -74.64572  0.10935  -74.66782  -74.44912  0.99883  0.01792  0.02079  
120     N/A    0.017437  -74.70428  -74.86300  0.10541  -74.80969  -74.59886  0.99788  0.01605  0.01882  
140     N/A    0.015003  -74.88931  -74.99172  0.09786  -74.98717  -74.79145  0.99863  0.01372  0.01629  
160     N/A    0.013989  -74.96645  -75.11659  0.09479  -75.06124  -74.87165  0.99800  0.01274  0.01524  
180     N/A    0.011547  -75.15208  -75.24362  0.08909  -75.24117  -75.06299  0.99878  0.01038  0.01272  
200     N/A    0.010803  -75.20868  -75.34464  0.08724  -75.29593  -75.12144  0.99820  0.00966  0.01195  
220     N/A    0.010302  -75.24676  -75.34863  0.08217  -75.32893  -75.16458  0.99865  0.00922  0.01138  
240     N/A    0.009624  -75.29829  -75.40468  0.07908  -75.37737  -75.21920  0.99859  0.00858  0.01066  
260     N/A    0.008768  -75.36338  -75.42150  0.07846  -75.44184  -75.28491  0.99923  0.00774  0.00980  
280     N/A    0.008546  -75.38025  -75.46151  0.07650  -75.45675  -75.30375  0.99892  0.00754  0.00955  
300     N/A    0.008163  -75.40934  -75.50143  0.07377  -75.48310  -75.33557  0.99878  0.00719  0.00913  
320     N/A    0.007822  -75.43526  -75.51521  0.07137  -75.50663  -75.36390  0.99894  0.00688  0.00876  
340     N/A    0.006832  -75.51053  -75.56292  0.06703  -75.57756  -75.44350  0.99931  0.00595  0.00771  
360     N/A    0.006714  -75.51953  -75.59992  0.06787  -75.58740  -75.45166  0.99894  0.00582  0.00761  
380     N/A    0.005916  -75.58019  -75.63161  0.06547  -75.64566  -75.51472  0.99932  0.00506  0.00678  
400     N/A    0.005856  -75.58475  -75.58308  0.06248  -75.64723  -75.52227  1.00002  0.00503  0.00668  
420     N/A    0.005576  -75.60602  -75.66379  0.06092  -75.66694  -75.54510  0.99924  0.00478  0.00638  
440     N/A    0.005476  -75.61367  -75.66364  0.06172  -75.67539  -75.55195  0.99934  0.00466  0.00629  
460     N/A    0.004707  -75.67210  -75.70948  0.06020  -75.73231  -75.61190  0.99951  0.00392  0.00550  
480     N/A    0.004870  -75.65973  -75.71488  0.05837  -75.71810  -75.60136  0.99927  0.00410  0.00564  
500     N/A    0.004663  -75.67548  -75.72864  0.05698  -75.73246  -75.61850  0.99930  0.00391  0.00541  
520     N/A    0.004686  -75.67371  -75.71946  0.05627  -75.72997  -75.61744  0.99940  0.00395  0.00543  
540     N/A    0.003830  -75.73881  -75.78151  0.05517  -75.79398  -75.68364  0.99944  0.00310  0.00456  
560     N/A    0.004263  -75.70588  -75.73370  0.05410  -75.75998  -75.65179  0.99963  0.00355  0.00497  
580     N/A    0.004473  -75.68990  -75.73155  0.05310  -75.74299  -75.63680  0.99945  0.00377  0.00517  
600     N/A    0.003883  -75.73474  -75.77530  0.05123  -75.78597  -75.68351  0.99946  0.00321  0.00456  
620     N/A    0.003699  -75.74876  -75.79767  0.05003  -75.79879  -75.69873  0.99935  0.00304  0.00436  
640     N/A    0.003130  -75.79199  -75.81116  0.05020  -75.84219  -75.74180  0.99975  0.00247  0.00379  
660     N/A    0.003247  -75.78314  -75.83059  0.04789  -75.83103  -75.73526  0.99937  0.00262  0.00388  
680     N/A    0.002772  -75.81923  -75.85057  0.04588  -75.86511  -75.77336  0.99959  0.00217  0.00338  
700     N/A    0.003059  -75.79743  -75.81731  0.04394  -75.84136  -75.75349  0.99974  0.00248  0.00364  
720     N/A    0.002728  -75.82260  -75.86394  0.04323  -75.86583  -75.77936  0.99945  0.00216  0.00330  
740     N/A    0.002421  -75.84595  -75.89446  0.04091  -75.88686  -75.80504  0.99936  0.00188  0.00296  
760     N/A    0.002536  -75.83722  -75.85302  0.04071  -75.87793  -75.79651  0.99979  0.00200  0.00307  
780     N/A    0.002315  -75.85401  -75.85731  0.03801  -75.89202  -75.81600  0.99996  0.00181  0.00281  
800     N/A    0.002022  -75.87628  -75.87926  0.03758  -75.91386  -75.83870  0.99996  0.00153  0.00252  
820     N/A    0.002066  -75.87290  -75.89150  0.03625  -75.90915  -75.83665  0.99975  0.00159  0.00254  
840     N/A    0.002000  -75.87797  -75.90863  0.03508  -75.91305  -75.84289  0.99960  0.00154  0.00246  
860     N/A    0.001708  -75.90015  -75.91762  0.03524  -75.93539  -75.86491  0.99977  0.00124  0.00217  
880     N/A    0.002112  -75.86942  -75.88456  0.03396  -75.90338  -75.83547  0.99980  0.00167  0.00256  
900     N/A    0.001783  -75.89444  -75.90227  0.03253  -75.92697  -75.86192  0.99990  0.00136  0.00221  
920     N/A    0.001733  -75.89820  -75.89673  0.03205  -75.93025  -75.86616  1.00002  0.00131  0.00215  
940     N/A    0.001600  -75.90838  -75.92259  0.03250  -75.94088  -75.87588  0.99981  0.00117  0.00203  
960     N/A    0.001730  -75.89850  -75.90056  0.03177  -75.93027  -75.86674  0.99997  0.00131  0.00215  
980     N/A    0.001471  -75.91819  -75.92768  0.03069  -75.94887  -75.88750  0.99988  0.00107  0.00187  
1000     N/A    0.001263  -75.93401  -75.93172  0.03078  -75.96480  -75.90323  1.00003  0.00086  0.00167  
1020     N/A    0.001521  -75.91438  -75.93564  0.03031  -75.94468  -75.88407  0.99972  0.00112  0.00192  
1040     N/A    0.001353  -75.92711  -75.93764  0.03025  -75.95736  -75.89686  0.99986  0.00096  0.00175  
1060     N/A    0.001294  -75.93164  -75.94158  0.02951  -75.96116  -75.90213  0.99987  0.00091  0.00168  
1080     N/A    0.001508  -75.91534  -75.91691  0.02977  -75.94510  -75.88557  0.99998  0.00112  0.00190  
1100     N/A    0.001517  -75.91468  -75.92000  0.02957  -75.94425  -75.88511  0.99993  0.00113  0.00191  
1120     N/A    0.001409  -75.92289  -75.93765  0.02849  -75.95139  -75.89440  0.99981  0.00103  0.00178  
1140     N/A    0.001531  -75.91358  -75.92517  0.02845  -75.94203  -75.88514  0.99985  0.00116  0.00191  
1160     N/A    0.001532  -75.91352  -75.90854  0.02883  -75.94235  -75.88469  1.00007  0.00115  0.00191  
1180     N/A    0.001531  -75.91359  -75.92921  0.02854  -75.94214  -75.88505  0.99979  0.00116  0.00191  
1200     N/A    0.001326  -75.92918  -75.91888  0.02770  -75.95688  -75.90148  1.00014  0.00096  0.00169  
1220     N/A    0.001421  -75.92193  -75.91725  0.02841  -75.95034  -75.89351  1.00006  0.00105  0.00180  
1240     N/A    0.001390  -75.92431  -75.93135  0.02800  -75.95230  -75.89631  0.99991  0.00102  0.00176  
1260     N/A    0.001436  -75.92084  -75.92794  0.02749  -75.94834  -75.89335  0.99991  0.00107  0.00180  
1280     N/A    0.001324  -75.92934  -75.93207  0.02775  -75.95709  -75.90160  0.99996  0.00096  0.00169  
1300     N/A    0.001016  -75.95272  -75.94268  0.02799  -75.98071  -75.92472  1.00013  0.00065  0.00138  
1320     N/A    0.001190  -75.93952  -75.92150  0.02741  -75.96693  -75.91211  1.00024  0.00083  0.00155  
1340     N/A    0.001367  -75.92603  -75.93383  0.02734  -75.95337  -75.89870  0.99990  0.00101  0.00173  
1360     N/A    0.001386  -75.92464  -75.93298  0.02762  -75.95226  -75.89702  0.99989  0.00102  0.00175  
1380     N/A    0.001327  -75.92909  -75.92834  0.02706  -75.95616  -75.90203  1.00001  0.00097  0.00168  
1400     N/A    0.001338  -75.92826  -75.93857  0.02702  -75.95528  -75.90125  0.99986  0.00098  0.00169  
