nh: 32
samples1: 100000
samples2: 5000
burn_in: 500
steps: 100
Exact H:-76.03
   Fidelity  ROE       Mean      Median    CI Width LL on CI  UL on CI  mmRatio  Min Err  Max Err
20     N/A    0.042755  -72.77931  -72.94773  0.14932  -72.92863  -72.62999  0.99769  0.04079  0.04472  
40     N/A    0.025782  -74.06977  -74.22221  0.12107  -74.19084  -73.94870  0.99795  0.02419  0.02737  
60     N/A    0.018386  -74.63214  -74.76785  0.10757  -74.73971  -74.52457  0.99818  0.01697  0.01980  
80     N/A    0.015340  -74.86370  -75.01294  0.09786  -74.96156  -74.76583  0.99801  0.01405  0.01663  
100     N/A    0.013148  -75.03038  -75.15503  0.08852  -75.11890  -74.94187  0.99834  0.01198  0.01431  
120     N/A    0.010271  -75.24908  -75.33931  0.08388  -75.33295  -75.16520  0.99880  0.00917  0.01137  
140     N/A    0.008572  -75.37828  -75.50191  0.07636  -75.45464  -75.30193  0.99836  0.00757  0.00958  
160     N/A    0.008332  -75.39651  -75.51696  0.07417  -75.47068  -75.32234  0.99840  0.00736  0.00931  
180     N/A    0.006939  -75.50245  -75.59865  0.07109  -75.57354  -75.43136  0.99873  0.00600  0.00787  
200     N/A    0.006334  -75.54840  -75.59926  0.06601  -75.61441  -75.48239  0.99933  0.00547  0.00720  
220     N/A    0.006366  -75.54601  -75.60192  0.06276  -75.60878  -75.48325  0.99926  0.00554  0.00719  
240     N/A    0.005573  -75.60631  -75.68022  0.06097  -75.66728  -75.54534  0.99902  0.00477  0.00637  
260     N/A    0.005117  -75.64094  -75.69287  0.05849  -75.69943  -75.58245  0.99931  0.00435  0.00589  
280     N/A    0.004732  -75.67020  -75.73320  0.05647  -75.72668  -75.61373  0.99917  0.00399  0.00548  
300     N/A    0.004056  -75.72161  -75.77478  0.05652  -75.77812  -75.66509  0.99930  0.00331  0.00480  
320     N/A    0.004344  -75.69971  -75.74141  0.05421  -75.75391  -75.64550  0.99945  0.00363  0.00506  
340     N/A    0.004265  -75.70571  -75.77489  0.05292  -75.75863  -75.65280  0.99909  0.00357  0.00496  
360     N/A    0.003731  -75.74633  -75.78970  0.05168  -75.79801  -75.69465  0.99943  0.00305  0.00441  
380     N/A    0.003865  -75.73617  -75.80030  0.05108  -75.78725  -75.68509  0.99915  0.00319  0.00454  
400     N/A    0.003378  -75.77315  -75.79439  0.05101  -75.82416  -75.72214  0.99972  0.00271  0.00405  
420     N/A    0.003449  -75.76779  -75.82790  0.04906  -75.81685  -75.71873  0.99921  0.00280  0.00409  
440     N/A    0.003308  -75.77848  -75.82130  0.04667  -75.82515  -75.73181  0.99944  0.00269  0.00392  
460     N/A    0.003142  -75.79115  -75.82804  0.04542  -75.83656  -75.74573  0.99951  0.00254  0.00374  
480     N/A    0.002266  -75.85772  -75.88223  0.04516  -75.90288  -75.81257  0.99968  0.00167  0.00286  
500     N/A    0.002674  -75.82670  -75.85043  0.04368  -75.87038  -75.78302  0.99969  0.00210  0.00325  
520     N/A    0.002966  -75.80447  -75.84092  0.04299  -75.84746  -75.76148  0.99952  0.00240  0.00353  
540     N/A    0.002694  -75.82515  -75.85364  0.04210  -75.86725  -75.78305  0.99962  0.00214  0.00325  
560     N/A    0.002678  -75.82638  -75.86993  0.04314  -75.86952  -75.78323  0.99943  0.00211  0.00325  
580     N/A    0.002510  -75.83919  -75.87466  0.04313  -75.88232  -75.79606  0.99953  0.00194  0.00308  
