nh: 33
samples1: 40000
samples2: 5000
burn_in: 500
steps: 100
Exact H:-76.03
   Fidelity  ROE       Mean      Median    CI Width LL on CI  UL on CI  mmRatio  Min Err  Max Err
50     N/A    0.039649  -73.01546  -73.18975  0.14730  -73.16276  -72.86816  0.99762  0.03771  0.04159  
100     N/A    0.022830  -74.29427  -74.44471  0.11619  -74.41046  -74.17808  0.99798  0.02130  0.02436  
150     N/A    0.016048  -74.80986  -74.93626  0.10207  -74.91194  -74.70779  0.99831  0.01471  0.01739  
200     N/A    0.013121  -75.03243  -75.13362  0.08962  -75.12205  -74.94282  0.99865  0.01194  0.01430  
250     N/A    0.011430  -75.16100  -75.25410  0.08233  -75.24332  -75.07867  0.99876  0.01035  0.01251  
300     N/A    0.008371  -75.39355  -75.47720  0.07727  -75.47082  -75.31628  0.99889  0.00735  0.00939  
350     N/A    0.008051  -75.41791  -75.47407  0.07286  -75.49077  -75.34504  0.99926  0.00709  0.00901  
400     N/A    0.006909  -75.50474  -75.58165  0.06924  -75.57398  -75.43549  0.99898  0.00600  0.00782  
450     N/A    0.005652  -75.60030  -75.66859  0.06545  -75.66575  -75.53485  0.99910  0.00479  0.00651  
500     N/A    0.005518  -75.61050  -75.68410  0.06165  -75.67215  -75.54884  0.99903  0.00471  0.00633  
550     N/A    0.005537  -75.60899  -75.66472  0.05903  -75.66802  -75.54996  0.99926  0.00476  0.00631  
600     N/A    0.004154  -75.71414  -75.76276  0.05573  -75.76987  -75.65841  0.99936  0.00342  0.00489  
650     N/A    0.004158  -75.71388  -75.76282  0.05234  -75.76622  -75.66154  0.99935  0.00347  0.00485  
700     N/A    0.004120  -75.71675  -75.77205  0.04963  -75.76638  -75.66712  0.99927  0.00347  0.00477  
750     N/A    0.003516  -75.76267  -75.79601  0.04778  -75.81045  -75.71489  0.99956  0.00289  0.00414  
800     N/A    0.002798  -75.81729  -75.83352  0.04421  -75.86150  -75.77308  0.99979  0.00222  0.00338  
850     N/A    0.003208  -75.78608  -75.81631  0.04498  -75.83106  -75.74110  0.99960  0.00262  0.00380  
900     N/A    0.003174  -75.78868  -75.79570  0.04397  -75.83265  -75.74471  0.99991  0.00260  0.00375  
950     N/A    0.002982  -75.80326  -75.82419  0.04422  -75.84748  -75.75904  0.99972  0.00240  0.00356  
1000     N/A    0.002757  -75.82042  -75.83188  0.04308  -75.86350  -75.77734  0.99985  0.00219  0.00332  
1050     N/A    0.002666  -75.82731  -75.82273  0.04217  -75.86948  -75.78514  1.00006  0.00211  0.00322  
1100     N/A    0.002239  -75.85975  -75.86964  0.04239  -75.90214  -75.81736  0.99987  0.00168  0.00280  
1150     N/A    0.002570  -75.83464  -75.88143  0.04273  -75.87737  -75.79191  0.99938  0.00201  0.00313  
1200     N/A    0.003156  -75.79006  -75.82560  0.04200  -75.83206  -75.74805  0.99953  0.00260  0.00371  
1250     N/A    0.002903  -75.80930  -75.84826  0.04114  -75.85044  -75.76816  0.99949  0.00236  0.00344  
1300     N/A    0.002226  -75.86076  -75.85047  0.04083  -75.90158  -75.81993  1.00014  0.00169  0.00276  
1350     N/A    0.002664  -75.82747  -75.84817  0.04030  -75.86777  -75.78717  0.99973  0.00213  0.00319  
1400     N/A    0.002840  -75.81404  -75.82360  0.04116  -75.85520  -75.77288  0.99987  0.00230  0.00338  
1450     N/A    0.002328  -75.85301  -75.85867  0.04085  -75.89386  -75.81216  0.99993  0.00179  0.00287  
1500     N/A    0.002429  -75.84529  -75.87897  0.04156  -75.88685  -75.80373  0.99956  0.00188  0.00298  
1550     N/A    0.002345  -75.85173  -75.86301  0.04010  -75.89183  -75.81163  0.99985  0.00182  0.00287  
1600     N/A    0.002616  -75.83112  -75.87242  0.04041  -75.87153  -75.79071  0.99946  0.00208  0.00315  
1650     N/A    0.002574  -75.83426  -75.84925  0.03942  -75.87368  -75.79485  0.99980  0.00206  0.00309  
1700     N/A    0.002347  -75.85153  -75.87511  0.03986  -75.89139  -75.81166  0.99969  0.00182  0.00287  
1750     N/A    0.002533  -75.83740  -75.84438  0.03996  -75.87736  -75.79744  0.99991  0.00201  0.00306  
1800     N/A    0.002351  -75.85124  -75.86376  0.03890  -75.89015  -75.81234  0.99984  0.00184  0.00286  
1850     N/A    0.002395  -75.84787  -75.86807  0.03902  -75.88690  -75.80885  0.99973  0.00188  0.00291  
1900     N/A    0.002544  -75.83662  -75.87423  0.03896  -75.87558  -75.79766  0.99950  0.00203  0.00306  
1950     N/A    0.002335  -75.85248  -75.88331  0.03862  -75.89110  -75.81386  0.99959  0.00183  0.00284  
2000     N/A    0.002355  -75.85092  -75.86178  0.03691  -75.88784  -75.81401  0.99986  0.00187  0.00284  
2050     N/A    0.002229  -75.86055  -75.89069  0.03732  -75.89787  -75.82324  0.99960  0.00174  0.00272  
2100     N/A    0.002483  -75.84122  -75.85501  0.03715  -75.87837  -75.80408  0.99982  0.00199  0.00297  
2150     N/A    0.002468  -75.84236  -75.85751  0.03605  -75.87841  -75.80630  0.99980  0.00199  0.00294  
2200     N/A    0.002380  -75.84908  -75.86924  0.03625  -75.88533  -75.81283  0.99973  0.00190  0.00286  
2250     N/A    0.001835  -75.89048  -75.91327  0.03678  -75.92726  -75.85370  0.99970  0.00135  0.00232  
2300     N/A    0.002407  -75.84697  -75.87044  0.03633  -75.88330  -75.81064  0.99969  0.00193  0.00289  
2350     N/A    0.001713  -75.89979  -75.90949  0.03524  -75.93503  -75.86455  0.99987  0.00125  0.00218  
2400     N/A    0.002180  -75.86424  -75.88167  0.03543  -75.89967  -75.82881  0.99977  0.00171  0.00265  
2450     N/A    0.002052  -75.87396  -75.88074  0.03601  -75.90996  -75.83795  0.99991  0.00158  0.00253  
2500     N/A    0.001492  -75.91655  -75.93303  0.03503  -75.95158  -75.88152  0.99978  0.00103  0.00195  
2550     N/A    0.001949  -75.88183  -75.90017  0.03458  -75.91641  -75.84726  0.99976  0.00149  0.00240  
2600     N/A    0.001865  -75.88821  -75.89152  0.03431  -75.92252  -75.85390  0.99996  0.00141  0.00232  
2650     N/A    0.001574  -75.91032  -75.91893  0.03332  -75.94364  -75.87699  0.99989  0.00114  0.00201  
2700     N/A    0.001554  -75.91183  -75.93162  0.03271  -75.94454  -75.87912  0.99974  0.00112  0.00198  
2750     N/A    0.001497  -75.91616  -75.91451  0.03285  -75.94901  -75.88330  1.00002  0.00107  0.00193  
2800     N/A    0.001306  -75.93070  -75.93798  0.03188  -75.96258  -75.89882  0.99990  0.00089  0.00173  
2850     N/A    0.001609  -75.90765  -75.91854  0.03142  -75.93907  -75.87624  0.99986  0.00120  0.00202  
2900     N/A    0.001504  -75.91562  -75.92830  0.03149  -75.94711  -75.88412  0.99983  0.00109  0.00192  
2950     N/A    0.001294  -75.93163  -75.92987  0.03126  -75.96289  -75.90037  1.00002  0.00088  0.00170  
3000     N/A    0.001868  -75.88795  -75.88666  0.03034  -75.91829  -75.85761  1.00002  0.00147  0.00227  
3050     N/A    0.001503  -75.91570  -75.91599  0.03086  -75.94656  -75.88483  1.00000  0.00110  0.00191  
3100     N/A    0.001449  -75.91980  -75.91295  0.03076  -75.95056  -75.88905  1.00009  0.00104  0.00185  
3150     N/A    0.001542  -75.91274  -75.92507  0.03064  -75.94338  -75.88209  0.99984  0.00114  0.00195  
3200     N/A    0.001605  -75.90796  -75.91371  0.02935  -75.93731  -75.87860  0.99992  0.00122  0.00199  
3250     N/A    0.001474  -75.91791  -75.91644  0.02986  -75.94777  -75.88806  1.00002  0.00108  0.00187  
3300     N/A    0.001629  -75.90618  -75.91602  0.03003  -75.93621  -75.87615  0.99987  0.00123  0.00202  
3350     N/A    0.001481  -75.91741  -75.91710  0.03015  -75.94756  -75.88726  1.00000  0.00108  0.00188  
3400     N/A    0.001355  -75.92697  -75.92828  0.03036  -75.95733  -75.89660  0.99998  0.00096  0.00175  
3450     N/A    0.001769  -75.89553  -75.90435  0.03070  -75.92623  -75.86484  0.99988  0.00136  0.00217  
3500     N/A    0.001958  -75.88112  -75.90949  0.03047  -75.91159  -75.85065  0.99963  0.00156  0.00236  
3550     N/A    0.001535  -75.91331  -75.91568  0.03050  -75.94381  -75.88281  0.99997  0.00113  0.00194  
3600     N/A    0.001733  -75.89827  -75.89336  0.02969  -75.92795  -75.86858  1.00006  0.00134  0.00212  
3650     N/A    0.001431  -75.92117  -75.91088  0.02948  -75.95065  -75.89168  1.00014  0.00104  0.00182  
3700     N/A    0.001360  -75.92662  -75.92444  0.02973  -75.95635  -75.89689  1.00003  0.00097  0.00175  
3750     N/A    0.001706  -75.90032  -75.90558  0.02914  -75.92945  -75.87118  0.99993  0.00132  0.00209  
3800     N/A    0.001483  -75.91728  -75.90680  0.02931  -75.94658  -75.88797  1.00014  0.00110  0.00187  
3850     N/A    0.001441  -75.92044  -75.91936  0.02957  -75.95001  -75.89088  1.00001  0.00105  0.00183  
3900     N/A    0.001469  -75.91832  -75.89670  0.02963  -75.94794  -75.88869  1.00028  0.00108  0.00186  
3950     N/A    0.001574  -75.91032  -75.91439  0.02948  -75.93980  -75.88084  0.99995  0.00119  0.00196  
4000     N/A    0.001317  -75.92990  -75.93576  0.02987  -75.95977  -75.90004  0.99992  0.00092  0.00171  
4050     N/A    0.001420  -75.92201  -75.90604  0.02969  -75.95170  -75.89231  1.00021  0.00103  0.00181  
4100     N/A    0.001409  -75.92285  -75.92950  0.02965  -75.95250  -75.89319  0.99991  0.00102  0.00180  
4150     N/A    0.001620  -75.90686  -75.91101  0.02993  -75.93678  -75.87693  0.99995  0.00123  0.00201  
4200     N/A    0.001609  -75.90766  -75.91062  0.03007  -75.93773  -75.87758  0.99996  0.00121  0.00200  
4250     N/A    0.001461  -75.91895  -75.92375  0.02962  -75.94857  -75.88932  0.99994  0.00107  0.00185  
4300     N/A    0.001651  -75.90448  -75.90487  0.02978  -75.93426  -75.87470  0.99999  0.00126  0.00204  
4350     N/A    0.001704  -75.90047  -75.92086  0.03028  -75.93076  -75.87019  0.99973  0.00131  0.00210  
4400     N/A    0.001548  -75.91230  -75.91944  0.03007  -75.94237  -75.88224  0.99991  0.00115  0.00194  
4450     N/A    0.001405  -75.92319  -75.91278  0.03003  -75.95322  -75.89317  1.00014  0.00101  0.00180  
4500     N/A    0.001195  -75.93911  -75.94440  0.02975  -75.96886  -75.90936  0.99993  0.00080  0.00159  
4550     N/A    0.001243  -75.93548  -75.93219  0.03000  -75.96548  -75.90547  1.00004  0.00085  0.00164  
4600     N/A    0.001447  -75.91996  -75.91936  0.03008  -75.95004  -75.88987  1.00001  0.00105  0.00184  
4650     N/A    0.001519  -75.91447  -75.91738  0.03038  -75.94485  -75.88409  0.99996  0.00112  0.00192  
4700     N/A    0.001562  -75.91125  -75.89730  0.02956  -75.94081  -75.88168  1.00018  0.00117  0.00195  
4750     N/A    0.001326  -75.92918  -75.93747  0.02981  -75.95899  -75.89937  0.99989  0.00093  0.00172  
4800     N/A    0.001566  -75.91093  -75.90475  0.03030  -75.94123  -75.88063  1.00008  0.00117  0.00196  
4850     N/A    0.001611  -75.90753  -75.91527  0.02961  -75.93715  -75.87792  0.99990  0.00122  0.00200  
4900     N/A    0.001810  -75.89235  -75.88356  0.02969  -75.92204  -75.86267  1.00012  0.00142  0.00220  
4950     N/A    0.001482  -75.91732  -75.92688  0.03039  -75.94770  -75.88693  0.99987  0.00108  0.00188  
5000     N/A    0.001355  -75.92697  -75.92906  0.03011  -75.95708  -75.89686  0.99997  0.00096  0.00175  
5050     N/A    0.001578  -75.91004  -75.90383  0.02991  -75.93994  -75.88013  1.00008  0.00118  0.00197  
5100     N/A    0.001274  -75.93313  -75.93361  0.02970  -75.96283  -75.90343  0.99999  0.00088  0.00166  
5150     N/A    0.001739  -75.89780  -75.89153  0.03089  -75.92869  -75.86691  1.00008  0.00133  0.00215  
5200     N/A    0.001472  -75.91805  -75.91031  0.02938  -75.94743  -75.88867  1.00010  0.00109  0.00186  
5250     N/A    0.001718  -75.89935  -75.90212  0.03061  -75.92996  -75.86874  0.99996  0.00132  0.00212  
5300     N/A    0.001684  -75.90194  -75.90189  0.03059  -75.93253  -75.87135  1.00000  0.00128  0.00209  
5350     N/A    0.001433  -75.92103  -75.91451  0.03036  -75.95139  -75.89067  1.00009  0.00103  0.00183  
5400     N/A    0.001563  -75.91114  -75.89701  0.02903  -75.94017  -75.88212  1.00019  0.00118  0.00195  
5450     N/A    0.001565  -75.91099  -75.91568  0.03032  -75.94131  -75.88067  0.99994  0.00117  0.00196  
5500     N/A    0.001728  -75.89865  -75.90641  0.03051  -75.92916  -75.86814  0.99990  0.00133  0.00213  
5550     N/A    0.001683  -75.90202  -75.88432  0.03018  -75.93220  -75.87184  1.00023  0.00129  0.00208  
5600     N/A    0.001461  -75.91888  -75.92483  0.03006  -75.94894  -75.88883  0.99992  0.00107  0.00186  
5650     N/A    0.001292  -75.93177  -75.92301  0.02989  -75.96166  -75.90188  1.00012  0.00090  0.00169  
5700     N/A    0.001706  -75.90030  -75.90293  0.03152  -75.93182  -75.86877  0.99997  0.00129  0.00212  
5750     N/A    0.001663  -75.90353  -75.89747  0.03061  -75.93415  -75.87292  1.00008  0.00126  0.00207  
5800     N/A    0.001580  -75.90985  -75.89304  0.02983  -75.93968  -75.88002  1.00022  0.00119  0.00197  
5850     N/A    0.001736  -75.89798  -75.90097  0.02978  -75.92777  -75.86820  0.99996  0.00134  0.00213  
5900     N/A    0.001752  -75.89680  -75.88564  0.03028  -75.92708  -75.86652  1.00015  0.00135  0.00215  
5950     N/A    0.001592  -75.90893  -75.91027  0.03002  -75.93894  -75.87891  0.99998  0.00120  0.00199  
6000     N/A    0.001676  -75.90254  -75.89932  0.03005  -75.93259  -75.87249  1.00004  0.00128  0.00207  
6050     N/A    0.001357  -75.92683  -75.93786  0.03054  -75.95736  -75.89629  0.99985  0.00096  0.00176  
6100     N/A    0.001724  -75.89890  -75.90726  0.03069  -75.92959  -75.86821  0.99989  0.00132  0.00213  
6150     N/A    0.001684  -75.90195  -75.89779  0.03026  -75.93221  -75.87168  1.00005  0.00129  0.00208  
6200     N/A    0.001515  -75.91483  -75.92823  0.03031  -75.94514  -75.88452  0.99982  0.00112  0.00191  
6250     N/A    0.001603  -75.90815  -75.92036  0.03041  -75.93856  -75.87775  0.99984  0.00120  0.00200  
6300     N/A    0.001616  -75.90710  -75.91194  0.03016  -75.93726  -75.87694  0.99994  0.00122  0.00201  
6350     N/A    0.001479  -75.91758  -75.92192  0.03097  -75.94854  -75.88661  0.99994  0.00107  0.00189  
