nh: 33
samples1: 57500
samples2: 5000
burn_in: 500
steps: 100
Exact H:-76.03
   Fidelity  ROE       Mean      Median    CI Width LL on CI  UL on CI  mmRatio  Min Err  Max Err
20     N/A    0.058037  -71.61747  -71.79007  0.17204  -71.78952  -71.44543  0.99760  0.05577  0.06030  
40     N/A    0.035406  -73.33805  -73.49249  0.14215  -73.48020  -73.19590  0.99790  0.03354  0.03728  
60     N/A    0.025819  -74.06698  -74.21256  0.12287  -74.18985  -73.94412  0.99804  0.02420  0.02744  
80     N/A    0.022994  -74.28179  -74.37538  0.11391  -74.39570  -74.16788  0.99874  0.02150  0.02449  
100     N/A    0.018348  -74.63497  -74.74966  0.10649  -74.74146  -74.52849  0.99847  0.01695  0.01975  
120     N/A    0.014866  -74.89972  -74.99179  0.09839  -74.99810  -74.80133  0.99877  0.01357  0.01616  
140     N/A    0.014221  -74.94874  -75.03249  0.09109  -75.03983  -74.85765  0.99888  0.01302  0.01542  
160     N/A    0.011068  -75.18853  -75.26819  0.08506  -75.27358  -75.10347  0.99894  0.00995  0.01219  
180     N/A    0.010422  -75.23764  -75.32702  0.08090  -75.31853  -75.15674  0.99881  0.00936  0.01149  
200     N/A    0.008845  -75.35750  -75.41387  0.07575  -75.43326  -75.28175  0.99925  0.00785  0.00984  
220     N/A    0.008300  -75.39898  -75.44913  0.07226  -75.47124  -75.32672  0.99934  0.00735  0.00925  
240     N/A    0.008112  -75.41326  -75.51045  0.07097  -75.48424  -75.34229  0.99871  0.00718  0.00905  
260     N/A    0.006556  -75.53151  -75.54079  0.06595  -75.59746  -75.46557  0.99988  0.00569  0.00742  
280     N/A    0.006016  -75.57260  -75.61346  0.06385  -75.63645  -75.50874  0.99946  0.00518  0.00686  
300     N/A    0.006017  -75.57252  -75.62356  0.06227  -75.63479  -75.51025  0.99933  0.00520  0.00684  
320     N/A    0.004673  -75.67470  -75.69870  0.05982  -75.73452  -75.61488  0.99968  0.00389  0.00546  
340     N/A    0.005116  -75.64105  -75.70687  0.05764  -75.69869  -75.58341  0.99913  0.00436  0.00587  
360     N/A    0.004656  -75.67597  -75.71061  0.05680  -75.73277  -75.61918  0.99954  0.00391  0.00540  
380     N/A    0.004446  -75.69197  -75.73701  0.05516  -75.74713  -75.63682  0.99941  0.00372  0.00517  
400     N/A    0.004586  -75.68134  -75.73595  0.05295  -75.73429  -75.62839  0.99928  0.00389  0.00528  
420     N/A    0.004385  -75.69660  -75.74778  0.05210  -75.74871  -75.64450  0.99932  0.00370  0.00507  
440     N/A    0.003505  -75.76351  -75.81498  0.05064  -75.81415  -75.71287  0.99932  0.00284  0.00417  
460     N/A    0.003680  -75.75021  -75.80257  0.05053  -75.80074  -75.69968  0.99931  0.00302  0.00434  
480     N/A    0.003542  -75.76068  -75.80659  0.04960  -75.81028  -75.71108  0.99939  0.00289  0.00419  
500     N/A    0.003302  -75.77897  -75.80909  0.04803  -75.82700  -75.73094  0.99960  0.00267  0.00393  
520     N/A    0.003125  -75.79243  -75.85289  0.04927  -75.84170  -75.74316  0.99920  0.00248  0.00377  
540     N/A    0.003482  -75.76523  -75.81584  0.04700  -75.81223  -75.71824  0.99933  0.00286  0.00410  
560     N/A    0.002927  -75.80743  -75.83437  0.04590  -75.85333  -75.76153  0.99964  0.00232  0.00353  
580     N/A    0.003296  -75.77942  -75.82393  0.04463  -75.82405  -75.73479  0.99941  0.00271  0.00388  
600     N/A    0.002734  -75.82215  -75.86015  0.04428  -75.86643  -75.77786  0.99950  0.00215  0.00332  
620     N/A    0.003037  -75.79907  -75.84657  0.04390  -75.84298  -75.75517  0.99937  0.00246  0.00361  
640     N/A    0.002760  -75.82017  -75.86436  0.04264  -75.86281  -75.77753  0.99942  0.00220  0.00332  
660     N/A    0.002553  -75.83591  -75.88124  0.04222  -75.87812  -75.79369  0.99940  0.00200  0.00311  
680     N/A    0.001944  -75.88220  -75.89362  0.04010  -75.92229  -75.84210  0.99985  0.00142  0.00247  
700     N/A    0.002304  -75.85479  -75.88240  0.03931  -75.89410  -75.81548  0.99964  0.00179  0.00282  
720     N/A    0.002016  -75.87675  -75.91188  0.03842  -75.91517  -75.83834  0.99954  0.00151  0.00252  
740     N/A    0.001783  -75.89446  -75.91466  0.03676  -75.93122  -75.85769  0.99973  0.00130  0.00227  
760     N/A    0.002272  -75.85728  -75.89618  0.03718  -75.89446  -75.82010  0.99949  0.00178  0.00276  
780     N/A    0.001698  -75.90089  -75.92234  0.03654  -75.93743  -75.86436  0.99972  0.00122  0.00218  
800     N/A    0.002221  -75.86113  -75.90213  0.03625  -75.89738  -75.82488  0.99946  0.00174  0.00270  
820     N/A    0.001664  -75.90348  -75.92239  0.03636  -75.93984  -75.86712  0.99975  0.00119  0.00214  
840     N/A    0.001613  -75.90740  -75.92315  0.03583  -75.94323  -75.87157  0.99979  0.00114  0.00208  
860     N/A    0.001772  -75.89531  -75.92205  0.03554  -75.93085  -75.85977  0.99965  0.00130  0.00224  
880     N/A    0.001787  -75.89412  -75.92713  0.03433  -75.92846  -75.85979  0.99957  0.00134  0.00224  
900     N/A    0.001645  -75.90496  -75.93736  0.03454  -75.93950  -75.87042  0.99957  0.00119  0.00210  
920     N/A    0.001883  -75.88686  -75.90229  0.03441  -75.92127  -75.85245  0.99980  0.00143  0.00234  
940     N/A    0.001481  -75.91742  -75.93363  0.03386  -75.95127  -75.88356  0.99979  0.00104  0.00193  
960     N/A    0.001674  -75.90274  -75.92915  0.03399  -75.93673  -75.86874  0.99965  0.00123  0.00212  
980     N/A    0.001773  -75.89520  -75.90401  0.03336  -75.92857  -75.86184  0.99988  0.00133  0.00221  
1000     N/A    0.001657  -75.90403  -75.92567  0.03403  -75.93806  -75.87000  0.99971  0.00121  0.00210  
1020     N/A    0.001708  -75.90011  -75.94122  0.03223  -75.93233  -75.86788  0.99946  0.00128  0.00213  
1040     N/A    0.001636  -75.90559  -75.92161  0.03246  -75.93805  -75.87314  0.99979  0.00121  0.00206  
1060     N/A    0.001486  -75.91699  -75.92252  0.03116  -75.94815  -75.88583  0.99993  0.00108  0.00190  
1080     N/A    0.001536  -75.91323  -75.92586  0.03104  -75.94427  -75.88219  0.99983  0.00113  0.00194  
1100     N/A    0.001607  -75.90786  -75.91625  0.03141  -75.93927  -75.87644  0.99989  0.00119  0.00202  
1120     N/A    0.001428  -75.92146  -75.93511  0.03121  -75.95267  -75.89025  0.99982  0.00102  0.00184  
1140     N/A    0.001427  -75.92152  -75.95151  0.03056  -75.95209  -75.89096  0.99961  0.00102  0.00183  
1160     N/A    0.002016  -75.87672  -75.87856  0.02996  -75.90668  -75.84676  0.99998  0.00162  0.00241  
1180     N/A    0.001252  -75.93482  -75.94945  0.02965  -75.96446  -75.90517  0.99981  0.00086  0.00164  
1200     N/A    0.001330  -75.92890  -75.92867  0.02939  -75.95829  -75.89951  1.00000  0.00094  0.00172  
1220     N/A    0.001463  -75.91876  -75.92133  0.02988  -75.94864  -75.88888  0.99997  0.00107  0.00186  
1240     N/A    0.001364  -75.92633  -75.92162  0.02929  -75.95562  -75.89704  1.00006  0.00098  0.00175  
1260     N/A    0.001350  -75.92735  -75.93038  0.02867  -75.95602  -75.89868  0.99996  0.00097  0.00173  
1280     N/A    0.001465  -75.91861  -75.91884  0.02900  -75.94761  -75.88961  1.00000  0.00108  0.00185  
1300     N/A    0.001270  -75.93346  -75.95419  0.02884  -75.96230  -75.90462  0.99973  0.00089  0.00165  
1320     N/A    0.001471  -75.91818  -75.90759  0.02852  -75.94670  -75.88966  1.00014  0.00110  0.00185  
1340     N/A    0.001445  -75.92011  -75.93006  0.02813  -75.94824  -75.89197  0.99987  0.00108  0.00182  
1360     N/A    0.001120  -75.94486  -75.93319  0.02851  -75.97338  -75.91635  1.00015  0.00074  0.00149  
1380     N/A    0.001197  -75.93901  -75.95501  0.02781  -75.96683  -75.91120  0.99979  0.00083  0.00156  
1400     N/A    0.001400  -75.92353  -75.93398  0.02878  -75.95231  -75.89475  0.99986  0.00102  0.00178  
1420     N/A    0.001401  -75.92351  -75.91822  0.02835  -75.95186  -75.89516  1.00007  0.00103  0.00177  
