nh: 34
samples1: 100000
samples2: 5000
burn_in: 500
steps: 100
Exact H:-76.03
   Fidelity  ROE       Mean      Median    CI Width LL on CI  UL on CI  mmRatio  Min Err  Max Err
20     N/A    0.038403  -73.11019  -73.25079  0.14329  -73.25348  -72.96690  0.99808  0.03652  0.04029  
40     N/A    0.023764  -74.22321  -74.40293  0.11787  -74.34109  -74.10534  0.99758  0.02221  0.02531  
60     N/A    0.017119  -74.72840  -74.80320  0.09983  -74.82823  -74.62858  0.99900  0.01581  0.01843  
80     N/A    0.013006  -75.04114  -75.18856  0.09175  -75.13290  -74.94939  0.99804  0.01180  0.01421  
100     N/A    0.009884  -75.27850  -75.35862  0.08338  -75.36188  -75.19512  0.99894  0.00879  0.01098  
120     N/A    0.008415  -75.39022  -75.45772  0.07429  -75.46451  -75.31593  0.99911  0.00744  0.00939  
140     N/A    0.007102  -75.49004  -75.58323  0.06844  -75.55847  -75.42160  0.99877  0.00620  0.00800  
160     N/A    0.005620  -75.60269  -75.65372  0.06251  -75.66520  -75.54018  0.99933  0.00480  0.00644  
180     N/A    0.004453  -75.69143  -75.75118  0.05561  -75.74704  -75.63582  0.99921  0.00372  0.00518  
200     N/A    0.003493  -75.76442  -75.80249  0.04976  -75.81419  -75.71466  0.99950  0.00284  0.00415  
220     N/A    0.003250  -75.78292  -75.81405  0.04577  -75.82869  -75.73715  0.99959  0.00265  0.00385  
240     N/A    0.002660  -75.82773  -75.86218  0.04372  -75.87145  -75.78402  0.99955  0.00209  0.00324  
260     N/A    0.002845  -75.81373  -75.84474  0.04028  -75.85401  -75.77345  0.99959  0.00231  0.00337  
280     N/A    0.001959  -75.88109  -75.91294  0.03849  -75.91958  -75.84260  0.99958  0.00145  0.00246  
300     N/A    0.001926  -75.88360  -75.91056  0.03607  -75.91967  -75.84753  0.99964  0.00145  0.00240  
320     N/A    0.001931  -75.88317  -75.89644  0.03443  -75.91761  -75.84874  0.99983  0.00148  0.00238  
340     N/A    0.001762  -75.89605  -75.90649  0.03247  -75.92852  -75.86358  0.99986  0.00133  0.00219  
360     N/A    0.001498  -75.91614  -75.93608  0.03126  -75.94740  -75.88488  0.99974  0.00109  0.00191  
380     N/A    0.001461  -75.91888  -75.94411  0.03120  -75.95008  -75.88768  0.99967  0.00105  0.00187  
400     N/A    0.001253  -75.93476  -75.93408  0.02897  -75.96373  -75.90579  1.00001  0.00087  0.00163  
420     N/A    0.001646  -75.90482  -75.90482  0.02914  -75.93396  -75.87568  1.00000  0.00126  0.00203  
440     N/A    0.001009  -75.95327  -75.95503  0.02808  -75.98135  -75.92519  0.99998  0.00064  0.00138  
460     N/A    0.001200  -75.93879  -75.93410  0.02720  -75.96599  -75.91160  1.00006  0.00084  0.00156  
480     N/A    0.001032  -75.95151  -75.96546  0.02712  -75.97864  -75.92439  0.99982  0.00068  0.00139  
500     N/A    0.001264  -75.93390  -75.93606  0.02697  -75.96087  -75.90692  0.99997  0.00091  0.00162  
520     N/A    0.001218  -75.93739  -75.93822  0.02645  -75.96384  -75.91094  0.99999  0.00087  0.00157  
540     N/A    0.001172  -75.94089  -75.94609  0.02612  -75.96701  -75.91477  0.99993  0.00083  0.00152  
560     N/A    0.001160  -75.94179  -75.93968  0.02624  -75.96803  -75.91555  1.00003  0.00082  0.00151  
580     N/A    0.000935  -75.95889  -75.94901  0.02595  -75.98485  -75.93294  1.00013  0.00059  0.00128  
600     N/A    0.001134  -75.94381  -75.94221  0.02523  -75.96904  -75.91858  1.00002  0.00080  0.00147  
620     N/A    0.000987  -75.95493  -75.96411  0.02525  -75.98018  -75.92968  0.99988  0.00066  0.00132  
640     N/A    0.001079  -75.94798  -75.94491  0.02509  -75.97307  -75.92289  1.00004  0.00075  0.00141  
660     N/A    0.001217  -75.93744  -75.93613  0.02481  -75.96225  -75.91263  1.00002  0.00089  0.00154  
680     N/A    0.001150  -75.94257  -75.94653  0.02477  -75.96734  -75.91781  0.99995  0.00082  0.00148  
700     N/A    0.000967  -75.95647  -75.96298  0.02470  -75.98117  -75.93177  0.99991  0.00064  0.00129  
720     N/A    0.001003  -75.95371  -75.96370  0.02472  -75.97843  -75.92899  0.99987  0.00068  0.00133  
