nh: 45
samples1: 75000
samples2: 5000
burn_in: 500
steps: 100
Exact H:-101.5
   Fidelity  ROE       Mean      Median    CI Width LL on CI  UL on CI  mmRatio  Min Err  Max Err
20     N/A    0.048543  -96.57293  -96.77769  0.18668  -96.75961  -96.38626  0.99788  0.04670  0.05038  
40     N/A    0.032872  -98.16345  -98.29149  0.15398  -98.31743  -98.00947  0.99870  0.03136  0.03439  
60     N/A    0.024544  -99.00875  -99.19762  0.13812  -99.14687  -98.87063  0.99810  0.02318  0.02591  
80     N/A    0.019663  -99.50424  -99.67277  0.12771  -99.63195  -99.37653  0.99831  0.01840  0.02092  
100     N/A    0.016550  -99.82014  -99.86513  0.11830  -99.93844  -99.70185  0.99955  0.01538  0.01772  
120     N/A    0.014259  -100.05275  -100.09670  0.10769  -100.16044  -99.94506  0.99956  0.01320  0.01532  
140     N/A    0.012183  -100.26342  -100.34347  0.10278  -100.36619  -100.16064  0.99920  0.01117  0.01320  
160     N/A    0.010464  -100.43790  -100.57599  0.09650  -100.53440  -100.34139  0.99863  0.00951  0.01141  
180     N/A    0.009645  -100.52104  -100.58214  0.09115  -100.61219  -100.42990  0.99939  0.00875  0.01054  
200     N/A    0.008278  -100.65974  -100.72310  0.08713  -100.74687  -100.57261  0.99937  0.00742  0.00914  
220     N/A    0.008102  -100.67765  -100.76370  0.08500  -100.76265  -100.59265  0.99915  0.00726  0.00894  
240     N/A    0.007014  -100.78806  -100.87855  0.08000  -100.86806  -100.70806  0.99910  0.00623  0.00780  
260     N/A    0.006394  -100.85096  -100.94676  0.07843  -100.92939  -100.77253  0.99905  0.00562  0.00717  
280     N/A    0.005987  -100.89234  -100.96343  0.07738  -100.96972  -100.81497  0.99930  0.00522  0.00675  
300     N/A    0.005534  -100.93829  -100.99794  0.07255  -101.01084  -100.86574  0.99941  0.00482  0.00625  
320     N/A    0.005853  -100.90589  -100.96997  0.07137  -100.97726  -100.83453  0.99937  0.00515  0.00656  
340     N/A    0.005104  -100.98193  -101.00457  0.06995  -101.05187  -100.91198  0.99978  0.00442  0.00579  
360     N/A    0.005669  -100.92464  -100.96005  0.06874  -100.99338  -100.85590  0.99965  0.00499  0.00635  
380     N/A    0.004916  -101.00098  -101.04782  0.06736  -101.06833  -100.93362  0.99954  0.00425  0.00558  
400     N/A    0.004705  -101.02248  -101.06204  0.06544  -101.08792  -100.95705  0.99961  0.00406  0.00535  
420     N/A    0.004459  -101.04744  -101.06740  0.06320  -101.11064  -100.98424  0.99980  0.00384  0.00508  
440     N/A    0.004284  -101.06515  -101.11661  0.06289  -101.12804  -101.00226  0.99949  0.00366  0.00490  
460     N/A    0.003859  -101.10835  -101.10045  0.06244  -101.17079  -101.04590  1.00008  0.00324  0.00447  
480     N/A    0.003664  -101.12814  -101.13214  0.06072  -101.18886  -101.06743  0.99996  0.00307  0.00426  
500     N/A    0.003667  -101.12785  -101.15323  0.06002  -101.18787  -101.06783  0.99975  0.00308  0.00426  
520     N/A    0.003790  -101.11534  -101.13731  0.05967  -101.17501  -101.05567  0.99978  0.00320  0.00438  
540     N/A    0.003780  -101.11631  -101.15400  0.05737  -101.17368  -101.05895  0.99963  0.00321  0.00435  
560     N/A    0.003546  -101.14008  -101.17058  0.05749  -101.19757  -101.08259  0.99970  0.00298  0.00411  
580     N/A    0.003779  -101.11644  -101.13976  0.05670  -101.17313  -101.05974  0.99977  0.00322  0.00434  
600     N/A    0.003564  -101.13829  -101.18406  0.05489  -101.19319  -101.08340  0.99955  0.00302  0.00410  
620     N/A    0.003034  -101.19208  -101.21433  0.05370  -101.24578  -101.13837  0.99978  0.00250  0.00356  
640     N/A    0.003031  -101.19234  -101.19479  0.05176  -101.24410  -101.14058  0.99998  0.00252  0.00354  
660     N/A    0.002683  -101.22769  -101.23976  0.05328  -101.28097  -101.17441  0.99988  0.00216  0.00321  
680     N/A    0.002726  -101.22335  -101.25872  0.05103  -101.27438  -101.17231  0.99965  0.00222  0.00323  
700     N/A    0.002950  -101.20058  -101.22062  0.05028  -101.25086  -101.15030  0.99980  0.00245  0.00345  
720     N/A    0.003077  -101.18769  -101.20416  0.04946  -101.23714  -101.13823  0.99984  0.00259  0.00356  
740     N/A    0.002401  -101.25625  -101.28396  0.04886  -101.30511  -101.20739  0.99973  0.00192  0.00288  
760     N/A    0.002364  -101.26009  -101.27247  0.04739  -101.30748  -101.21270  0.99988  0.00190  0.00283  
780     N/A    0.002573  -101.23881  -101.25632  0.04725  -101.28607  -101.19156  0.99983  0.00211  0.00304  
800     N/A    0.002370  -101.25949  -101.27292  0.04686  -101.30635  -101.21263  0.99987  0.00191  0.00283  
820     N/A    0.002384  -101.25805  -101.27132  0.04553  -101.30358  -101.21253  0.99987  0.00194  0.00283  
840     N/A    0.002379  -101.25852  -101.26343  0.04481  -101.30333  -101.21371  0.99995  0.00194  0.00282  
860     N/A    0.002297  -101.26688  -101.29142  0.04369  -101.31058  -101.22319  0.99976  0.00187  0.00273  
880     N/A    0.002086  -101.28826  -101.29460  0.04350  -101.33175  -101.24476  0.99994  0.00166  0.00251  
