nh: 44
samples1: 100000
samples2: 5000
burn_in: 500
steps: 100
Exact H:-101.5
   Fidelity  ROE       Mean      Median    CI Width LL on CI  UL on CI  mmRatio  Min Err  Max Err
20     N/A    0.042849  -97.15086  -97.33310  0.17406  -97.32493  -96.97680  0.99813  0.04113  0.04456  
40     N/A    0.027313  -98.72777  -98.84173  0.14354  -98.87131  -98.58423  0.99885  0.02590  0.02873  
60     N/A    0.020455  -99.42381  -99.59243  0.12737  -99.55118  -99.29643  0.99831  0.01920  0.02171  
80     N/A    0.015721  -99.90430  -100.00533  0.11392  -100.01822  -99.79037  0.99899  0.01460  0.01684  
100     N/A    0.012704  -100.21053  -100.29655  0.10682  -100.31735  -100.10371  0.99914  0.01165  0.01376  
120     N/A    0.011922  -100.28996  -100.43746  0.10212  -100.39209  -100.18784  0.99853  0.01092  0.01293  
140     N/A    0.010634  -100.42064  -100.50394  0.09201  -100.51265  -100.32864  0.99917  0.00973  0.01154  
160     N/A    0.008947  -100.59192  -100.63041  0.08892  -100.68084  -100.50300  0.99962  0.00807  0.00982  
180     N/A    0.007614  -100.72722  -100.73958  0.08248  -100.80969  -100.64474  0.99988  0.00680  0.00843  
200     N/A    0.006855  -100.80421  -100.85044  0.07938  -100.88359  -100.72482  0.99954  0.00607  0.00764  
220     N/A    0.006143  -100.87645  -100.94036  0.07510  -100.95155  -100.80135  0.99937  0.00540  0.00688  
240     N/A    0.005414  -100.95044  -101.01736  0.07218  -101.02262  -100.87826  0.99934  0.00470  0.00613  
260     N/A    0.005144  -100.97785  -101.01834  0.06843  -101.04628  -100.90942  0.99960  0.00447  0.00582  
280     N/A    0.005026  -100.98981  -101.02365  0.06488  -101.05470  -100.92493  0.99967  0.00439  0.00567  
300     N/A    0.004138  -101.08002  -101.12774  0.06241  -101.14243  -101.01761  0.99953  0.00352  0.00475  
320     N/A    0.003857  -101.10853  -101.14757  0.05975  -101.16828  -101.04878  0.99961  0.00327  0.00445  
340     N/A    0.003585  -101.13616  -101.16411  0.05756  -101.19371  -101.07860  0.99972  0.00302  0.00415  
360     N/A    0.003549  -101.13979  -101.19483  0.05526  -101.19505  -101.08452  0.99946  0.00300  0.00409  
380     N/A    0.003168  -101.17845  -101.19028  0.05374  -101.23219  -101.12471  0.99988  0.00264  0.00370  
400     N/A    0.002878  -101.20788  -101.24998  0.05072  -101.25860  -101.15716  0.99958  0.00238  0.00338  
420     N/A    0.003226  -101.17260  -101.21512  0.05039  -101.22299  -101.12221  0.99958  0.00273  0.00372  
440     N/A    0.002815  -101.21429  -101.25300  0.04940  -101.26369  -101.16489  0.99962  0.00233  0.00330  
460     N/A    0.002121  -101.28472  -101.31469  0.04675  -101.33147  -101.23797  0.99970  0.00166  0.00258  
480     N/A    0.001993  -101.29766  -101.30350  0.04501  -101.34267  -101.25265  0.99994  0.00155  0.00244  
500     N/A    0.002143  -101.28244  -101.30567  0.04390  -101.32635  -101.23854  0.99977  0.00171  0.00258  
520     N/A    0.002249  -101.27168  -101.31110  0.04308  -101.31476  -101.22860  0.99961  0.00182  0.00267  
540     N/A    0.001807  -101.31655  -101.31770  0.03963  -101.35618  -101.27692  0.99999  0.00142  0.00220  
560     N/A    0.002035  -101.29346  -101.29751  0.04161  -101.33507  -101.25184  0.99996  0.00162  0.00244  
580     N/A    0.001957  -101.30135  -101.32276  0.03978  -101.34112  -101.26157  0.99979  0.00157  0.00235  
600     N/A    0.001726  -101.32477  -101.33898  0.03963  -101.36440  -101.28514  0.99986  0.00134  0.00212  
620     N/A    0.002000  -101.29696  -101.32293  0.03857  -101.33553  -101.25838  0.99974  0.00162  0.00238  
640     N/A    0.002186  -101.27808  -101.30178  0.03806  -101.31614  -101.24002  0.99977  0.00181  0.00256  
660     N/A    0.001765  -101.32080  -101.33185  0.03753  -101.35833  -101.28327  0.99989  0.00140  0.00214  
680     N/A    0.001515  -101.34623  -101.35233  0.03811  -101.38434  -101.30813  0.99994  0.00114  0.00189  
700     N/A    0.001610  -101.33662  -101.33137  0.03730  -101.37392  -101.29932  1.00005  0.00124  0.00198  
720     N/A    0.001625  -101.33507  -101.34329  0.03652  -101.37159  -101.29855  0.99992  0.00127  0.00198  
740     N/A    0.001818  -101.31548  -101.31309  0.03595  -101.35144  -101.27953  1.00002  0.00146  0.00217  
760     N/A    0.001588  -101.33885  -101.33499  0.03554  -101.37439  -101.30331  1.00004  0.00124  0.00194  
780     N/A    0.001497  -101.34805  -101.32846  0.03464  -101.38269  -101.31341  1.00019  0.00116  0.00184  
800     N/A    0.001372  -101.36074  -101.35662  0.03548  -101.39622  -101.32526  1.00004  0.00102  0.00172  
820     N/A    0.001491  -101.34863  -101.33985  0.03522  -101.38385  -101.31341  1.00009  0.00114  0.00184  
840     N/A    0.001536  -101.34406  -101.35054  0.03452  -101.37859  -101.30954  0.99994  0.00120  0.00188  
860     N/A    0.001414  -101.35653  -101.36215  0.03454  -101.39107  -101.32199  0.99994  0.00107  0.00175  
880     N/A    0.001300  -101.36808  -101.37125  0.03417  -101.40224  -101.33391  0.99997  0.00096  0.00164  
900     N/A    0.001468  -101.35103  -101.34843  0.03386  -101.38488  -101.31717  1.00003  0.00113  0.00180  
920     N/A    0.001515  -101.34619  -101.36541  0.03447  -101.38065  -101.31172  0.99981  0.00118  0.00185  
940     N/A    0.001365  -101.36147  -101.35609  0.03359  -101.39506  -101.32787  1.00005  0.00103  0.00170  
960     N/A    0.001385  -101.35943  -101.35408  0.03400  -101.39343  -101.32543  1.00005  0.00105  0.00172  
980     N/A    0.001354  -101.36260  -101.36536  0.03310  -101.39570  -101.32951  0.99997  0.00103  0.00168  
1000     N/A    0.001309  -101.36711  -101.35492  0.03370  -101.40081  -101.33341  1.00012  0.00098  0.00164  
1020     N/A    0.001366  -101.36138  -101.33805  0.03330  -101.39468  -101.32808  1.00023  0.00104  0.00169  
1040     N/A    0.001270  -101.37106  -101.37833  0.03350  -101.40456  -101.33756  0.99993  0.00094  0.00160  
1060     N/A    0.001401  -101.35779  -101.34746  0.03251  -101.39030  -101.32528  1.00010  0.00108  0.00172  
1080     N/A    0.001614  -101.33619  -101.32852  0.03349  -101.36968  -101.30270  1.00008  0.00128  0.00194  
1100     N/A    0.001495  -101.34825  -101.35483  0.03333  -101.38158  -101.31492  0.99994  0.00117  0.00182  
1120     N/A    0.001281  -101.36997  -101.36956  0.03255  -101.40253  -101.33742  1.00000  0.00096  0.00160  
1140     N/A    0.001638  -101.33377  -101.35018  0.03259  -101.36636  -101.30118  0.99984  0.00132  0.00196  
1160     N/A    0.001213  -101.37686  -101.37086  0.03272  -101.40957  -101.34414  1.00006  0.00089  0.00154  
1180     N/A    0.001434  -101.35441  -101.35682  0.03330  -101.38771  -101.32111  0.99998  0.00111  0.00176  
1200     N/A    0.001476  -101.35015  -101.35128  0.03233  -101.38248  -101.31782  0.99999  0.00116  0.00179  
1220     N/A    0.001376  -101.36031  -101.36740  0.03208  -101.39239  -101.32823  0.99993  0.00106  0.00169  
1240     N/A    0.001247  -101.37340  -101.36816  0.03235  -101.40575  -101.34104  1.00005  0.00093  0.00157  
1260     N/A    0.001308  -101.36722  -101.36559  0.03080  -101.39802  -101.33642  1.00002  0.00100  0.00161  
1280     N/A    0.001209  -101.37734  -101.37785  0.03188  -101.40922  -101.34545  0.99999  0.00089  0.00152  
1300     N/A    0.001309  -101.36709  -101.36325  0.03157  -101.39866  -101.33551  1.00004  0.00100  0.00162  
1320     N/A    0.001233  -101.37483  -101.35396  0.03110  -101.40593  -101.34373  1.00021  0.00093  0.00154  
1340     N/A    0.001327  -101.36532  -101.37247  0.03118  -101.39649  -101.33414  0.99993  0.00102  0.00163  
1360     N/A    0.001108  -101.38757  -101.38053  0.03068  -101.41825  -101.35688  1.00007  0.00081  0.00141  
1380     N/A    0.001308  -101.36719  -101.36083  0.03025  -101.39744  -101.33694  1.00006  0.00101  0.00161  
1400     N/A    0.001241  -101.37399  -101.36757  0.03067  -101.40466  -101.34333  1.00006  0.00094  0.00154  
1420     N/A    0.001257  -101.37242  -101.37582  0.02906  -101.40148  -101.34337  0.99997  0.00097  0.00154  
1440     N/A    0.001136  -101.38466  -101.37351  0.03023  -101.41489  -101.35443  1.00011  0.00084  0.00143  
1460     N/A    0.001226  -101.37554  -101.37362  0.03036  -101.40589  -101.34518  1.00002  0.00093  0.00153  
1480     N/A    0.001271  -101.37104  -101.36639  0.03004  -101.40108  -101.34100  1.00005  0.00097  0.00157  
1500     N/A    0.001147  -101.38362  -101.36636  0.02981  -101.41342  -101.35381  1.00017  0.00085  0.00144  
1520     N/A    0.001092  -101.38916  -101.39299  0.02997  -101.41913  -101.35919  0.99996  0.00080  0.00139  
1540     N/A    0.001055  -101.39288  -101.40019  0.02947  -101.42234  -101.36341  0.99993  0.00077  0.00135  
1560     N/A    0.001171  -101.38115  -101.36908  0.02918  -101.41033  -101.35197  1.00012  0.00088  0.00146  
1580     N/A    0.001335  -101.36446  -101.36568  0.02953  -101.39399  -101.33493  0.99999  0.00104  0.00163  
1600     N/A    0.001135  -101.38482  -101.36877  0.02999  -101.41480  -101.35483  1.00016  0.00084  0.00143  
1620     N/A    0.001268  -101.37130  -101.37633  0.02960  -101.40090  -101.34169  0.99995  0.00098  0.00156  
1640     N/A    0.001151  -101.38316  -101.37735  0.03049  -101.41366  -101.35267  1.00006  0.00085  0.00145  
1660     N/A    0.001208  -101.37739  -101.37544  0.02950  -101.40689  -101.34789  1.00002  0.00092  0.00150  
1680     N/A    0.001113  -101.38706  -101.39284  0.02998  -101.41705  -101.35708  0.99994  0.00082  0.00141  
1700     N/A    0.001203  -101.37788  -101.37645  0.02978  -101.40766  -101.34810  1.00001  0.00091  0.00150  
1720     N/A    0.001265  -101.37160  -101.36801  0.02927  -101.40086  -101.34233  1.00004  0.00098  0.00155  
1740     N/A    0.001014  -101.39709  -101.40617  0.02941  -101.42650  -101.36768  0.99991  0.00072  0.00130  
1760     N/A    0.001443  -101.35354  -101.36509  0.02992  -101.38346  -101.32362  0.99989  0.00115  0.00174  
1780     N/A    0.001141  -101.38419  -101.38495  0.02891  -101.41310  -101.35527  0.99999  0.00086  0.00143  
1800     N/A    0.001217  -101.37651  -101.37142  0.02903  -101.40555  -101.34748  1.00005  0.00093  0.00150  
1820     N/A    0.001281  -101.36999  -101.37654  0.02905  -101.39904  -101.34094  0.99994  0.00099  0.00157  
1840     N/A    0.001296  -101.36847  -101.38329  0.02917  -101.39765  -101.33930  0.99985  0.00101  0.00158  
1860     N/A    0.001201  -101.37807  -101.37640  0.02842  -101.40650  -101.34965  1.00002  0.00092  0.00148  
1880     N/A    0.001267  -101.37142  -101.35902  0.02919  -101.40061  -101.34222  1.00012  0.00098  0.00155  
1900     N/A    0.001235  -101.37462  -101.38860  0.02858  -101.40320  -101.34604  0.99986  0.00095  0.00152  
1920     N/A    0.001053  -101.39315  -101.39001  0.02900  -101.42215  -101.36415  1.00003  0.00077  0.00134  
1940     N/A    0.001337  -101.36426  -101.37912  0.02845  -101.39271  -101.33581  0.99985  0.00106  0.00162  
