nh: 45
samples1: 100000
samples2: 5000
burn_in: 500
steps: 100
Exact H:-101.5
   Fidelity  ROE       Mean      Median    CI Width LL on CI  UL on CI  mmRatio  Min Err  Max Err
20     N/A    0.041002  -97.33828  -97.51010  0.17158  -97.50987  -97.16670  0.99824  0.03931  0.04269  
40     N/A    0.024362  -99.02724  -99.10006  0.13779  -99.16503  -98.88945  0.99927  0.02300  0.02572  
60     N/A    0.017661  -99.70739  -99.79886  0.12107  -99.82846  -99.58632  0.99908  0.01647  0.01885  
80     N/A    0.013913  -100.08787  -100.19576  0.10600  -100.19387  -99.98187  0.99892  0.01287  0.01496  
100     N/A    0.010497  -100.43451  -100.52795  0.09854  -100.53306  -100.33597  0.99907  0.00953  0.01147  
120     N/A    0.008883  -100.59834  -100.69159  0.08607  -100.68442  -100.51227  0.99907  0.00804  0.00973  
140     N/A    0.006468  -100.84349  -100.88899  0.07872  -100.92221  -100.76477  0.99955  0.00569  0.00724  
160     N/A    0.006674  -100.82254  -100.86332  0.07311  -100.89565  -100.74943  0.99960  0.00595  0.00739  
180     N/A    0.005214  -100.97080  -100.99596  0.06947  -101.04027  -100.90133  0.99975  0.00453  0.00590  
200     N/A    0.004652  -101.02782  -101.09670  0.06596  -101.09379  -100.96186  0.99932  0.00400  0.00530  
220     N/A    0.004444  -101.04897  -101.10051  0.06222  -101.11119  -100.98675  0.99949  0.00383  0.00506  
240     N/A    0.003741  -101.12030  -101.15256  0.05961  -101.17991  -101.06069  0.99968  0.00315  0.00433  
260     N/A    0.003235  -101.17170  -101.21681  0.05574  -101.22744  -101.11595  0.99955  0.00269  0.00378  
280     N/A    0.003323  -101.16276  -101.18479  0.05200  -101.21475  -101.11076  0.99978  0.00281  0.00383  
300     N/A    0.002782  -101.21759  -101.23450  0.04919  -101.26678  -101.16840  0.99983  0.00230  0.00327  
320     N/A    0.002468  -101.24945  -101.27423  0.04692  -101.29637  -101.20253  0.99976  0.00201  0.00293  
340     N/A    0.002693  -101.22669  -101.21468  0.04555  -101.27224  -101.18113  1.00012  0.00224  0.00314  
360     N/A    0.002113  -101.28556  -101.30026  0.04312  -101.32868  -101.24244  0.99985  0.00169  0.00254  
380     N/A    0.001994  -101.29764  -101.31808  0.04242  -101.34007  -101.25522  0.99980  0.00158  0.00241  
400     N/A    0.001906  -101.30650  -101.32541  0.04056  -101.34706  -101.26594  0.99981  0.00151  0.00231  
420     N/A    0.001634  -101.33417  -101.32568  0.03880  -101.37296  -101.29537  1.00008  0.00125  0.00202  
440     N/A    0.001957  -101.30134  -101.33197  0.03825  -101.33959  -101.26309  0.99970  0.00158  0.00233  
460     N/A    0.001444  -101.35339  -101.34779  0.03818  -101.39158  -101.31521  1.00006  0.00107  0.00182  
480     N/A    0.001849  -101.31232  -101.31067  0.03600  -101.34832  -101.27632  1.00002  0.00149  0.00220  
500     N/A    0.001826  -101.31470  -101.33111  0.03614  -101.35083  -101.27856  0.99984  0.00147  0.00218  
520     N/A    0.001413  -101.35656  -101.37575  0.03509  -101.39164  -101.32147  0.99981  0.00107  0.00176  
540     N/A    0.001305  -101.36756  -101.37396  0.03384  -101.40140  -101.33372  0.99994  0.00097  0.00164  
560     N/A    0.001355  -101.36245  -101.36648  0.03367  -101.39612  -101.32877  0.99996  0.00102  0.00169  
580     N/A    0.001435  -101.35434  -101.35281  0.03311  -101.38745  -101.32123  1.00002  0.00111  0.00176  
600     N/A    0.001292  -101.36891  -101.38256  0.03314  -101.40205  -101.33577  0.99987  0.00097  0.00162  
620     N/A    0.001403  -101.35763  -101.35980  0.03245  -101.39009  -101.32518  0.99998  0.00108  0.00172  
