nh: 45
samples1: 57500
samples2: 5000
burn_in: 500
steps: 100
Exact H:-101.5
   Fidelity  ROE       Mean      Median    CI Width LL on CI  UL on CI  mmRatio  Min Err  Max Err
50     N/A    0.034305  -98.01802  -98.25694  0.15955  -98.17757  -97.85846  0.99757  0.03273  0.03588  
100     N/A    0.020726  -99.39630  -99.62967  0.13078  -99.52708  -99.26552  0.99766  0.01944  0.02201  
150     N/A    0.014415  -100.03687  -100.18890  0.10991  -100.14678  -99.92697  0.99848  0.01333  0.01550  
200     N/A    0.010460  -100.43833  -100.48929  0.09640  -100.53473  -100.34193  0.99949  0.00951  0.01141  
250     N/A    0.008520  -100.63523  -100.70192  0.08741  -100.72264  -100.54783  0.99934  0.00766  0.00938  
300     N/A    0.007789  -100.70943  -100.78083  0.08082  -100.79025  -100.62860  0.99929  0.00699  0.00859  
350     N/A    0.006084  -100.88251  -100.92633  0.07565  -100.95815  -100.80686  0.99957  0.00534  0.00683  
400     N/A    0.005879  -100.90324  -100.98994  0.07244  -100.97568  -100.83080  0.99914  0.00517  0.00659  
450     N/A    0.005018  -100.99067  -101.06123  0.06761  -101.05829  -100.92306  0.99930  0.00435  0.00568  
500     N/A    0.004429  -101.05047  -101.08069  0.06336  -101.11383  -100.98711  0.99970  0.00380  0.00505  
550     N/A    0.004292  -101.06440  -101.11497  0.06217  -101.12657  -101.00222  0.99950  0.00368  0.00490  
600     N/A    0.003651  -101.12942  -101.14873  0.05718  -101.18660  -101.07225  0.99981  0.00309  0.00421  
650     N/A    0.003826  -101.11170  -101.14717  0.05539  -101.16709  -101.05632  0.99965  0.00328  0.00437  
700     N/A    0.003275  -101.16763  -101.22859  0.05287  -101.22049  -101.11476  0.99940  0.00275  0.00380  
750     N/A    0.002737  -101.22219  -101.23993  0.04981  -101.27199  -101.17238  0.99982  0.00225  0.00323  
800     N/A    0.002295  -101.26708  -101.28198  0.04616  -101.31324  -101.22092  0.99985  0.00184  0.00275  
850     N/A    0.002515  -101.24471  -101.26325  0.04522  -101.28993  -101.19949  0.99982  0.00207  0.00296  
900     N/A    0.002146  -101.28217  -101.29087  0.04384  -101.32601  -101.23832  0.99991  0.00171  0.00258  
950     N/A    0.002392  -101.25718  -101.27297  0.04242  -101.29959  -101.21476  0.99984  0.00197  0.00281  
1000     N/A    0.001819  -101.31537  -101.32235  0.04063  -101.35600  -101.27474  0.99993  0.00142  0.00222  
1050     N/A    0.002156  -101.28120  -101.27619  0.04078  -101.32197  -101.24042  1.00005  0.00175  0.00256  
1100     N/A    0.002265  -101.27007  -101.29269  0.04032  -101.31039  -101.22975  0.99978  0.00187  0.00266  
1150     N/A    0.002038  -101.29319  -101.30325  0.03976  -101.33295  -101.25343  0.99990  0.00165  0.00243  
1200     N/A    0.002118  -101.28500  -101.26995  0.03943  -101.32443  -101.24558  1.00015  0.00173  0.00251  
1250     N/A    0.001982  -101.29883  -101.30127  0.03895  -101.33778  -101.25987  0.99998  0.00160  0.00237  
1300     N/A    0.001918  -101.30528  -101.33467  0.03838  -101.34366  -101.26690  0.99971  0.00154  0.00230  
1350     N/A    0.001928  -101.30430  -101.31014  0.03787  -101.34217  -101.26642  0.99994  0.00156  0.00230  
1400     N/A    0.001910  -101.30618  -101.31205  0.03806  -101.34425  -101.26812  0.99994  0.00153  0.00228  
1450     N/A    0.001991  -101.29791  -101.30257  0.03848  -101.33639  -101.25944  0.99995  0.00161  0.00237  
1500     N/A    0.001663  -101.33126  -101.34327  0.03752  -101.36878  -101.29373  0.99988  0.00129  0.00203  
1550     N/A    0.001823  -101.31494  -101.31860  0.03821  -101.35315  -101.27673  0.99996  0.00145  0.00220  
1600     N/A    0.001702  -101.32720  -101.32849  0.03739  -101.36459  -101.28981  0.99999  0.00133  0.00207  
1650     N/A    0.001673  -101.33014  -101.32732  0.03731  -101.36745  -101.29283  1.00003  0.00131  0.00204  
1700     N/A    0.001763  -101.32107  -101.31833  0.03667  -101.35775  -101.28440  1.00003  0.00140  0.00212  
1750     N/A    0.001712  -101.32624  -101.31485  0.03754  -101.36377  -101.28870  1.00011  0.00134  0.00208  
1800     N/A    0.001568  -101.34083  -101.33375  0.03740  -101.37823  -101.30343  1.00007  0.00120  0.00194  
1850     N/A    0.001644  -101.33310  -101.34423  0.03679  -101.36989  -101.29631  0.99989  0.00128  0.00201  
1900     N/A    0.001817  -101.31556  -101.31216  0.03657  -101.35213  -101.27899  1.00003  0.00146  0.00218  
1950     N/A    0.001452  -101.35263  -101.34702  0.03573  -101.38836  -101.31690  1.00006  0.00110  0.00180  
2000     N/A    0.001853  -101.31194  -101.29707  0.03672  -101.34866  -101.27522  1.00015  0.00149  0.00221  
2050     N/A    0.001587  -101.33890  -101.32372  0.03613  -101.37503  -101.30278  1.00015  0.00123  0.00194  
2100     N/A    0.001830  -101.31422  -101.30422  0.03636  -101.35059  -101.27786  1.00010  0.00147  0.00219  
2150     N/A    0.001657  -101.33183  -101.32825  0.03617  -101.36800  -101.29566  1.00004  0.00130  0.00201  
2200     N/A    0.001770  -101.32039  -101.32147  0.03621  -101.35660  -101.28418  0.99999  0.00141  0.00213  
2250     N/A    0.002108  -101.28604  -101.30081  0.03686  -101.32290  -101.24918  0.99985  0.00174  0.00247  
2300     N/A    0.001739  -101.32348  -101.31815  0.03647  -101.35995  -101.28701  1.00005  0.00138  0.00210  
2350     N/A    0.001710  -101.32643  -101.30726  0.03658  -101.36301  -101.28984  1.00019  0.00135  0.00207  
2400     N/A    0.001685  -101.32899  -101.32556  0.03650  -101.36550  -101.29249  1.00003  0.00133  0.00204  
2450     N/A    0.001853  -101.31193  -101.29191  0.03549  -101.34742  -101.27644  1.00020  0.00150  0.00220  
2500     N/A    0.001900  -101.30714  -101.31454  0.03598  -101.34312  -101.27115  0.99993  0.00155  0.00225  
2550     N/A    0.001712  -101.32618  -101.32584  0.03669  -101.36287  -101.28949  1.00000  0.00135  0.00207  
2600     N/A    0.001621  -101.33550  -101.33474  0.03577  -101.37127  -101.29973  1.00001  0.00127  0.00197  
2650     N/A    0.001580  -101.33967  -101.35309  0.03691  -101.37657  -101.30276  0.99987  0.00122  0.00194  
2700     N/A    0.001802  -101.31705  -101.33511  0.03598  -101.35303  -101.28107  0.99982  0.00145  0.00216  
2750     N/A    0.001838  -101.31341  -101.30662  0.03620  -101.34961  -101.27720  1.00007  0.00148  0.00220  
2800     N/A    0.001982  -101.29883  -101.29633  0.03598  -101.33480  -101.26285  1.00002  0.00163  0.00234  
2850     N/A    0.001759  -101.32145  -101.32662  0.03661  -101.35806  -101.28484  0.99995  0.00140  0.00212  
2900     N/A    0.001805  -101.31680  -101.31422  0.03628  -101.35308  -101.28052  1.00003  0.00145  0.00216  
2950     N/A    0.001606  -101.33700  -101.31822  0.03601  -101.37301  -101.30100  1.00019  0.00125  0.00196  
3000     N/A    0.001782  -101.31908  -101.31336  0.03534  -101.35442  -101.28373  1.00006  0.00143  0.00213  
3050     N/A    0.001643  -101.33322  -101.32127  0.03625  -101.36947  -101.29696  1.00012  0.00129  0.00200  
3100     N/A    0.001815  -101.31580  -101.31066  0.03558  -101.35139  -101.28022  1.00005  0.00146  0.00217  
3150     N/A    0.001904  -101.30679  -101.31566  0.03586  -101.34265  -101.27093  0.99991  0.00155  0.00226  
3200     N/A    0.001556  -101.34209  -101.33657  0.03597  -101.37806  -101.30613  1.00005  0.00120  0.00191  
3250     N/A    0.001771  -101.32020  -101.32510  0.03647  -101.35667  -101.28373  0.99995  0.00141  0.00213  
3300     N/A    0.001671  -101.33034  -101.32691  0.03662  -101.36697  -101.29372  1.00003  0.00131  0.00203  
3350     N/A    0.001397  -101.35823  -101.35876  0.03505  -101.39328  -101.32318  0.99999  0.00105  0.00174  
3400     N/A    0.001643  -101.33326  -101.33075  0.03582  -101.36909  -101.29744  1.00002  0.00129  0.00200  
3450     N/A    0.001844  -101.31288  -101.30991  0.03578  -101.34865  -101.27710  1.00003  0.00149  0.00220  
3500     N/A    0.001556  -101.34202  -101.32795  0.03624  -101.37826  -101.30579  1.00014  0.00120  0.00191  
3550     N/A    0.001707  -101.32674  -101.31935  0.03584  -101.36258  -101.29090  1.00007  0.00135  0.00206  
3600     N/A    0.001635  -101.33407  -101.34580  0.03607  -101.37013  -101.29800  0.99988  0.00128  0.00199  
3650     N/A    0.001816  -101.31563  -101.32792  0.03595  -101.35158  -101.27968  0.99988  0.00146  0.00217  
3700     N/A    0.002004  -101.29658  -101.27239  0.03585  -101.33243  -101.26073  1.00024  0.00165  0.00236  
