nh: 45
samples1: 55000
samples2: 5000
burn_in: 500
steps: 100
Exact H:-101.5
   Fidelity  ROE       Mean      Median    CI Width LL on CI  UL on CI  mmRatio  Min Err  Max Err
50     N/A    0.033190  -98.13123  -98.39362  0.15446  -98.28570  -97.97677  0.99733  0.03167  0.03471  
100     N/A    0.020693  -99.39967  -99.57993  0.12911  -99.52878  -99.27056  0.99819  0.01942  0.02196  
150     N/A    0.014465  -100.03176  -100.13673  0.11196  -100.14372  -99.91980  0.99895  0.01336  0.01557  
200     N/A    0.010762  -100.40764  -100.48836  0.09524  -100.50288  -100.31241  0.99920  0.00982  0.01170  
250     N/A    0.008240  -100.66363  -100.71693  0.08506  -100.74869  -100.57857  0.99947  0.00740  0.00908  
300     N/A    0.007100  -100.77940  -100.84876  0.07787  -100.85727  -100.70152  0.99931  0.00633  0.00787  
350     N/A    0.005785  -100.91278  -100.99751  0.07388  -100.98665  -100.83890  0.99916  0.00506  0.00651  
400     N/A    0.005533  -100.93844  -100.98344  0.06812  -101.00655  -100.87032  0.99955  0.00486  0.00620  
450     N/A    0.005271  -100.96496  -101.03293  0.06811  -101.03307  -100.89685  0.99933  0.00460  0.00594  
500     N/A    0.004301  -101.06349  -101.08074  0.06322  -101.12671  -101.00027  0.99983  0.00368  0.00492  
550     N/A    0.003954  -101.09864  -101.12429  0.05978  -101.15842  -101.03886  0.99975  0.00337  0.00454  
600     N/A    0.003731  -101.12132  -101.16526  0.05768  -101.17900  -101.06364  0.99957  0.00316  0.00430  
650     N/A    0.003753  -101.11911  -101.14782  0.05567  -101.17478  -101.06344  0.99972  0.00320  0.00430  
700     N/A    0.003467  -101.14811  -101.16691  0.05326  -101.20137  -101.09485  0.99981  0.00294  0.00399  
750     N/A    0.003119  -101.18340  -101.22506  0.05198  -101.23539  -101.13142  0.99959  0.00261  0.00363  
800     N/A    0.003043  -101.19111  -101.24973  0.04885  -101.23996  -101.14225  0.99942  0.00256  0.00352  
850     N/A    0.002783  -101.21753  -101.25176  0.04634  -101.26387  -101.17120  0.99966  0.00233  0.00324  
900     N/A    0.002611  -101.23497  -101.26063  0.04502  -101.27999  -101.18995  0.99975  0.00217  0.00305  
950     N/A    0.002296  -101.26696  -101.31090  0.04434  -101.31130  -101.22262  0.99957  0.00186  0.00273  
1000     N/A    0.002320  -101.26448  -101.27901  0.04275  -101.30724  -101.22173  0.99986  0.00190  0.00274  
1050     N/A    0.002401  -101.25626  -101.29024  0.04377  -101.30003  -101.21249  0.99966  0.00197  0.00283  
1100     N/A    0.002175  -101.27922  -101.28133  0.04261  -101.32184  -101.23661  0.99998  0.00176  0.00259  
1150     N/A    0.002142  -101.28260  -101.29226  0.04038  -101.32298  -101.24222  0.99990  0.00174  0.00254  
1200     N/A    0.002118  -101.28506  -101.31298  0.04058  -101.32564  -101.24448  0.99972  0.00172  0.00252  
1250     N/A    0.001952  -101.30182  -101.31205  0.03943  -101.34126  -101.26239  0.99990  0.00156  0.00234  
1300     N/A    0.001783  -101.31902  -101.31068  0.03771  -101.35673  -101.28131  1.00008  0.00141  0.00215  
1350     N/A    0.001778  -101.31955  -101.32331  0.03779  -101.35734  -101.28176  0.99996  0.00141  0.00215  
1400     N/A    0.002059  -101.29103  -101.30008  0.03689  -101.32792  -101.25414  0.99991  0.00170  0.00242  
1450     N/A    0.001688  -101.32862  -101.34266  0.03625  -101.36487  -101.29238  0.99986  0.00133  0.00205  
1500     N/A    0.001803  -101.31700  -101.30639  0.03587  -101.35287  -101.28112  1.00010  0.00145  0.00216  
1550     N/A    0.001395  -101.35843  -101.36783  0.03686  -101.39529  -101.32157  0.99991  0.00103  0.00176  
1600     N/A    0.001812  -101.31605  -101.31484  0.03638  -101.35243  -101.27968  1.00001  0.00145  0.00217  
1650     N/A    0.001579  -101.33970  -101.34607  0.03591  -101.37560  -101.30379  0.99994  0.00123  0.00193  
1700     N/A    0.001874  -101.30981  -101.31656  0.03575  -101.34556  -101.27405  0.99993  0.00152  0.00223  
1750     N/A    0.001651  -101.33247  -101.31247  0.03504  -101.36751  -101.29743  1.00020  0.00131  0.00200  
1800     N/A    0.001651  -101.33244  -101.32480  0.03548  -101.36793  -101.29696  1.00008  0.00130  0.00200  
1850     N/A    0.001661  -101.33138  -101.35050  0.03601  -101.36739  -101.29538  0.99981  0.00131  0.00202  
1900     N/A    0.001829  -101.31435  -101.31640  0.03557  -101.34992  -101.27878  0.99998  0.00148  0.00218  
1950     N/A    0.001818  -101.31545  -101.33179  0.03487  -101.35032  -101.28057  0.99984  0.00147  0.00216  
2000     N/A    0.001261  -101.37197  -101.36227  0.03495  -101.40691  -101.33702  1.00010  0.00092  0.00161  
2050     N/A    0.001593  -101.33835  -101.32585  0.03558  -101.37394  -101.30277  1.00012  0.00124  0.00194  
2100     N/A    0.001759  -101.32143  -101.30726  0.03460  -101.35604  -101.28683  1.00014  0.00142  0.00210  
2150     N/A    0.001726  -101.32483  -101.31216  0.03557  -101.36040  -101.28926  1.00013  0.00138  0.00208  
2200     N/A    0.001766  -101.32075  -101.32374  0.03616  -101.35691  -101.28459  0.99997  0.00141  0.00212  
2250     N/A    0.001539  -101.34374  -101.33232  0.03570  -101.37945  -101.30804  1.00011  0.00119  0.00189  
2300     N/A    0.001691  -101.32837  -101.32059  0.03525  -101.36362  -101.29312  1.00008  0.00134  0.00204  
2350     N/A    0.001627  -101.33483  -101.35285  0.03497  -101.36981  -101.29986  0.99982  0.00128  0.00197  
2400     N/A    0.001544  -101.34323  -101.34040  0.03625  -101.37948  -101.30698  1.00003  0.00119  0.00190  
2450     N/A    0.001564  -101.34122  -101.34032  0.03526  -101.37648  -101.30596  1.00001  0.00122  0.00191  
2500     N/A    0.001768  -101.32055  -101.32227  0.03514  -101.35569  -101.28542  0.99998  0.00142  0.00211  
2550     N/A    0.001286  -101.36949  -101.36722  0.03547  -101.40496  -101.33402  1.00002  0.00094  0.00164  
2600     N/A    0.001815  -101.31577  -101.33088  0.03555  -101.35132  -101.28022  0.99985  0.00146  0.00217  
2650     N/A    0.001730  -101.32438  -101.34488  0.03547  -101.35985  -101.28891  0.99980  0.00138  0.00208  
2700     N/A    0.001664  -101.33109  -101.33103  0.03546  -101.36655  -101.29563  1.00000  0.00131  0.00201  
2750     N/A    0.001687  -101.32880  -101.33971  0.03457  -101.36338  -101.29423  0.99989  0.00135  0.00203  
2800     N/A    0.001485  -101.34931  -101.34992  0.03571  -101.38502  -101.31360  0.99999  0.00113  0.00184  
2850     N/A    0.001510  -101.34674  -101.34573  0.03542  -101.38216  -101.31132  1.00001  0.00116  0.00186  
2900     N/A    0.001606  -101.33696  -101.32274  0.03549  -101.37245  -101.30147  1.00014  0.00126  0.00196  
2950     N/A    0.001689  -101.32855  -101.33042  0.03549  -101.36404  -101.29306  0.99998  0.00134  0.00204  
3000     N/A    0.001850  -101.31219  -101.30759  0.03611  -101.34830  -101.27608  1.00005  0.00149  0.00221  
3050     N/A    0.001543  -101.34336  -101.34258  0.03482  -101.37819  -101.30854  1.00001  0.00120  0.00189  
3100     N/A    0.001846  -101.31267  -101.31678  0.03527  -101.34794  -101.27740  0.99996  0.00150  0.00219  
3150     N/A    0.001750  -101.32235  -101.31414  0.03499  -101.35734  -101.28735  1.00008  0.00141  0.00210  
3200     N/A    0.001596  -101.33804  -101.34055  0.03547  -101.37352  -101.30257  0.99998  0.00125  0.00195  
3250     N/A    0.001702  -101.32726  -101.33818  0.03557  -101.36283  -101.29169  0.99989  0.00135  0.00205  
3300     N/A    0.001575  -101.34016  -101.34021  0.03581  -101.37596  -101.30435  1.00000  0.00122  0.00193  
3350     N/A    0.001688  -101.32870  -101.33495  0.03499  -101.36370  -101.29371  0.99994  0.00134  0.00203  
3400     N/A    0.001636  -101.33398  -101.34613  0.03517  -101.36914  -101.29881  0.99988  0.00129  0.00198  
3450     N/A    0.001559  -101.34176  -101.32496  0.03587  -101.37763  -101.30589  1.00017  0.00121  0.00191  
3500     N/A    0.001671  -101.33036  -101.32096  0.03533  -101.36568  -101.29503  1.00009  0.00132  0.00202  
