nh: 45
samples1: 52500
samples2: 5000
burn_in: 500
steps: 100
Exact H:-101.5
   Fidelity  ROE       Mean      Median    CI Width LL on CI  UL on CI  mmRatio  Min Err  Max Err
50     N/A    0.034007  -98.04833  -98.23278  0.16163  -98.20996  -97.88669  0.99812  0.03241  0.03560  
100     N/A    0.021918  -99.27531  -99.43584  0.13185  -99.40716  -99.14347  0.99839  0.02062  0.02322  
150     N/A    0.016794  -99.79540  -99.88251  0.11716  -99.91256  -99.67824  0.99913  0.01564  0.01795  
200     N/A    0.012891  -100.19156  -100.26662  0.10711  -100.29866  -100.08445  0.99925  0.01184  0.01395  
250     N/A    0.010900  -100.39367  -100.50374  0.09964  -100.49331  -100.29403  0.99890  0.00992  0.01188  
300     N/A    0.009601  -100.52551  -100.61130  0.09271  -100.61822  -100.43280  0.99915  0.00869  0.01051  
350     N/A    0.008206  -100.66706  -100.73489  0.08532  -100.75238  -100.58174  0.99933  0.00737  0.00905  
400     N/A    0.007290  -100.76006  -100.85283  0.08211  -100.84217  -100.67796  0.99908  0.00648  0.00810  
450     N/A    0.006960  -100.79359  -100.83700  0.07725  -100.87084  -100.71634  0.99957  0.00620  0.00772  
500     N/A    0.006040  -100.88697  -100.94590  0.07444  -100.96142  -100.81253  0.99942  0.00531  0.00677  
550     N/A    0.005030  -100.98950  -101.03763  0.06980  -101.05930  -100.91970  0.99952  0.00434  0.00572  
600     N/A    0.004582  -101.03496  -101.10321  0.06527  -101.10023  -100.96969  0.99932  0.00394  0.00522  
650     N/A    0.004397  -101.05373  -101.09214  0.06194  -101.11567  -100.99179  0.99962  0.00379  0.00501  
700     N/A    0.003889  -101.10526  -101.11843  0.05965  -101.16491  -101.04561  0.99987  0.00330  0.00448  
750     N/A    0.003667  -101.12780  -101.16018  0.05754  -101.18534  -101.07026  0.99968  0.00310  0.00423  
800     N/A    0.003701  -101.12432  -101.16268  0.05654  -101.18086  -101.06778  0.99962  0.00314  0.00426  
850     N/A    0.003393  -101.15560  -101.17372  0.05352  -101.20911  -101.10208  0.99982  0.00287  0.00392  
900     N/A    0.003211  -101.17413  -101.19775  0.05174  -101.22587  -101.12239  0.99977  0.00270  0.00372  
950     N/A    0.002634  -101.23268  -101.24767  0.05044  -101.28311  -101.18224  0.99985  0.00214  0.00313  
1000     N/A    0.002877  -101.20794  -101.21839  0.04805  -101.25599  -101.15990  0.99990  0.00240  0.00335  
1050     N/A    0.002674  -101.22861  -101.27220  0.04779  -101.27641  -101.18082  0.99957  0.00220  0.00314  
1100     N/A    0.002877  -101.20803  -101.23091  0.04694  -101.25498  -101.16109  0.99977  0.00241  0.00334  
1150     N/A    0.002608  -101.23532  -101.28603  0.04540  -101.28072  -101.18993  0.99950  0.00216  0.00305  
1200     N/A    0.002512  -101.24507  -101.24927  0.04312  -101.28819  -101.20195  0.99996  0.00209  0.00294  
1250     N/A    0.002230  -101.27365  -101.30557  0.04301  -101.31666  -101.23064  0.99968  0.00181  0.00265  
1300     N/A    0.002280  -101.26861  -101.28389  0.04313  -101.31174  -101.22547  0.99985  0.00185  0.00270  
1350     N/A    0.001922  -101.30488  -101.32453  0.04309  -101.34797  -101.26179  0.99981  0.00150  0.00235  
1400     N/A    0.002032  -101.29375  -101.29973  0.04111  -101.33486  -101.25264  0.99994  0.00163  0.00244  
1450     N/A    0.001943  -101.30275  -101.31557  0.04093  -101.34369  -101.26182  0.99987  0.00154  0.00235  
1500     N/A    0.002176  -101.27919  -101.28393  0.04067  -101.31985  -101.23852  0.99995  0.00177  0.00258  
1550     N/A    0.002019  -101.29507  -101.30146  0.04048  -101.33555  -101.25459  0.99994  0.00162  0.00242  
1600     N/A    0.001940  -101.30310  -101.28148  0.04037  -101.34347  -101.26273  1.00021  0.00154  0.00234  
1650     N/A    0.002063  -101.29057  -101.29326  0.04016  -101.33073  -101.25041  0.99997  0.00167  0.00246  
1700     N/A    0.001822  -101.31505  -101.30682  0.04007  -101.35511  -101.27498  1.00008  0.00143  0.00222  
1750     N/A    0.002204  -101.27633  -101.26829  0.03989  -101.31622  -101.23644  1.00008  0.00181  0.00260  
1800     N/A    0.001901  -101.30705  -101.32201  0.04023  -101.34728  -101.26681  0.99985  0.00150  0.00230  
1850     N/A    0.001929  -101.30425  -101.30754  0.03968  -101.34394  -101.26457  0.99997  0.00154  0.00232  
1900     N/A    0.001879  -101.30926  -101.32373  0.03902  -101.34828  -101.27024  0.99986  0.00149  0.00226  
1950     N/A    0.002037  -101.29320  -101.31456  0.03969  -101.33289  -101.25352  0.99979  0.00165  0.00243  
2000     N/A    0.001686  -101.32892  -101.32526  0.03882  -101.36774  -101.29010  1.00004  0.00130  0.00207  
2050     N/A    0.001983  -101.29877  -101.30171  0.03883  -101.33761  -101.25994  0.99997  0.00160  0.00237  
2100     N/A    0.002066  -101.29027  -101.29338  0.03833  -101.32861  -101.25194  0.99997  0.00169  0.00244  
2150     N/A    0.001892  -101.30801  -101.30655  0.03796  -101.34596  -101.27005  1.00001  0.00152  0.00227  
2200     N/A    0.001926  -101.30450  -101.30794  0.03856  -101.34306  -101.26594  0.99997  0.00155  0.00231  
2250     N/A    0.002159  -101.28091  -101.27019  0.03838  -101.31929  -101.24252  1.00011  0.00178  0.00254  
2300     N/A    0.001804  -101.31686  -101.31992  0.03832  -101.35518  -101.27854  0.99997  0.00143  0.00218  
2350     N/A    0.001872  -101.31002  -101.30875  0.03894  -101.34895  -101.27108  1.00001  0.00149  0.00226  
2400     N/A    0.001845  -101.31271  -101.30651  0.03834  -101.35105  -101.27437  1.00006  0.00147  0.00222  
2450     N/A    0.001780  -101.31933  -101.32924  0.03757  -101.35690  -101.28175  0.99990  0.00141  0.00215  
2500     N/A    0.001871  -101.31010  -101.30664  0.03752  -101.34762  -101.27258  1.00003  0.00150  0.00224  
2550     N/A    0.001735  -101.32391  -101.33976  0.03811  -101.36202  -101.28580  0.99984  0.00136  0.00211  
2600     N/A    0.001689  -101.32854  -101.33307  0.03785  -101.36639  -101.29069  0.99996  0.00132  0.00206  
2650     N/A    0.001606  -101.33700  -101.34285  0.03748  -101.37448  -101.29952  0.99994  0.00124  0.00198  
2700     N/A    0.002054  -101.29156  -101.30090  0.03855  -101.33010  -101.25301  0.99991  0.00167  0.00243  
2750     N/A    0.001959  -101.30118  -101.30999  0.03716  -101.33833  -101.26402  0.99991  0.00159  0.00232  
2800     N/A    0.001915  -101.30566  -101.29956  0.03714  -101.34280  -101.26852  1.00006  0.00155  0.00228  
2850     N/A    0.001837  -101.31351  -101.29842  0.03757  -101.35108  -101.27593  1.00015  0.00147  0.00221  
2900     N/A    0.001738  -101.32355  -101.31589  0.03655  -101.36010  -101.28700  1.00008  0.00138  0.00210  
2950     N/A    0.001560  -101.34162  -101.33824  0.03698  -101.37860  -101.30465  1.00003  0.00120  0.00192  
