nh: 45
samples1: 77500
samples2: 5000
burn_in: 500
steps: 100
Exact H:-101.5
   Fidelity  ROE       Mean      Median    CI Width LL on CI  UL on CI  mmRatio  Min Err  Max Err
20     N/A    0.047478  -96.68095  -96.89453  0.18559  -96.86653  -96.49536  0.99780  0.04565  0.04931  
40     N/A    0.030063  -98.44856  -98.59684  0.15398  -98.60254  -98.29457  0.99850  0.02855  0.03158  
60     N/A    0.022265  -99.24009  -99.43234  0.13087  -99.37096  -99.10921  0.99807  0.02098  0.02355  
80     N/A    0.017033  -99.77119  -99.87268  0.12103  -99.89222  -99.65016  0.99898  0.01584  0.01822  
100     N/A    0.014038  -100.07513  -100.21285  0.11227  -100.18739  -99.96286  0.99863  0.01293  0.01514  
120     N/A    0.011914  -100.29073  -100.37102  0.10039  -100.39112  -100.19034  0.99920  0.01092  0.01290  
140     N/A    0.010990  -100.38452  -100.46580  0.09667  -100.48118  -100.28785  0.99919  0.01004  0.01194  
160     N/A    0.009733  -100.51207  -100.58352  0.09257  -100.60465  -100.41950  0.99929  0.00882  0.01065  
180     N/A    0.008152  -100.67255  -100.74035  0.08545  -100.75800  -100.58710  0.99933  0.00731  0.00899  
200     N/A    0.007693  -100.71919  -100.80426  0.08123  -100.80042  -100.63796  0.99916  0.00689  0.00849  
220     N/A    0.006527  -100.83751  -100.92817  0.07960  -100.91711  -100.75790  0.99910  0.00574  0.00731  
240     N/A    0.006115  -100.87938  -100.90753  0.07480  -100.95418  -100.80457  0.99972  0.00538  0.00685  
260     N/A    0.005267  -100.96541  -100.99681  0.07069  -101.03609  -100.89472  0.99969  0.00457  0.00596  
280     N/A    0.004697  -101.02327  -101.03911  0.06892  -101.09219  -100.95436  0.99984  0.00402  0.00538  
300     N/A    0.004987  -100.99378  -101.03629  0.06595  -101.05974  -100.92783  0.99958  0.00434  0.00564  
320     N/A    0.004382  -101.05521  -101.10037  0.06355  -101.11876  -100.99167  0.99955  0.00376  0.00501  
340     N/A    0.003983  -101.09572  -101.13691  0.06054  -101.15626  -101.03518  0.99959  0.00339  0.00458  
360     N/A    0.003832  -101.11109  -101.15054  0.05779  -101.16889  -101.05330  0.99961  0.00326  0.00440  
380     N/A    0.003542  -101.14044  -101.19824  0.05607  -101.19651  -101.08437  0.99943  0.00299  0.00409  
400     N/A    0.003286  -101.16645  -101.19561  0.05507  -101.22152  -101.11138  0.99971  0.00274  0.00383  
420     N/A    0.002969  -101.19863  -101.26866  0.05420  -101.25284  -101.14443  0.99931  0.00244  0.00350  
440     N/A    0.002957  -101.19982  -101.25996  0.05028  -101.25010  -101.14954  0.99941  0.00246  0.00345  
460     N/A    0.002757  -101.22017  -101.24219  0.04911  -101.26928  -101.17106  0.99978  0.00227  0.00324  
480     N/A    0.002369  -101.25959  -101.29542  0.04881  -101.30840  -101.21078  0.99965  0.00189  0.00285  
500     N/A    0.002607  -101.23535  -101.25986  0.04603  -101.28138  -101.18931  0.99976  0.00215  0.00306  
520     N/A    0.002275  -101.26904  -101.29077  0.04446  -101.31351  -101.22458  0.99979  0.00184  0.00271  
540     N/A    0.002157  -101.28106  -101.30865  0.04369  -101.32475  -101.23737  0.99973  0.00173  0.00259  
560     N/A    0.001995  -101.29749  -101.33295  0.04238  -101.33987  -101.25510  0.99965  0.00158  0.00241  
580     N/A    0.001902  -101.30698  -101.31088  0.04046  -101.34744  -101.26652  0.99996  0.00150  0.00230  
600     N/A    0.001974  -101.29969  -101.30692  0.03933  -101.33902  -101.26036  0.99993  0.00159  0.00236  
620     N/A    0.001657  -101.33177  -101.34109  0.03855  -101.37031  -101.29322  0.99991  0.00128  0.00204  
640     N/A    0.001542  -101.34352  -101.35823  0.03805  -101.38157  -101.30546  0.99985  0.00117  0.00192  
660     N/A    0.001757  -101.32168  -101.32999  0.03701  -101.35869  -101.28466  0.99992  0.00139  0.00212  
680     N/A    0.001805  -101.31683  -101.33600  0.03677  -101.35360  -101.28007  0.99981  0.00144  0.00217  
700     N/A    0.001646  -101.33289  -101.33415  0.03621  -101.36910  -101.29668  0.99999  0.00129  0.00200  
720     N/A    0.001788  -101.31851  -101.32028  0.03560  -101.35411  -101.28291  0.99998  0.00144  0.00214  
740     N/A    0.001667  -101.33084  -101.34910  0.03519  -101.36602  -101.29565  0.99982  0.00132  0.00201  
760     N/A    0.001710  -101.32642  -101.31613  0.03459  -101.36101  -101.29182  1.00010  0.00137  0.00205  
780     N/A    0.001769  -101.32046  -101.34614  0.03469  -101.35515  -101.28577  0.99975  0.00143  0.00211  
800     N/A    0.001344  -101.36354  -101.38883  0.03520  -101.39874  -101.32834  0.99975  0.00100  0.00169  
820     N/A    0.001791  -101.31822  -101.32259  0.03419  -101.35241  -101.28403  0.99996  0.00145  0.00213  
840     N/A    0.001356  -101.36239  -101.35242  0.03409  -101.39648  -101.32830  1.00010  0.00102  0.00169  
860     N/A    0.001579  -101.33971  -101.32803  0.03339  -101.37309  -101.30632  1.00012  0.00125  0.00191  
880     N/A    0.001713  -101.32608  -101.33499  0.03358  -101.35966  -101.29250  0.99991  0.00138  0.00204  
900     N/A    0.001445  -101.35334  -101.35312  0.03376  -101.38710  -101.31958  1.00000  0.00111  0.00178  
920     N/A    0.001607  -101.33687  -101.34097  0.03349  -101.37036  -101.30338  0.99996  0.00128  0.00194  
940     N/A    0.001260  -101.37207  -101.35893  0.03310  -101.40517  -101.33897  1.00013  0.00093  0.00159  
960     N/A    0.001457  -101.35214  -101.35967  0.03365  -101.38580  -101.31849  0.99993  0.00113  0.00179  
980     N/A    0.001480  -101.34977  -101.34636  0.03309  -101.38285  -101.31668  1.00003  0.00115  0.00181  
1000     N/A    0.001498  -101.34800  -101.34694  0.03291  -101.38091  -101.31508  1.00001  0.00117  0.00182  
1020     N/A    0.001253  -101.37283  -101.37628  0.03272  -101.40555  -101.34011  0.99997  0.00093  0.00158  
1040     N/A    0.001401  -101.35781  -101.36529  0.03317  -101.39098  -101.32465  0.99993  0.00107  0.00173  
1060     N/A    0.001552  -101.34246  -101.34677  0.03289  -101.37535  -101.30957  0.99996  0.00123  0.00188  
1080     N/A    0.001570  -101.34065  -101.34099  0.03241  -101.37305  -101.30824  1.00000  0.00125  0.00189  
1100     N/A    0.001401  -101.35775  -101.35705  0.03293  -101.39068  -101.32481  1.00001  0.00108  0.00173  
1120     N/A    0.001410  -101.35687  -101.35655  0.03226  -101.38913  -101.32461  1.00000  0.00109  0.00173  
