Batch size is 16
Epoch & Fidelity & Runtime
100 0.798677 12.965096
200 0.885295 25.949517
300 0.920197 38.91472
400 0.939872 51.855587
500 0.949299 64.824569
600 0.958877 77.814062
700 0.963124 90.899501
800 0.970255 104.019408
900 0.971182 117.124281
1000 0.974158 130.281772
1100 0.975653 143.435248
1200 0.973254 156.6295
1300 0.976101 169.80978

Batch size is 32
Epoch & Fidelity & Runtime
100 0.679221 6.958795
200 0.734068 13.951237
300 0.788763 20.913607
400 0.838721 27.891958
500 0.864269 34.841783
600 0.877117 41.747053
700 0.889192 48.670573
800 0.896509 55.594307
900 0.9018 62.565788
1000 0.906693 69.533749
1100 0.908565 76.481955
1200 0.913695 83.436882
1300 0.9185 90.388286
1400 0.921151 97.378567
1500 0.922303 104.396814
1600 0.923101 111.402223
1700 0.922605 118.426509
1800 0.922183 125.393494
1900 0.923378 132.384313
2000 0.92801 139.301359
2100 0.92524 146.306676
2200 0.930015 153.288429
2300 0.929893 160.243354
2400 0.930983 167.153818
2500 0.931503 174.077013

Batch size is 64
Epoch & Fidelity & Runtime
100 0.530295 3.746987
200 0.68353 7.435283
300 0.736325 11.131854
400 0.770111 14.840541
500 0.797566 18.527073
600 0.820827 22.235102
700 0.840925 25.952081
800 0.852686 29.675098
900 0.860448 33.365146
1000 0.870788 37.039819
1100 0.874874 40.73049
1200 0.881075 44.431383
1300 0.884601 48.153517
1400 0.894581 51.906201
1500 0.904874 55.630009
1600 0.913517 59.347659
1700 0.919617 63.131771
1800 0.925263 67.03894
1900 0.929591 70.911315
2000 0.93388 74.728939
2100 0.93622 78.450841
2200 0.93886 82.15095
2300 0.943147 85.851975
2400 0.944825 89.553652
2500 0.945784 93.243562
2600 0.947576 96.931803
2700 0.949164 100.63573
2800 0.95126 104.307334
2900 0.951295 107.950791
3000 0.954754 111.631725
3100 0.955753 115.329916
3200 0.956832 119.036729
3300 0.960579 122.699848
3400 0.957864 126.382623
3500 0.959334 130.061946
3600 0.960126 133.746602
3700 0.959247 137.452641
3800 0.960371 141.161692
3900 0.964142 144.845529
4000 0.964692 148.539159
4100 0.964765 152.262356
4200 0.965402 155.955762
4300 0.965242 159.650119
4400 0.967262 163.347172
4500 0.968799 167.016143
4600 0.971167 170.716115
4700 0.97058 174.412743
4800 0.971661 178.107743

Batch size is 128
Epoch & Fidelity & Runtime
100 0.458237 2.135491
200 0.573889 4.217343
300 0.646117 6.29953
400 0.685405 8.361517
500 0.708892 10.421223
600 0.725825 12.502038
700 0.742256 14.567087
800 0.762282 16.621331
900 0.783155 18.685899
1000 0.803794 20.769207
1100 0.82157 22.825272
1200 0.837046 24.893711
1300 0.85111 26.965762
1400 0.86187 29.059063
1500 0.872395 31.124419
1600 0.881921 33.178058
1700 0.889837 35.248759
1800 0.897438 37.326976
1900 0.902873 39.402197
2000 0.907108 41.461778
2100 0.911943 43.544422
2200 0.917178 45.612164
2300 0.921403 47.67892
2400 0.924738 49.778131
2500 0.928437 51.86329
2600 0.931407 53.935433
2700 0.933445 55.984622
2800 0.936247 58.037469
2900 0.938382 60.076992
3000 0.940616 62.132107
3100 0.942539 64.209216
3200 0.944341 66.27028
3300 0.945403 68.320994
3400 0.947728 70.372576
3500 0.949377 72.439211
3600 0.949438 74.473396
3700 0.951368 76.510703
3800 0.952694 78.551509
3900 0.953874 80.582747
4000 0.955314 82.622606
4100 0.955375 84.6565
4200 0.956641 86.693957
4300 0.957146 88.743283
4400 0.95843 90.784449
4500 0.959358 92.833718
4600 0.960807 94.895144
4700 0.961441 96.955144
4800 0.96159 99.021475
4900 0.962335 101.099212
5000 0.962533 103.166452
5100 0.963628 105.220696
5200 0.964638 107.273484
5300 0.965399 109.337575
5400 0.965756 111.400495
5500 0.966044 113.445536
5600 0.96667 115.505233
5700 0.96729 117.568732
5800 0.968107 119.636102
5900 0.968525 121.702939
6000 0.968928 123.755098
6100 0.968941 125.797016
6200 0.969624 127.845377
6300 0.969937 129.912224
6400 0.969803 131.97103
6500 0.970159 134.029134
6600 0.970422 136.09901
6700 0.970571 138.171584
6800 0.971329 140.22619
6900 0.97082 142.287253
7000 0.971221 144.344245
7100 0.972279 146.418876
7200 0.97262 148.477607
7300 0.972512 150.524617
7400 0.973198 152.597622
7500 0.973331 154.671631
7600 0.973809 156.747724
7700 0.974709 158.812014
7800 0.974469 160.864199
7900 0.974814 162.916698
8000 0.974851 165.00147
8100 0.975347 167.101607
8200 0.975224 169.19497
8300 0.975676 171.258078
8400 0.975504 173.318264
8500 0.976009 175.368494
8600 0.976246 177.441609
8700 0.976422 179.508439

Batch size is 256
Epoch & Fidelity & Runtime
100 0.410678 1.279563
200 0.463661 2.550331
300 0.517724 3.79653
400 0.575073 5.041138
500 0.620104 6.280307
600 0.65142 7.520693
700 0.672443 8.746155
800 0.688039 9.981359
900 0.701656 11.202411
1000 0.71345 12.436839
1100 0.724746 13.67059
1200 0.73737 14.908375
1300 0.747601 16.129335
1400 0.760138 17.347071
1500 0.771546 18.569311
1600 0.784447 19.803144
1700 0.794873 21.039752
1800 0.804723 22.278937
1900 0.815552 23.521632
2000 0.822939 24.765072
2100 0.830954 25.996386
2200 0.837099 27.248864
2300 0.842912 28.482951
2400 0.848667 29.721013
2500 0.853492 30.96102
2600 0.85844 32.196369
2700 0.862695 33.443944
2800 0.866219 34.680801
2900 0.870377 35.931942
3000 0.875059 37.176962
3100 0.877646 38.430752
3200 0.881279 39.671359
3300 0.884443 40.914714
3400 0.887922 42.169415
3500 0.890833 43.414594
3600 0.89428 44.650716
3700 0.896962 45.88161
3800 0.899826 47.123824
3900 0.902282 48.370975
4000 0.90479 49.614764
4100 0.906699 50.854498
4200 0.909067 52.105713
4300 0.911668 53.34713
4400 0.913746 54.596521
4500 0.916196 55.843099
4600 0.918009 57.107397
4700 0.920007 58.342622
4800 0.921771 59.582402
4900 0.923672 60.835449
5000 0.925623 62.080393
5100 0.927289 63.327816
5200 0.928651 64.575288
5300 0.930448 65.823922
5400 0.93141 67.06971
5500 0.933078 68.320045
5600 0.934323 69.568286
5700 0.935543 70.818415
5800 0.936694 72.07225
5900 0.937943 73.314878
6000 0.939205 74.55349
6100 0.94001 75.791063
6200 0.941078 77.032705
6300 0.942346 78.276905
6400 0.942785 79.51309
6500 0.9432 80.747696
6600 0.944178 81.976486
6700 0.945133 83.211965
6800 0.946781 84.435553
6900 0.947065 85.664016
7000 0.947861 86.890474
7100 0.948981 88.126908
7200 0.949687 89.357485
7300 0.950512 90.591492
7400 0.951135 91.822454
7500 0.95129 93.057962
7600 0.9521 94.30095
7700 0.952367 95.534581
7800 0.953101 96.762361
7900 0.953677 98.006476
8000 0.954317 99.241732
8100 0.955274 100.469318
8200 0.955638 101.701099
8300 0.956068 102.939675
8400 0.956196 104.177296
8500 0.957094 105.415014
8600 0.957455 106.660919
8700 0.958031 107.912015
8800 0.958159 109.158527
8900 0.958817 110.410666
9000 0.959078 111.665337
9100 0.959696 112.919497
9200 0.960125 114.158865
9300 0.960456 115.39926
9400 0.961094 116.651868
9500 0.960734 117.938796
9600 0.96112 119.175492
9700 0.961688 120.413552
9800 0.962033 121.652912
9900 0.962381 122.889341
10000 0.962868 124.115922
10100 0.962725 125.359308
10200 0.962971 126.595995
10300 0.963673 127.835154
10400 0.96464 129.073286
10500 0.965034 130.315166
10600 0.964577 131.559629
10700 0.965125 132.820199
10800 0.964464 134.070373
10900 0.964502 135.310529
11000 0.965167 136.554473
11100 0.964785 137.79694
11200 0.965178 139.045808
11300 0.965574 140.288405
11400 0.965729 141.524812
11500 0.966702 142.767395
11600 0.96629 144.012074
11700 0.966443 145.255592
11800 0.966733 146.495064
11900 0.966789 147.740476
12000 0.966848 148.986892
12100 0.967237 150.242984
12200 0.967357 151.489419
12300 0.967874 152.729088
12400 0.968421 153.972911
12500 0.969351 155.244171
12600 0.969366 156.516643
12700 0.969259 157.773228
12800 0.969268 159.021537
12900 0.969607 160.264738
13000 0.970048 161.501827
13100 0.970392 162.771936
13200 0.970731 164.027417
13300 0.970856 165.273752
13400 0.97078 166.532153
13500 0.970574 167.791602
13600 0.971097 169.042996
13700 0.970973 170.296123
13800 0.971349 171.546634
13900 0.971709 172.80459
14000 0.971516 174.056843
14100 0.971453 175.312108
14200 0.971722 176.559445
14300 0.971605 177.820854
14400 0.971444 179.068513

Batch size is 512
Epoch & Fidelity & Runtime
100 0.391919 0.868511
200 0.418341 1.718201
300 0.453349 2.554197
400 0.492768 3.383687
500 0.531928 4.221923
600 0.566741 5.045987
700 0.594795 5.867849
800 0.617788 6.665021
900 0.636947 7.465544
1000 0.651548 8.261702
1100 0.664682 9.065204
1200 0.675332 9.866316
1300 0.684101 10.672899
1400 0.691964 11.479828
1500 0.699273 12.298505
1600 0.705303 13.102293
1700 0.710637 13.910244
1800 0.715831 14.71842
1900 0.720448 15.526474
2000 0.725203 16.336282
2100 0.730347 17.143081
2200 0.734891 17.957983
2300 0.739144 18.76821
2400 0.744098 19.576801
2500 0.748759 20.388058
2600 0.754163 21.199878
2700 0.759194 22.00909
2800 0.763792 22.814617
2900 0.769324 23.625065
3000 0.775604 24.43856
3100 0.780473 25.250755
3200 0.785238 26.054316
3300 0.790109 26.870394
3400 0.794537 27.67217
3500 0.79924 28.475777
3600 0.804216 29.279483
3700 0.808348 30.084008
3800 0.813039 30.89117
3900 0.817156 31.711505
4000 0.820592 32.52614
4100 0.823873 33.338062
4200 0.827716 34.137975
4300 0.831211 34.931389
4400 0.833668 35.727862
4500 0.837337 36.537853
4600 0.840831 37.340704
4700 0.843217 38.141403
4800 0.845627 38.948194
4900 0.848989 39.755847
5000 0.85147 40.561012
5100 0.854273 41.365078
5200 0.856885 42.170014
5300 0.860084 42.969473
5400 0.86148 43.772719
5500 0.863886 44.570897
5600 0.866005 45.367382
5700 0.86811 46.159238
5800 0.870065 46.961522
5900 0.87198 47.760503
6000 0.874781 48.551678
6100 0.87619 49.340056
6200 0.878265 50.126613
6300 0.879905 50.923589
6400 0.881772 51.727673
6500 0.883449 52.52688
6600 0.885215 53.32808
6700 0.887069 54.130031
6800 0.88897 54.93297
6900 0.89003 55.73674
7000 0.891758 56.546639
7100 0.893161 57.370311
7200 0.894903 58.186777
7300 0.896221 58.989521
7400 0.897322 59.800758
7500 0.898555 60.621021
7600 0.899784 61.432409
7700 0.901311 62.247349
7800 0.902198 63.052788
7900 0.903206 63.862681
8000 0.904561 64.668912
8100 0.905704 65.4642
8200 0.906556 66.27006
8300 0.907347 67.077879
8400 0.908555 67.874252
8500 0.909748 68.672515
8600 0.91059 69.485269
8700 0.911275 70.295218
8800 0.912687 71.094752
8900 0.913941 71.90362
9000 0.914497 72.702669
9100 0.914959 73.505099
9200 0.916019 74.307512
9300 0.916589 75.11544
9400 0.918061 75.921224
9500 0.918426 76.726191
9600 0.919255 77.521202
9700 0.919904 78.318754
9800 0.920322 79.115655
9900 0.920627 79.914133
10000 0.921009 80.712462
10100 0.921739 81.522212
10200 0.922227 82.323837
10300 0.923192 83.126412
10400 0.923874 83.932242
10500 0.924536 84.737084
10600 0.925317 85.538369
10700 0.925838 86.331305
10800 0.926319 87.139254
10900 0.926461 87.921422
11000 0.926913 88.709427
11100 0.92759 89.505905
11200 0.92815 90.29967
11300 0.928812 91.093716
11400 0.929346 91.887204
11500 0.929248 92.689872
11600 0.929563 93.487025
11700 0.929949 94.282091
11800 0.929832 95.0866
11900 0.930215 95.881252
12000 0.930681 96.683531
12100 0.931274 97.487723
12200 0.931414 98.294758
12300 0.932278 99.087461
12400 0.932596 99.882646
12500 0.932847 100.678744
12600 0.93342 101.477876
12700 0.933751 102.294591
12800 0.933841 103.102516
12900 0.934165 103.90558
13000 0.934403 104.706198
13100 0.934548 105.508666
13200 0.935484 106.309448
13300 0.935403 107.116186
13400 0.935376 107.921687
13500 0.935731 108.729681
13600 0.936561 109.533351
13700 0.936566 110.337339
13800 0.937226 111.14719
13900 0.937827 111.944375
14000 0.937984 112.748698
14100 0.937799 113.552392
14200 0.938089 114.354792
14300 0.938449 115.161517
14400 0.938226 115.964514
14500 0.93735 116.784146
14600 0.938043 117.59343
14700 0.938411 118.398785
14800 0.9383 119.200549
14900 0.938646 120.007467
15000 0.93933 120.810025
15100 0.939612 121.610644
15200 0.939522 122.414572
15300 0.939655 123.216722
15400 0.939666 124.025427
15500 0.939591 124.832575
15600 0.939222 125.645958
15700 0.939251 126.452948
15800 0.939839 127.250582
15900 0.940607 128.050785
16000 0.940935 128.84998
16100 0.940594 129.65117
16200 0.940618 130.454084
16300 0.940609 131.256606
16400 0.940676 132.067761
16500 0.940891 132.860402
16600 0.941438 133.656147
16700 0.941645 134.453416
16800 0.941603 135.246721
16900 0.941969 136.036946
17000 0.94241 136.836286
17100 0.941488 137.636458
17200 0.941809 138.435282
17300 0.941956 139.228238
17400 0.94219 140.021856
17500 0.941805 140.817479
17600 0.942025 141.621222
17700 0.942329 142.443505
17800 0.942464 143.253775
17900 0.942547 144.056093
18000 0.942706 144.854667
18100 0.942948 145.655145
18200 0.943275 146.453344
18300 0.9432 147.266862
18400 0.943275 148.069242
18500 0.943555 148.875664
18600 0.943734 149.671144
18700 0.943918 150.460364
18800 0.943575 151.259867
18900 0.943717 152.052601
19000 0.943536 152.860347
19100 0.943575 153.67716
19200 0.943405 154.482721
19300 0.943373 155.278059
19400 0.943466 156.077641
19500 0.94347 156.874093
19600 0.943597 157.671696
19700 0.943825 158.469612
19800 0.944134 159.267984
19900 0.944251 160.068562
20000 0.944541 160.871472
20100 0.944354 161.675161
20200 0.944536 162.492123
20300 0.94466 163.292533
20400 0.945017 164.081501
20500 0.945207 164.8768
20600 0.945586 165.671092
20700 0.945038 166.472827
20800 0.944991 167.276674
20900 0.944721 168.080824
21000 0.944322 168.880483
21100 0.944495 169.680285
21200 0.944159 170.483917
21300 0.943965 171.290308
21400 0.944259 172.096552
21500 0.944798 172.912283
21600 0.944843 173.718395
21700 0.944646 174.518493
21800 0.944672 175.317581
21900 0.944897 176.121433
22000 0.945884 176.935877
22100 0.945869 177.741067
22200 0.94618 178.535555
22300 0.945816 179.324008
