Batch size is 128

Optimizer is Adadelta
Epoch & Fidelity & Runtime 
100 0.782386 11.213832
200 0.703357 22.407289
300 0.453411 33.63306
400 0.316317 44.857615
500 0.232055 56.052842
600 0.200366 67.263165
700 0.196855 78.521836
800 0.1628 89.733958
900 0.160287 100.950538
1000 0.169146 112.187249

Optimizer is Adam
Epoch & Fidelity & Runtime 
100 0.683251 11.313595
200 0.837639 22.142692
300 0.840399 33.022367
400 0.81765 43.928653
500 0.815503 54.836512
600 0.788589 65.766794
700 0.688595 76.661046
800 0.552009 87.6125
900 0.551573 98.536902
1000 0.499629 109.450458

Optimizer is Adamax
Epoch & Fidelity & Runtime 
100 0.589721 12.52601
200 0.739177 24.578271
300 0.812215 36.825451
400 0.822267 48.939854
500 0.808273 61.095599
600 0.752581 73.238286
700 0.658924 85.369587
800 0.538857 97.516238
900 0.420767 109.682054
1000 0.316074 121.820864

Optimizer is RMSprop
Epoch & Fidelity & Runtime 
100 0.002217 10.984431
200 0.0 21.540665
300 0.0 32.141466
400 0.0 42.800173
500 0.0 53.395166
600 0.0 64.024907
700 0.0 74.669277
800 0.0 85.314266
900 0.0 96.025384
1000 0.0 106.700465

Optimizer is SGD
Epoch & Fidelity & Runtime 
100 0.429049 10.407665
200 0.536045 20.330467
300 0.573802 30.333224
400 0.603866 40.33721
500 0.638814 50.327569
600 0.674954 60.387962
700 0.704585 70.456392
800 0.729868 80.434576
900 0.750733 90.474211
1000 0.767818 100.49266

Optimizer is SGD $\gamma$ = 0.9
Epoch & Fidelity & Runtime 
100 0.761769 11.035429
200 0.832774 21.373401
300 0.857262 31.696181
400 0.86294 42.012784
500 0.872809 52.386679
600 0.862693 62.817622
700 0.859716 73.328917
800 0.841918 83.869846
900 0.829876 94.395891
1000 0.809346 104.775417

Optimizer is NAG $\gamma$ = 0.9
Epoch & Fidelity & Runtime 
100 0.803484 11.029937
200 0.857789 21.555255
300 0.882653 32.09535
400 0.891801 42.662316
500 0.889193 53.207541
600 0.894109 63.91577
700 0.890228 74.579515
800 0.887102 85.190594
900 0.887403 95.801445
1000 0.886515 106.495752

