Batch size is 512

Optimizer is Adadelta
Epoch & Fidelity & Runtime 
100 0.700102 5.242887
200 0.808527 10.473189
300 0.851141 15.729971
400 0.856613 21.008366
500 0.865513 26.273037
600 0.860791 31.553616
700 0.866445 36.847214
800 0.855223 42.128861
900 0.860228 47.396753
1000 0.862012 52.695064

Optimizer is Adam
Epoch & Fidelity & Runtime 
100 0.445829 5.299308
200 0.602305 10.481116
300 0.697589 15.668722
400 0.748902 20.831767
500 0.797288 26.007392
600 0.818883 31.226076
700 0.824186 36.436032
800 0.814928 41.659335
900 0.77534 46.855668
1000 0.771704 52.045908

Optimizer is Adamax
Epoch & Fidelity & Runtime 
100 0.35594 5.56939
200 0.535973 11.017885
300 0.610445 16.476738
400 0.671794 21.957425
500 0.719421 27.411707
600 0.747931 32.890755
700 0.763317 38.399192
800 0.762724 43.87144
900 0.772464 49.378771
1000 0.764207 54.861607

Optimizer is RMSprop
Epoch & Fidelity & Runtime 
100 0.595019 5.20281
200 0.15113 10.297612
300 0.074233 15.380264
400 0.048438 20.464086
500 0.211288 25.556866
600 0.166666 30.67881
700 0.166676 35.772768
800 0.167096 40.918499
900 0.356306 46.020074
1000 0.271741 51.115571

Optimizer is SGD
Epoch & Fidelity & Runtime 
100 0.230735 5.008095
200 0.32399 9.882161
300 0.407098 14.749693
400 0.473544 19.642211
500 0.513519 24.522964
600 0.536935 29.428999
700 0.551795 34.357942
800 0.561919 39.260881
900 0.569051 44.157313
1000 0.574844 49.073745

Optimizer is SGD $\gamma$ = 0.9
Epoch & Fidelity & Runtime 
100 0.568164 5.057526
200 0.678577 10.014371
300 0.755148 14.983991
400 0.798038 19.954506
500 0.818971 24.916631
600 0.826492 29.904124
700 0.834691 34.873872
800 0.840774 39.845734
900 0.839787 44.917576
1000 0.837737 49.98046

Optimizer is NAG $\gamma$ = 0.9
Epoch & Fidelity & Runtime 
100 0.574346 5.109932
200 0.673051 10.141986
300 0.74436 15.13105
400 0.779732 20.138897
500 0.804235 25.163846
600 0.814105 30.291921
700 0.817037 35.412121
800 0.819454 40.529628
900 0.818694 45.653564
1000 0.820461 50.723952

