Batch size is 64

Optimizer is Adadelta
Epoch & Fidelity & Runtime 
100 0.794403 19.291917
200 0.805048 38.345365
300 0.74387 57.46226
400 0.754198 76.591247
500 0.724743 95.613462
600 0.695437 114.61598
700 0.645963 133.738364
800 0.623324 152.916599
900 0.556402 172.066051
1000 0.56872 191.27669

Optimizer is Adam
Epoch & Fidelity & Runtime 
100 0.694864 18.259198
200 0.777671 36.595255
300 0.336853 54.999481
400 0.031025 73.365808
500 0.00335 91.741923
600 0.000449 110.046169
700 9.2e-05 128.539774
800 5.1e-05 146.86648
900 1.5e-05 165.315844
1000 5e-06 183.763297

Optimizer is Adamax
Epoch & Fidelity & Runtime 
100 0.675081 21.276
200 0.782386 41.881819
300 0.751887 62.547823
400 0.683462 83.222399
500 0.539549 103.86814
600 0.425151 124.654012
700 0.352904 145.329684
800 0.295937 166.131718
900 0.27111 186.936574
1000 0.21549 207.899671

Optimizer is RMSprop
Epoch & Fidelity & Runtime 
100 0.147722 18.711846
200 0.093982 36.419165
300 0.09046 54.127594
400 0.105349 71.871429
500 0.040957 89.605864
600 0.002782 107.491822
700 0.003943 125.387366
800 0.000309 143.23995
900 0.000522 161.112775
1000 2.1e-05 178.990056

Optimizer is SGD
Epoch & Fidelity & Runtime 
100 0.559039 17.162097
200 0.607072 33.400615
300 0.666953 49.612511
400 0.713616 65.771746
500 0.746549 82.042259
600 0.769884 98.32567
700 0.788544 114.526036
800 0.799083 130.859427
900 0.811615 147.183533
1000 0.816642 163.492364

Optimizer is SGD $\gamma$ = 0.9
Epoch & Fidelity & Runtime 
100 0.808784 17.770091
200 0.835127 34.434402
300 0.800163 51.256564
400 0.875772 68.148471
500 0.823757 84.932946
600 0.864835 101.755117
700 0.833549 118.597297
800 0.857487 135.420398
900 0.867081 152.248896
1000 0.836351 169.103563

Optimizer is NAG $\gamma$ = 0.9
Epoch & Fidelity & Runtime 
100 0.794802 18.040085
200 0.848017 35.169934
300 0.828208 52.354664
400 0.824332 69.521832
500 0.819862 86.682647
600 0.810667 103.986977
700 0.788228 121.169827
800 0.814151 138.538215
900 0.780228 155.784378
1000 0.778851 173.028237

