Learning Rates: 1e-05 0.0001 0.001 0.01 0.1 1 
Epoch & Fidelity & KL & Runtime 
1 0.300464 2.034685 1.248153
2 0.313729 1.962624 2.350959
3 0.327222 1.892313 3.455438
4 0.340432 1.826212 4.556531
5 0.35363 1.762678 5.658409
6 0.366745 1.70181 6.760277
7 0.379687 1.643766 7.870841
8 0.393044 1.585852 8.972252
9 0.405635 1.533013 10.073829
10 0.41794 1.482925 11.174036
11 0.430366 1.433797 12.276337
12 0.443075 1.384942 13.376293
13 0.455029 1.340181 14.480644
14 0.46692 1.296781 15.58088
15 0.478877 1.25421 16.681478
16 0.490479 1.213921 17.785968
17 0.501636 1.176048 18.888795
18 0.512832 1.138809 19.989825
19 0.523585 1.103794 21.097123
20 0.53474 1.068265 22.200063
21 0.545594 1.03434 23.318289
22 0.556181 1.001919 24.418324
23 0.566484 0.970868 25.51983
24 0.576563 0.941051 26.626817
25 0.586606 0.91185 27.727845
26 0.596069 0.884759 28.826864
27 0.605681 0.857737 29.929344
28 0.614535 0.833132 31.031852
29 0.623601 0.80834 32.133591
30 0.632301 0.784841 33.23426
31 0.641127 0.761319 34.33527
32 0.649386 0.739625 35.436332
33 0.65749 0.718559 36.538698
34 0.665319 0.698449 37.662126
35 0.673185 0.678503 38.763075
36 0.680971 0.658906 39.864515
37 0.688394 0.640468 40.966833
38 0.695445 0.623161 42.06867
39 0.70253 0.605922 43.17031
40 0.709415 0.58934 44.270834
41 0.716091 0.573456 45.39347
42 0.72275 0.557733 46.496247
43 0.729186 0.54267 47.600606
44 0.735902 0.527091 48.710126
45 0.742127 0.512799 49.813059
46 0.747977 0.499438 50.91527
47 0.753967 0.485859 52.018392
48 0.759794 0.472775 53.15227
49 0.765308 0.46047 54.255188
50 0.770686 0.448587 55.356732
51 0.775471 0.438055 56.461101
52 0.780546 0.426958 57.563977
53 0.785878 0.415382 58.667492
54 0.790566 0.405275 59.773534
55 0.795166 0.395432 60.87736
56 0.799692 0.385806 61.979426
57 0.8041 0.376487 63.080849
58 0.808543 0.367107 64.184069
59 0.812518 0.358757 65.293017
60 0.816497 0.350447 66.396901
61 0.820312 0.342514 67.500782
62 0.824224 0.33442 68.638496
63 0.827916 0.326821 69.740329
64 0.831437 0.319601 70.844333
65 0.834953 0.312438 71.947751
66 0.838311 0.305614 73.048884
67 0.841656 0.298837 74.151159
68 0.844977 0.292161 75.254533
69 0.848593 0.284914 76.35817
70 0.851686 0.278718 77.462091
71 0.854999 0.272137 78.564811
72 0.858088 0.266016 79.667867
73 0.861055 0.260159 80.770363
74 0.864201 0.253979 81.875231
75 0.866469 0.249532 83.024669
76 0.869051 0.244476 84.128005
77 0.871743 0.239234 85.230253
78 0.874367 0.234132 86.333423
79 0.876751 0.229529 87.436631
80 0.879441 0.224342 88.540909
81 0.881964 0.219492 89.643508
82 0.884166 0.215279 90.746623
83 0.88636 0.211093 91.849363
84 0.888658 0.206717 92.959772
85 0.891004 0.202257 94.065221
86 0.89322 0.198053 95.169186
87 0.895464 0.193794 96.272393
88 0.897338 0.190261 97.3754
89 0.899368 0.186425 98.531883
90 0.90138 0.18265 99.634148
91 0.903015 0.179583 100.739007
92 0.904776 0.176301 101.840199
93 0.906407 0.173265 102.942441
94 0.908133 0.170046 104.046957
95 0.90985 0.166866 105.149066
96 0.911447 0.163911 106.253347
97 0.913025 0.161005 107.355969
98 0.914483 0.158336 108.458852
99 0.915926 0.155671 109.564957
100 0.91714 0.153439 110.666997
101 0.918502 0.150945 111.771513
102 0.919905 0.148373 112.929855
103 0.921128 0.146119 114.031824
104 0.922488 0.143636 115.140239
105 0.923905 0.141061 116.241971
106 0.925088 0.138911 117.343829
107 0.926397 0.136546 118.449669
108 0.927567 0.134438 119.566835
109 0.928686 0.132407 120.677928
110 0.929786 0.130431 121.780624
111 0.930972 0.128294 122.885335
112 0.931881 0.126653 123.990012
113 0.932926 0.12479 125.090955
114 0.933874 0.123086 126.197155
115 0.934853 0.121348 127.299627
116 0.935865 0.119533 128.463957
117 0.936849 0.117765 129.568577
118 0.937876 0.115932 130.671463
119 0.938957 0.11401 131.778429
120 0.939814 0.112482 132.88091
121 0.940612 0.111059 133.983709
122 0.941642 0.109232 135.088405
123 0.942442 0.107801 136.193362
124 0.943163 0.106521 137.299357
125 0.944017 0.105015 138.402888
126 0.94485 0.103559 139.506904
127 0.945576 0.102275 140.610513
128 0.94626 0.101082 141.716449
129 0.94691 0.099934 142.887375
130 0.947556 0.098798 143.989895
131 0.948301 0.097508 145.092348
132 0.949021 0.096242 146.196132
133 0.949615 0.095209 147.301243
134 0.950274 0.094059 148.406923
135 0.950932 0.092909 149.510896
136 0.95149 0.091936 150.614876
137 0.952162 0.090772 151.716815
138 0.952782 0.089703 152.821476
139 0.953371 0.088683 153.928029
140 0.953944 0.087682 155.034403
141 0.954591 0.08656 156.141231
142 0.955173 0.085552 157.244396
143 0.955596 0.084812 158.41589
144 0.956107 0.083934 159.520393
145 0.956648 0.082996 160.625992
146 0.957216 0.082013 161.730984
147 0.95771 0.081161 162.835356
148 0.958177 0.080353 163.93638
149 0.95855 0.079706 165.041124
150 0.959042 0.078856 166.143505
151 0.959481 0.078102 167.249727
152 0.959902 0.077385 168.350887
153 0.96033 0.076654 169.452878
154 0.960666 0.07608 170.566567
155 0.961002 0.075497 171.669924
156 0.961416 0.074787 172.847416
157 0.961809 0.074125 173.951413
158 0.962114 0.073608 175.054854
159 0.962491 0.072972 176.161881
160 0.962908 0.072268 177.266403
161 0.963229 0.071731 178.369829
162 0.96359 0.071122 179.47403
163 0.963944 0.070517 180.577914
164 0.964254 0.069999 181.681082
165 0.964544 0.069507 182.78412
166 0.964862 0.068975 183.888818
167 0.965122 0.068542 184.991484
168 0.965436 0.068011 186.093434
169 0.965666 0.067629 187.198405
170 0.965974 0.067113 188.379877
171 0.966243 0.066673 189.563099
172 0.966501 0.066225 190.667073
173 0.966747 0.065818 191.774036
174 0.967062 0.0653 192.877791
175 0.967327 0.064853 193.982717
176 0.967586 0.064418 195.084947
177 0.967794 0.064076 196.188209
178 0.968029 0.063683 197.291254
179 0.968249 0.063312 198.398664
180 0.968498 0.062908 199.512572
181 0.96871 0.06254 200.616066
182 0.968954 0.06214 201.718658
183 0.969148 0.061824 202.904099
184 0.969344 0.061509 204.010697
185 0.969534 0.061196 205.112693
186 0.969753 0.060831 206.216496
187 0.969931 0.060538 207.318872
188 0.97016 0.06015 208.423898
189 0.970305 0.0599 209.529183
190 0.97043 0.059696 210.63142
191 0.970643 0.059345 211.734158
192 0.970778 0.059136 212.836626
193 0.970924 0.058903 213.939427
194 0.971015 0.058743 215.043133
195 0.971208 0.058431 216.145929
196 0.971302 0.058282 217.250813
197 0.971407 0.05812 218.437335
198 0.971543 0.057894 219.538714
199 0.971683 0.057666 220.644047
200 0.971855 0.057379 221.747433
201 0.972019 0.057115 222.848907
202 0.972186 0.056835 223.951566
203 0.972285 0.056676 225.052809
204 0.972501 0.05631 226.157733
205 0.972702 0.055969 227.262068
206 0.972842 0.055736 228.363879
207 0.972985 0.055504 229.466213
208 0.973102 0.055311 230.569005
209 0.973186 0.05518 231.676709
210 0.973319 0.054964 232.867999
211 0.97342 0.054802 233.96999
212 0.973493 0.054676 235.075688
213 0.973612 0.054476 236.177533
214 0.973754 0.054244 237.280005
215 0.973861 0.05408 238.383119
216 0.973953 0.053931 239.487161
217 0.974029 0.05381 240.590971
218 0.974068 0.053751 241.694608
219 0.974233 0.053471 242.801713
220 0.97432 0.053332 243.904802
221 0.974431 0.053149 245.010248
222 0.97452 0.053002 246.113891
223 0.974565 0.052942 247.217212
224 0.974719 0.05269 248.419985
225 0.97476 0.052622 249.522422
226 0.974875 0.052438 250.626058
227 0.974951 0.052315 251.825648
228 0.975054 0.052159 252.93044
229 0.975122 0.052058 254.035419
230 0.975152 0.052007 255.138965
231 0.975231 0.051878 256.240351
232 0.975294 0.051775 257.343022
233 0.975346 0.051698 258.446287
234 0.975416 0.051595 259.550955
235 0.975499 0.051463 260.654356
236 0.975559 0.051358 261.756251
237 0.975579 0.051332 262.953627
238 0.975685 0.051161 264.055856
239 0.975735 0.05108 265.162345
240 0.975734 0.051085 266.265573
241 0.975797 0.050978 267.368413
242 0.975852 0.050892 268.469448
243 0.975873 0.05086 269.571458
244 0.975903 0.050825 270.674396
245 0.97596 0.050725 271.778439
246 0.97606 0.050569 272.881341
247 0.976151 0.050409 273.995384
248 0.976224 0.05029 275.095847
249 0.976278 0.050216 276.200656
250 0.976357 0.050089 277.304221
251 0.976408 0.050009 278.506364
252 0.976497 0.049861 279.608933
253 0.976561 0.049767 280.711929
254 0.976625 0.049659 281.814651
255 0.97664 0.049637 282.916392
256 0.976658 0.049617 284.026023
257 0.976691 0.04957 285.128
258 0.976756 0.049472 286.230621
259 0.976799 0.049403 287.332762
260 0.976842 0.049348 288.434916
261 0.976914 0.049225 289.536909
262 0.976959 0.049168 290.63912
263 0.977005 0.049083 291.740851
264 0.977094 0.048927 292.945184
265 0.977104 0.048919 294.048373
266 0.97716 0.048827 295.150595
267 0.977202 0.048763 296.253447
268 0.977212 0.048755 297.354574
269 0.977259 0.048682 298.455894
270 0.977307 0.048595 299.560247
271 0.977322 0.048572 300.662073

Epoch & Fidelity & KL & Runtime 
1 0.451757 1.369004 1.100942
2 0.564656 0.989317 2.201687
3 0.651809 0.743041 3.302818
4 0.724963 0.559533 4.405718
5 0.7782 0.437169 5.506739
6 0.823509 0.339589 6.60766
7 0.854788 0.275388 7.812727
8 0.879719 0.225979 8.915586
9 0.900556 0.185924 10.01744
10 0.915368 0.158089 11.120745
11 0.928181 0.134313 12.222735
12 0.939467 0.113788 13.327283
13 0.948258 0.098163 14.430278
14 0.954516 0.087142 15.532866
15 0.960062 0.077464 16.635735
16 0.962875 0.072584 17.739692
17 0.966703 0.066052 18.842808
18 0.969394 0.061457 19.945381
19 0.971559 0.057835 21.047797
20 0.973515 0.05454 22.261302
21 0.974491 0.052978 23.364812
22 0.975747 0.050938 24.466845
23 0.976463 0.049762 25.569828
24 0.97723 0.048507 26.672208
25 0.978314 0.046687 27.775784
26 0.978663 0.046196 28.878588
27 0.97939 0.044989 29.980351
28 0.979339 0.045107 31.08325
29 0.979356 0.045057 32.192026
30 0.978891 0.04599 33.295147
31 0.979361 0.045244 34.398689
32 0.979595 0.044814 35.502545
33 0.979815 0.044406 36.605583
34 0.980373 0.043531 37.81951
35 0.980627 0.04307 38.921013
36 0.980608 0.043184 40.025346
37 0.980683 0.043107 41.128511
38 0.981042 0.042457 42.232161
39 0.981783 0.041079 43.335307
40 0.981871 0.040921 44.449555
41 0.981843 0.041011 45.553289
42 0.981763 0.041164 46.656204
43 0.982099 0.04059 47.758341
44 0.982109 0.040618 48.861172
45 0.982058 0.040781 49.96384
46 0.982369 0.040139 51.068701
47 0.982331 0.040197 52.284676
48 0.982779 0.039372 53.38797
49 0.982231 0.040324 54.491114
50 0.982334 0.040181 55.594841
51 0.982398 0.040066 56.700065
52 0.982592 0.039676 57.80423
53 0.982738 0.039452 58.911625
54 0.982995 0.039001 60.016101
55 0.982851 0.039281 61.120214
56 0.982965 0.039138 62.2215
57 0.983145 0.038848 63.331501
58 0.983227 0.038709 64.43433
59 0.983344 0.038499 65.536164
60 0.983407 0.038545 66.638709
61 0.98354 0.038265 67.856735
62 0.983599 0.038163 68.95824
63 0.983548 0.038271 70.059521
64 0.983634 0.03821 71.160826
65 0.983582 0.038221 72.265057
66 0.983878 0.037666 73.369704
67 0.98385 0.037661 74.47552
68 0.983798 0.037776 75.580381
69 0.984008 0.037501 76.685421
70 0.98429 0.036946 77.790167
71 0.98441 0.036711 78.894958
72 0.984533 0.03645 79.998339
73 0.984788 0.036008 81.101771
74 0.984641 0.036319 82.32417
75 0.984544 0.036501 83.427287
76 0.984471 0.036734 84.531196
77 0.984533 0.03664 85.637278
78 0.98463 0.036586 86.743292
79 0.984506 0.036842 87.965191
80 0.984606 0.036562 89.067868
81 0.984664 0.036499 90.170191
82 0.984673 0.036456 91.272577
83 0.984649 0.036562 92.375524
84 0.984858 0.036148 93.478252
85 0.984903 0.036164 94.58629
86 0.984886 0.036306 95.688257
87 0.984777 0.036503 96.790492
88 0.984762 0.036549 98.018404
89 0.985081 0.035816 99.123595
90 0.984897 0.036169 100.228219
91 0.984859 0.036285 101.331784
92 0.984902 0.036211 102.435545
93 0.984784 0.036457 103.53925
94 0.98488 0.03627 104.645416
95 0.985114 0.035762 105.747757
96 0.985075 0.03573 106.855633
97 0.985248 0.035427 107.959711
98 0.985387 0.035199 109.061267
99 0.985525 0.034891 110.165999
100 0.98578 0.034471 111.269072
101 0.985489 0.035063 112.495006
102 0.985592 0.034885 113.599507
103 0.985891 0.034262 114.700222
104 0.985931 0.034212 115.80366
105 0.985795 0.034386 116.905828
106 0.985917 0.034146 118.008077
107 0.985848 0.03422 119.111641
108 0.985719 0.034462 120.215323
109 0.985755 0.034412 121.3219
110 0.986197 0.033674 122.427626
111 0.986236 0.033724 123.532976
112 0.985948 0.034303 124.650417
113 0.985849 0.034404 125.769453
114 0.986085 0.033919 126.883438
115 0.985926 0.034299 128.119604
116 0.986057 0.034032 129.230764
117 0.986266 0.033672 130.345726
118 0.986086 0.034043 131.461697
119 0.985911 0.034432 132.570005
120 0.985696 0.034827 133.679868
121 0.98557 0.035041 134.787704
122 0.985874 0.03448 135.894447
123 0.985956 0.034219 137.001661
124 0.985969 0.034232 138.107915
125 0.986009 0.034201 139.218333
126 0.986127 0.033941 140.324377
127 0.985684 0.034646 141.431852
128 0.985785 0.034497 142.667989
129 0.986075 0.03402 143.773926
130 0.986309 0.033601 144.880577
131 0.98627 0.033643 145.98588
132 0.986411 0.033401 147.095561
133 0.986414 0.033455 148.202774
134 0.98649 0.03334 149.313251
135 0.986537 0.033186 150.422312
136 0.986404 0.033438 151.527564
137 0.986571 0.03317 152.638683
138 0.986589 0.033162 153.748238
139 0.986684 0.032981 154.856252
140 0.986651 0.033101 155.966784
141 0.986513 0.033332 157.206407
142 0.986432 0.033406 158.313447
143 0.986535 0.033279 159.422318
144 0.986666 0.032995 160.528772
145 0.98644 0.033519 161.635088
146 0.986744 0.032946 162.743315
147 0.986859 0.032712 163.8508
148 0.986882 0.03265 164.956779
149 0.987003 0.032482 166.062624
150 0.986778 0.032896 167.169383
151 0.986962 0.03258 168.278505
152 0.986858 0.032804 169.384352
153 0.986988 0.032549 170.490361
154 0.987082 0.032439 171.600007
155 0.986908 0.032786 172.84286
156 0.986959 0.032584 173.948369
157 0.986712 0.033037 175.055859
158 0.98714 0.032256 176.162377
159 0.987001 0.032611 177.269354
160 0.986742 0.033124 178.375592
161 0.987219 0.032212 179.483313
162 0.987096 0.032374 180.588825
163 0.986621 0.033235 181.693549
164 0.987235 0.032079 182.800299
165 0.987323 0.031949 183.907118
166 0.987443 0.031725 185.0134
167 0.987406 0.031818 186.123218
168 0.987954 0.03071 187.369257
169 0.987907 0.030731 188.476296
170 0.987793 0.030988 189.583833
171 0.987666 0.031212 190.689319
172 0.987771 0.030914 191.796765
173 0.987616 0.031259 192.904107
174 0.987518 0.031442 194.012686
175 0.987789 0.030936 195.119267
176 0.987639 0.031247 196.22483
177 0.987629 0.031199 197.330196
178 0.987469 0.031536 198.435344
179 0.987347 0.031748 199.553866
180 0.987563 0.031386 200.659631
181 0.987758 0.030955 201.769138
182 0.987774 0.030967 203.021054
183 0.98777 0.030918 204.127323
184 0.987566 0.031318 205.234411
185 0.987713 0.031104 206.340583
186 0.987904 0.030799 207.448575
187 0.988131 0.03037 208.555403
188 0.988183 0.030279 209.662673
189 0.987978 0.030687 210.767762
190 0.987912 0.030832 211.873351
191 0.987966 0.030742 212.978236
192 0.987939 0.030763 214.083974
193 0.987645 0.031315 215.190583
194 0.987841 0.030956 216.298141
195 0.987978 0.030666 217.54771
196 0.987708 0.031136 218.65668
197 0.98803 0.03051 219.770235
198 0.988039 0.030474 220.87782
199 0.987854 0.030846 221.98472
200 0.987901 0.030691 223.090809
201 0.987728 0.031034 224.197059
202 0.987745 0.031055 225.303955
203 0.98794 0.03062 226.416333
204 0.987942 0.030595 227.522712
205 0.988189 0.030138 228.628551
206 0.987991 0.03058 229.735202
207 0.988094 0.030443 230.839433
208 0.988291 0.030049 232.088608
209 0.988299 0.030102 233.199615
210 0.988231 0.030232 234.306957
211 0.988436 0.029848 235.417437
212 0.988656 0.029487 236.526347
213 0.988615 0.029507 237.631644
214 0.989024 0.028723 238.741402
215 0.988865 0.02905 239.848429
216 0.988956 0.028887 240.953603
217 0.988911 0.029007 242.058953
218 0.988877 0.029102 243.164699
219 0.988957 0.02906 244.271975
220 0.988725 0.029508 245.378819
221 0.988461 0.030027 246.484803
222 0.988311 0.030196 247.74237
223 0.988467 0.029907 248.850814
224 0.988275 0.030279 249.96277
225 0.988576 0.029709 251.068614
226 0.988833 0.029216 252.175167
227 0.988717 0.029437 253.282753
228 0.988807 0.029285 254.389537
229 0.988612 0.02961 255.649611
230 0.988706 0.02938 256.75798
231 0.988626 0.029492 257.863079
232 0.988766 0.029221 258.96752
233 0.988902 0.028959 260.072264
234 0.989108 0.028516 261.186647
235 0.988921 0.028904 262.446737
236 0.988946 0.028868 263.555088
237 0.988933 0.028893 264.661831
238 0.988773 0.029228 265.769497
239 0.988787 0.029153 266.877437
240 0.989113 0.028556 267.98602
241 0.989207 0.02835 269.091867
242 0.989069 0.028693 270.196229
243 0.988746 0.029313 271.304828
244 0.988698 0.0294 272.410422
245 0.988729 0.02934 273.520345
246 0.989048 0.028787 274.628481
247 0.989063 0.028731 275.733981
248 0.988995 0.0289 276.840814
249 0.988682 0.029465 278.108351
250 0.988708 0.029371 279.216802
251 0.988937 0.02896 280.336157
252 0.989032 0.028848 281.441787
253 0.988824 0.029231 282.548725
254 0.988665 0.029513 283.654199
255 0.988828 0.029219 284.759417
256 0.988935 0.028966 285.865495
257 0.989058 0.028786 286.971601
258 0.989037 0.028863 288.078196
259 0.988961 0.02906 289.18817
260 0.98884 0.029304 290.293195
261 0.988546 0.029818 291.399274
262 0.988119 0.030647 292.664884
263 0.988516 0.029855 293.771697
264 0.98847 0.030026 294.879293
265 0.988483 0.030078 295.986721
266 0.988231 0.030588 297.092748
267 0.988328 0.030387 298.199159
268 0.98843 0.030163 299.30594
269 0.988622 0.029832 300.411698

Epoch & Fidelity & KL & Runtime 
1 0.911455 0.167346 1.136299
2 0.972368 0.057754 2.245032
3 0.978174 0.047771 3.352772
4 0.980674 0.043627 4.457602
5 0.979537 0.046478 5.564664
6 0.980321 0.044636 6.835022
7 0.981587 0.041666 7.944979
8 0.980533 0.044794 9.054799
9 0.983765 0.038417 10.160941
10 0.984325 0.037777 11.269323
11 0.984719 0.036792 12.377721
12 0.981601 0.042313 13.485833
13 0.985196 0.03595 14.59458
14 0.985478 0.035447 15.702912
15 0.984514 0.037653 16.809378
16 0.984056 0.038335 17.916155
17 0.987146 0.032467 19.022788
18 0.987101 0.032449 20.130093
19 0.986478 0.033297 21.236853
20 0.987552 0.031326 22.510607
21 0.987135 0.032933 23.618077
22 0.983872 0.039243 24.724623
23 0.988131 0.030453 25.830903
24 0.98571 0.035281 26.938228
25 0.985273 0.035938 28.046066
26 0.986532 0.033796 29.153013
27 0.986289 0.034508 30.259997
28 0.98261 0.041138 31.367133
29 0.988757 0.029724 32.476363
30 0.984528 0.037618 33.585736
31 0.986809 0.032992 34.695966
32 0.985404 0.035875 35.803869
33 0.987101 0.032596 37.081176
34 0.985331 0.036242 38.191311
35 0.987239 0.032817 39.300601
36 0.986351 0.033675 40.409853
37 0.985285 0.036227 41.518967
38 0.985075 0.03719 42.632445
39 0.987948 0.031719 43.742235
40 0.987538 0.031916 44.848744
41 0.985753 0.0358 45.955837
42 0.988791 0.029774 47.062191
43 0.987336 0.033203 48.168386
44 0.986782 0.033444 49.274525
45 0.987949 0.031433 50.382257
46 0.988367 0.030909 51.672126
47 0.986768 0.033573 52.779618
48 0.985811 0.035197 53.887167
49 0.987356 0.0326 54.99372
50 0.986469 0.034107 56.099962
51 0.986154 0.034973 57.208223
52 0.988848 0.029622 58.31589
53 0.986385 0.034571 59.428229
54 0.987302 0.033486 60.539167
55 0.987643 0.032425 61.650653
56 0.986448 0.034271 62.757365
57 0.986814 0.034313 63.863436
58 0.98814 0.031437 64.969778
59 0.983628 0.039776 66.084578
60 0.98467 0.037342 67.365836
61 0.98798 0.031257 68.472858
62 0.985931 0.034988 69.579085
63 0.988577 0.030711 70.685933
64 0.980894 0.046612 71.793272
65 0.984048 0.039762 72.900767
66 0.985844 0.035788 74.01112
67 0.988539 0.030544 75.118385
68 0.987784 0.032508 76.224512
69 0.988736 0.030214 77.331771
70 0.987977 0.031891 78.441355
71 0.98582 0.036082 79.548714
72 0.98632 0.03474 80.657936
73 0.984886 0.036995 81.941357
74 0.986988 0.033609 83.049564
75 0.986425 0.034671 84.155183
76 0.987781 0.032299 85.263056
77 0.986055 0.035445 86.370774
78 0.985992 0.035272 87.481579
79 0.986458 0.03422 88.591072
80 0.986874 0.033893 89.699509
81 0.988309 0.030848 90.806767
82 0.987363 0.032863 92.095705
83 0.984991 0.038024 93.200635
84 0.988386 0.031027 94.307837
85 0.984045 0.039643 95.41449
86 0.987675 0.032041 96.700453
87 0.986874 0.034353 97.806623
88 0.987156 0.033425 98.914647
89 0.986337 0.035119 100.023037
90 0.987694 0.032434 101.132239
91 0.987489 0.032378 102.240992
92 0.984574 0.038192 103.350188
93 0.986336 0.034867 104.457586
94 0.986746 0.034411 105.563709
95 0.987511 0.032524 106.670663
96 0.987782 0.032229 107.779045
97 0.986926 0.033912 108.886987
98 0.986564 0.034255 109.993014
99 0.984695 0.038355 111.1006
100 0.985953 0.035937 112.39126
101 0.986166 0.035675 113.500443
102 0.987597 0.032909 114.608586
103 0.986755 0.034881 115.714917
104 0.987528 0.033138 116.826041
105 0.98799 0.031748 117.936977
106 0.986096 0.035796 119.047498
107 0.98761 0.032283 120.153946
108 0.988298 0.031523 121.260457
109 0.987659 0.032222 122.366738
110 0.986527 0.034205 123.473531
111 0.985401 0.036981 124.583967
112 0.985321 0.037237 125.690573
113 0.982298 0.043126 127.000227
114 0.981408 0.04432 128.109215
115 0.983074 0.041046 129.225029
116 0.986986 0.033714 130.332963
117 0.986214 0.035903 131.441464
118 0.986653 0.03413 132.550966
119 0.987336 0.032996 133.658466
120 0.98477 0.037733 134.770272
121 0.98573 0.035842 135.878471
122 0.986101 0.035559 136.988644
123 0.987781 0.032448 138.096543
124 0.987927 0.032411 139.203507
125 0.982801 0.041564 140.314643
126 0.983552 0.0399 141.608216
127 0.987381 0.032583 142.716072
128 0.985857 0.035526 143.82526
129 0.984576 0.038645 144.935591
130 0.986642 0.034506 146.041578
131 0.988243 0.031641 147.147342
132 0.9856 0.036873 148.254171
133 0.987515 0.0331 149.361566
134 0.988369 0.031443 150.469162
135 0.988164 0.031746 151.577015
136 0.985943 0.035583 152.683132
137 0.985765 0.036105 153.799016
138 0.988023 0.032 154.907214
139 0.985842 0.035738 156.015484
140 0.98689 0.034105 157.312039
141 0.986803 0.03438 158.419572
142 0.98773 0.032193 159.526434
143 0.985769 0.036574 160.638478
144 0.983072 0.04113 161.747473
145 0.982648 0.042633 162.854159
146 0.985138 0.037146 163.961023
147 0.986709 0.03423 165.067724
148 0.986889 0.033826 166.177054
149 0.987464 0.033362 167.286183
150 0.986918 0.034035 168.393424
151 0.987643 0.03271 169.501411
152 0.984676 0.038399 170.609821
153 0.985128 0.037619 171.90816
154 0.98758 0.032852 173.013946
155 0.984622 0.039181 174.120456
156 0.987061 0.03418 175.226777
157 0.986273 0.035838 176.337034
158 0.989292 0.029663 177.446248
159 0.98817 0.031962 178.552322
160 0.986772 0.034935 179.65935
161 0.9859 0.036604 180.767794
162 0.985438 0.037129 181.874737
163 0.987074 0.033786 182.984477
164 0.98763 0.032488 184.09184
165 0.987683 0.032549 185.201794
166 0.986226 0.035368 186.310053
167 0.985884 0.036786 187.617967
168 0.98728 0.033192 188.726587
169 0.985968 0.035978 189.837581
170 0.986261 0.035738 190.946232
171 0.982101 0.043072 192.053343
172 0.987452 0.032806 193.160746
173 0.98722 0.034019 194.269369
174 0.986501 0.035267 195.37669
175 0.985322 0.037725 196.484004
176 0.985565 0.036822 197.593994
177 0.985613 0.036898 198.701001
178 0.985045 0.037463 199.807993
179 0.986237 0.035648 200.918721
180 0.98788 0.032163 202.222671
181 0.987034 0.034029 203.330444
182 0.985936 0.036142 204.43866
183 0.986921 0.034692 205.544821
184 0.987321 0.033447 206.654737
185 0.98646 0.034817 207.777809
186 0.988892 0.030054 208.886795
187 0.986096 0.036176 209.992933
188 0.9861 0.035771 211.100087
189 0.986188 0.036192 212.207931
190 0.986599 0.034985 213.315176
191 0.984307 0.039583 214.424106
192 0.984887 0.038041 215.532499
193 0.981591 0.044573 216.843147
194 0.986164 0.036089 217.95405
195 0.985356 0.036737 219.062385
196 0.982673 0.042522 220.17099
197 0.984704 0.038445 221.279488
198 0.986853 0.034462 222.38662
199 0.985414 0.036785 223.495519
200 0.987987 0.032188 224.603138
201 0.983999 0.039631 225.712053
202 0.983788 0.039988 226.822878
203 0.987133 0.03425 227.928245
204 0.985314 0.03722 229.035618
205 0.986712 0.034725 230.14309
206 0.98774 0.032611 231.250032
207 0.985909 0.036582 232.564636
208 0.985609 0.036871 233.676194
209 0.985088 0.037794 234.784916
210 0.988004 0.032276 235.893207
211 0.98764 0.032497 237.001981
212 0.985878 0.03649 238.111888
213 0.985561 0.036903 239.219235
214 0.984377 0.039108 240.326472
215 0.985324 0.037396 241.432645
216 0.987944 0.031994 242.544183
217 0.988395 0.031423 243.65361
218 0.984051 0.040238 244.761706
219 0.985084 0.037351 245.86828
220 0.987607 0.032839 247.183024
221 0.987653 0.032761 248.291102
222 0.986195 0.035814 249.400177
223 0.987035 0.034362 250.510723
224 0.98839 0.03136 251.619334
225 0.987835 0.032643 252.730228
226 0.988066 0.032406 254.045935
227 0.987612 0.033113 255.156559
228 0.98513 0.03722 256.265727
229 0.984938 0.037909 257.376468
230 0.984922 0.038033 258.484163
231 0.985128 0.037493 259.591981
232 0.987813 0.032676 260.702275
233 0.987227 0.033437 262.021974
234 0.984586 0.038891 263.129731
235 0.986613 0.034706 264.237111
236 0.986981 0.033922 265.344565
237 0.98769 0.032655 266.453861
238 0.988186 0.03196 267.559452
239 0.987293 0.03372 268.668376
240 0.986456 0.034874 269.775599
241 0.988313 0.031172 270.884358
242 0.986225 0.035791 271.991761
243 0.986793 0.034681 273.098558
244 0.986379 0.035377 274.207262
245 0.987087 0.03413 275.316677
246 0.986242 0.035762 276.632983
247 0.986704 0.034594 277.747484
248 0.985379 0.037762 278.855887
249 0.98798 0.031991 279.964949
250 0.983587 0.040832 281.071246
251 0.986168 0.035925 282.1798
252 0.987212 0.033856 283.300957
253 0.989139 0.03013 284.409684
254 0.986691 0.034381 285.51837
255 0.986212 0.035564 286.628266
256 0.986794 0.034597 287.736724
257 0.986409 0.035408 288.846247
258 0.984871 0.038538 289.961686
259 0.986105 0.036079 291.070447
260 0.984981 0.038342 292.393366
261 0.989493 0.02951 293.500568
262 0.988817 0.030894 294.607023
263 0.987903 0.032582 295.716187
264 0.986782 0.034501 296.824547
265 0.985419 0.036797 297.933973
266 0.985915 0.036418 299.043703
267 0.986892 0.034632 300.152082

Epoch & Fidelity & KL & Runtime 
1 0.948087 0.109259 1.109496
2 0.965806 0.075834 2.221246
3 0.966643 0.073487 3.331959
4 0.971803 0.063012 4.440445
5 0.975003 0.058449 5.549472
6 0.984718 0.038087 6.873404
7 0.976004 0.054139 7.979331
8 0.968056 0.071548 9.087905
9 0.981983 0.043954 10.196963
10 0.987316 0.032996 11.306351
11 0.977331 0.052644 12.417589
12 0.982429 0.042935 13.526535
13 0.988116 0.030889 14.634558
14 0.98409 0.040099 15.742435
15 0.97567 0.055902 16.852696
16 0.985139 0.037264 17.96046
17 0.987858 0.032136 19.068567
18 0.986773 0.033887 20.176623
19 0.984641 0.037976 21.50643
20 0.985121 0.036812 22.614961
21 0.981674 0.044632 23.724007
22 0.979771 0.047453 24.835068
23 0.98705 0.033243 25.945441
24 0.980514 0.045798 27.054743
25 0.986233 0.034986 28.162796
26 0.980013 0.045854 29.269245
27 0.989226 0.029018 30.377194
28 0.990121 0.02754 31.483767
29 0.982089 0.04364 32.592297
30 0.986033 0.035837 33.702052
31 0.97843 0.049877 34.812513
32 0.986571 0.034625 35.922189
33 0.981137 0.045755 37.255559
34 0.97627 0.055534 38.366045
35 0.987931 0.032283 39.476416
36 0.984316 0.038533 40.585768
37 0.987431 0.032921 41.692723
38 0.985725 0.035939 42.800698
39 0.97817 0.050282 43.908662
40 0.985118 0.037088 45.0192
41 0.981738 0.043766 46.127891
42 0.97905 0.048294 47.242104
43 0.982921 0.040908 48.350418
44 0.986958 0.033381 49.460163
45 0.974228 0.057142 50.568527
46 0.982668 0.041756 51.900527
47 0.986068 0.03544 53.008194
48 0.963094 0.075436 54.116487
49 0.986233 0.035268 55.239209
50 0.971098 0.062427 56.346262
51 0.983878 0.040305 57.452564
52 0.969162 0.066421 58.561421
53 0.977635 0.051869 59.670712
54 0.985485 0.036608 60.780232
55 0.974946 0.054879 61.888336
56 0.977056 0.052953 62.997665
57 0.963262 0.076161 64.105649
58 0.975345 0.055321 65.214639
59 0.978496 0.049998 66.549894
60 0.965057 0.073499 67.656832
61 0.972822 0.058018 68.763907
62 0.978665 0.049357 69.869447
63 0.975481 0.053668 70.976666
64 0.972149 0.062375 72.083535
65 0.978624 0.04947 73.189042
66 0.981332 0.045134 74.296723
67 0.97984 0.047791 75.409821
68 0.977698 0.051349 76.518386
69 0.974033 0.0586 77.623984
70 0.9733 0.059066 78.733553
71 0.966861 0.070885 79.842694
72 0.983286 0.041485 80.950592
73 0.969107 0.067227 82.28943
74 0.977433 0.051885 83.396308
75 0.980013 0.047775 84.50346
76 0.97736 0.051237 85.611311
77 0.981974 0.043232 86.718937
78 0.978047 0.050462 87.825706
79 0.98079 0.04457 88.932353
80 0.976083 0.054007 90.039059
81 0.969361 0.06972 91.381004
82 0.982646 0.041932 92.488086
83 0.973323 0.060122 93.595583
84 0.976236 0.054366 94.709531
85 0.975496 0.055028 95.816383
86 0.977025 0.054331 97.160899
87 0.98549 0.036763 98.273752
88 0.979334 0.048686 99.383686
89 0.975292 0.055882 100.493366
90 0.971315 0.062098 101.603449
91 0.973125 0.058905 102.709479
92 0.975155 0.054714 103.816484
93 0.977811 0.050502 104.921654
94 0.97375 0.059668 106.02802
95 0.969596 0.065859 107.137337
96 0.954557 0.092506 108.243536
97 0.978757 0.04892 109.35419
98 0.968057 0.070123 110.46414
99 0.978956 0.049755 111.808693
100 0.971838 0.060068 112.916605
101 0.972292 0.059868 114.024553
102 0.968695 0.068394 115.13303
103 0.959009 0.08739 116.241447
104 0.978767 0.049754 117.355934
105 0.969778 0.067594 118.464504
106 0.973981 0.058217 119.574799
107 0.969359 0.067202 120.683878
108 0.970508 0.066092 121.792925
109 0.979338 0.048356 122.898801
110 0.970182 0.063346 124.006565
111 0.972227 0.061116 125.116635
112 0.969131 0.066903 126.225339
113 0.977216 0.051747 127.575565
114 0.975397 0.057668 128.68562
115 0.968053 0.070122 129.799472
116 0.977066 0.053213 130.908413
117 0.980841 0.045372 132.015082
118 0.973087 0.060716 133.124495
119 0.974432 0.057756 134.230984
120 0.976132 0.053308 135.338265
121 0.981233 0.043965 136.458036
122 0.982059 0.042551 137.567786
123 0.976322 0.053454 138.67896
124 0.981712 0.044067 139.789792
125 0.983372 0.040667 140.900223
126 0.979986 0.047888 142.249641
127 0.979727 0.047347 143.354403
128 0.974207 0.058271 144.4613
129 0.970413 0.065648 145.570346
130 0.979078 0.049608 146.677116
131 0.97664 0.053018 147.786242
132 0.982627 0.041588 148.896174
133 0.976639 0.05384 150.003999
134 0.976824 0.053282 151.114293
135 0.975445 0.055926 152.225183
136 0.973568 0.058728 153.334106
137 0.977079 0.053454 154.4425
138 0.976482 0.052829 155.549941
139 0.972817 0.062129 156.902205
140 0.975005 0.05804 158.009098
141 0.983198 0.041277 159.117095
142 0.972086 0.061501 160.22518
143 0.97018 0.064675 161.332085
144 0.979361 0.049169 162.440718
145 0.973234 0.058841 163.551805
146 0.978245 0.049422 164.662619
147 0.974902 0.057171 165.774654
148 0.978006 0.051067 166.884183
149 0.973082 0.059974 167.989909
150 0.976082 0.054309 169.097793
151 0.966755 0.070757 170.204858
152 0.971969 0.062738 171.562747
153 0.97089 0.063951 172.672227
154 0.961388 0.079053 173.780034
155 0.979111 0.04805 174.889974
156 0.97257 0.059609 176.000654
157 0.972154 0.060631 177.106529
158 0.969361 0.068421 178.212398
159 0.973385 0.060565 179.31955
160 0.980054 0.047331 180.42698
161 0.969253 0.065603 181.534959
162 0.976745 0.053247 182.642701
163 0.966339 0.072841 183.749985
164 0.970413 0.064193 184.857069
165 0.969872 0.065865 185.969378
166 0.970729 0.06508 187.331002
167 0.959444 0.084076 188.439256
168 0.972121 0.064008 189.546192
169 0.972906 0.06159 190.6536
170 0.979618 0.047615 191.760125
171 0.969457 0.067418 192.866503
172 0.970789 0.064124 193.974946
173 0.978031 0.050653 195.082217
174 0.973728 0.060715 196.192961
175 0.965936 0.075166 197.29936
176 0.958902 0.084064 198.406983
177 0.968342 0.067765 199.516006
178 0.971612 0.061976 200.624553
179 0.972828 0.061072 201.985567
180 0.970995 0.06396 203.093691
181 0.977793 0.051263 204.202715
182 0.973108 0.059537 205.310531
183 0.974163 0.05998 206.417049
184 0.971607 0.061581 207.527068
185 0.976476 0.052463 208.635
186 0.969978 0.0651 209.741994
187 0.966719 0.0693 210.849478
188 0.971413 0.063576 211.9725
189 0.977326 0.051413 213.080558
190 0.977678 0.051963 214.187488
191 0.982951 0.041351 215.29602
192 0.952615 0.095385 216.660327
193 0.975411 0.054102 217.770449
194 0.976159 0.055889 218.880187
195 0.972208 0.06025 219.989724
196 0.954843 0.092392 221.097605
197 0.971991 0.061814 222.207166
198 0.966599 0.072309 223.314707
199 0.957683 0.088035 224.423826
200 0.980485 0.046113 225.533738
201 0.955886 0.090918 226.63998
202 0.971443 0.062476 227.748232
203 0.969043 0.067305 228.855437
204 0.976335 0.052764 229.962934
205 0.972908 0.061388 231.072315
206 0.976715 0.054086 232.440546
207 0.97252 0.061118 233.549587
208 0.976944 0.053106 234.657321
209 0.975462 0.05526 235.765067
210 0.976745 0.053665 236.872955
211 0.964954 0.077043 237.982824
212 0.962015 0.0793 239.09409
213 0.971845 0.064334 240.202824
214 0.983516 0.040008 241.309015
215 0.97405 0.056695 242.416728
216 0.972716 0.059636 243.525829
217 0.978429 0.05125 244.633565
218 0.973338 0.059211 245.743063
219 0.974742 0.054929 247.114457
220 0.981799 0.043778 248.221366
221 0.95933 0.083499 249.327557
222 0.970976 0.063216 250.434418
223 0.924088 0.146607 251.543432
224 0.970926 0.065202 252.652198
225 0.962238 0.07844 254.01661
226 0.979892 0.047259 255.130283
227 0.970358 0.066473 256.240437
228 0.974201 0.059646 257.348926
229 0.97278 0.062025 258.458636
230 0.973474 0.058299 259.570028
231 0.972745 0.059741 260.676637
232 0.979764 0.047863 262.046815
233 0.974686 0.057247 263.154506
234 0.967078 0.066112 264.262314
235 0.971668 0.063735 265.370526
236 0.948704 0.104442 266.480536
237 0.979854 0.047841 267.588993
238 0.982316 0.042995 268.696004
239 0.978953 0.048566 269.803503
240 0.972631 0.061993 270.909357
241 0.972099 0.06517 272.01605
242 0.967471 0.072253 273.123553
243 0.980908 0.04474 274.232028
244 0.963933 0.078532 275.342638
245 0.975614 0.055421 276.716297
246 0.981832 0.043548 277.823346
247 0.980311 0.04645 278.931373
248 0.969487 0.067042 280.039466
249 0.978697 0.050326 281.148423
250 0.973036 0.060665 282.256173
251 0.944985 0.112732 283.362937
252 0.957909 0.086508 284.471618
253 0.97135 0.064004 285.581207
254 0.977759 0.051622 286.688997
255 0.970669 0.063885 287.796539
256 0.959269 0.083894 288.905469
257 0.977147 0.053041 290.01233
258 0.966214 0.073392 291.120427
259 0.975009 0.057348 292.502045
260 0.978366 0.051118 293.621861
261 0.973545 0.057704 294.730504
262 0.974484 0.057817 295.838591
263 0.9715 0.063923 296.944491
264 0.969463 0.067461 298.05258
265 0.971805 0.06345 299.162154
266 0.970786 0.062889 300.268822

Epoch & Fidelity & KL & Runtime 
1 0.959781 0.091515 1.115407
2 0.948504 0.111437 2.222723
3 0.945699 0.124236 3.330448
4 0.947635 0.11258 4.437019
5 0.956068 0.101457 5.541709
6 0.919312 0.186051 6.919938
7 0.918718 0.189471 8.024575
8 0.972993 0.063882 9.131331
9 0.970335 0.06934 10.236778
10 0.969361 0.069866 11.344653
11 0.943645 0.118524 12.450421
12 0.961424 0.088532 13.555832
13 0.932325 0.150103 14.660804
14 0.973892 0.060715 15.768456
15 0.936773 0.138561 16.877394
16 0.937049 0.140668 17.983426
17 0.887907 0.246563 19.08987
18 0.950309 0.109207 20.196959
19 0.960203 0.092919 21.575966
20 0.950166 0.112281 22.685282
21 0.963916 0.07914 23.796103
22 0.962541 0.083833 24.902488
23 0.920574 0.18205 26.009267
24 0.945916 0.119781 27.117227
25 0.948531 0.114545 28.223802
26 0.895165 0.233444 29.329218
27 0.956357 0.095184 30.435701
28 0.947231 0.115089 31.541805
29 0.964987 0.075994 32.647035
30 0.946884 0.116403 33.755739
31 0.915892 0.17745 34.862739
32 0.943126 0.129256 36.246079
33 0.960161 0.086814 37.351174
34 0.951765 0.109841 38.457591
35 0.980077 0.047628 39.56404
36 0.949224 0.112731 40.672338
37 0.965839 0.082277 41.779504
38 0.919562 0.173693 42.887225
39 0.967169 0.072596 43.995743
40 0.914122 0.184002 45.104247
41 0.955129 0.099128 46.213057
42 0.916882 0.181457 47.31803
43 0.947629 0.120772 48.42409
44 0.929033 0.151267 49.530209
45 0.95305 0.109127 50.636063
46 0.89429 0.225443 52.024398
47 0.939946 0.133391 53.130132
48 0.937623 0.139645 54.235143
49 0.958152 0.094174 55.339969
50 0.951281 0.109391 56.445829
51 0.938669 0.128906 57.552013
52 0.945664 0.125553 58.660995
53 0.933708 0.142749 59.766527
54 0.947387 0.120562 60.872006
55 0.941791 0.125972 61.978486
56 0.970328 0.068445 63.086329
57 0.976424 0.056092 64.194772
58 0.962648 0.085 65.302286
59 0.966367 0.073393 66.692834
60 0.914006 0.182676 67.797196
61 0.937043 0.137341 68.902678
62 0.959323 0.087582 70.011199
63 0.957585 0.091753 71.116939
64 0.958153 0.091359 72.23568
65 0.947984 0.116013 73.342716
66 0.920602 0.17026 74.448725
67 0.967472 0.074463 75.555925
68 0.976931 0.055438 76.663824
69 0.928609 0.152346 77.773057
70 0.975189 0.058192 78.882296
71 0.947251 0.111352 79.989928
72 0.928082 0.156811 81.380911
73 0.957374 0.095116 82.485767
74 0.980834 0.046888 83.591672
75 0.96909 0.07065 84.696985
76 0.966161 0.073335 85.803778
77 0.953912 0.105749 86.912179
78 0.937475 0.136597 88.018475
79 0.965425 0.07797 89.121801
80 0.913893 0.181818 90.227512
81 0.927607 0.147231 91.332402
82 0.9547 0.097929 92.72664
83 0.924421 0.161855 93.844174
84 0.882396 0.255486 94.952138
85 0.962534 0.085574 96.344186
86 0.963988 0.078951 97.452096
87 0.960419 0.08581 98.557099
88 0.94358 0.117152 99.66344
89 0.933096 0.153675 100.768194
90 0.945402 0.11537 101.875157
91 0.960117 0.090284 102.979733
92 0.972098 0.065199 104.085725
93 0.945849 0.125624 105.192897
94 0.942287 0.124668 106.300308
95 0.954167 0.096816 107.406617
96 0.937105 0.13187 108.512609
97 0.935325 0.143922 109.616628
98 0.930585 0.15581 110.721655
99 0.942916 0.126737 112.119544
100 0.960322 0.086916 113.228378
101 0.929 0.154455 114.336076
102 0.934671 0.137178 115.441538
103 0.976834 0.055241 116.549676
104 0.954042 0.104259 117.655949
105 0.914356 0.174526 118.76114
106 0.920096 0.174408 119.866539
107 0.93216 0.14519 120.972101
108 0.927247 0.153436 122.08022
109 0.934124 0.140279 123.186925
110 0.968547 0.073057 124.293307
111 0.909904 0.193625 125.400191
112 0.969143 0.070459 126.798828
113 0.957894 0.094506 127.904456
114 0.949295 0.109421 129.01841
115 0.964255 0.07897 130.124258
116 0.95701 0.095685 131.231969
117 0.921706 0.162308 132.337319
118 0.951923 0.103999 133.444691
119 0.865181 0.292556 134.551198
120 0.918223 0.188439 135.657031
121 0.958275 0.095902 136.762232
122 0.97642 0.0561 137.867914
123 0.97581 0.056916 138.974672
124 0.976355 0.055386 140.079772
125 0.950294 0.111291 141.480802
126 0.939484 0.134656 142.58674
127 0.948452 0.116331 143.693044
128 0.968796 0.071554 144.800709
129 0.951127 0.109422 145.907736
130 0.95476 0.102046 147.015049
131 0.961637 0.085427 148.132148
132 0.844483 0.332884 149.23771
133 0.946808 0.115949 150.34343
134 0.936281 0.138824 151.452951
135 0.980321 0.046622 152.559831
136 0.95965 0.090014 153.667035
137 0.921064 0.177103 154.774133
138 0.964786 0.081047 155.880703
139 0.964943 0.08124 157.290275
140 0.952473 0.107291 158.397885
141 0.947682 0.115697 159.506512
142 0.971229 0.065911 160.612719
143 0.927497 0.150912 161.718601
144 0.969558 0.068505 162.82379
145 0.948648 0.114837 163.930252
146 0.947927 0.116932 165.038502
147 0.933246 0.140898 166.142788
148 0.962697 0.081843 167.250053
149 0.922452 0.168694 168.358054
150 0.970564 0.067648 169.466629
151 0.934837 0.136073 170.573208
152 0.95968 0.091635 171.981796
153 0.943921 0.126177 173.088691
154 0.959899 0.090784 174.195058
155 0.951256 0.110142 175.300106
156 0.927324 0.15761 176.410188
157 0.943597 0.123339 177.516466
158 0.952705 0.105943 178.62226
159 0.915643 0.179975 179.726716
160 0.937588 0.143617 180.83375
161 0.933735 0.139557 181.940668
162 0.923049 0.167376 183.047528
163 0.934592 0.148622 184.154412
164 0.962933 0.082967 185.261758
165 0.945179 0.118802 186.673846
166 0.967222 0.076711 187.782907
167 0.916307 0.182529 188.8905
168 0.922499 0.173914 189.997479
169 0.962327 0.083182 191.104033
170 0.938659 0.137607 192.212977
171 0.967616 0.073152 193.322241
172 0.941645 0.125932 194.429506
173 0.960814 0.089603 195.535997
174 0.910184 0.198883 196.642838
175 0.954138 0.102762 197.748163
176 0.954748 0.103739 198.853015
177 0.961558 0.087124 199.959158
178 0.921248 0.162086 201.369585
179 0.982468 0.043359 202.475399
180 0.942812 0.117348 203.580777
181 0.97786 0.052395 204.685637
182 0.978505 0.051996 205.793244
183 0.932273 0.145998 206.898397
184 0.974239 0.060103 208.00411
185 0.978993 0.049577 209.110001
186 0.907021 0.206415 210.216645
187 0.982861 0.042381 211.326026
188 0.921235 0.182601 212.431664
189 0.925638 0.175254 213.538673
190 0.931968 0.156055 214.645249
191 0.904552 0.223552 215.753601
192 0.95678 0.099849 217.171849
193 0.954821 0.101673 218.279884
194 0.958293 0.092667 219.386878
195 0.957139 0.092517 220.491059
196 0.949135 0.113703 221.596249
197 0.947284 0.114474 222.700784
198 0.952642 0.104581 223.809501
199 0.926166 0.162146 224.915531
200 0.962426 0.087437 226.021411
201 0.9454 0.121573 227.126861
202 0.957631 0.090946 228.232649
203 0.952283 0.105894 229.351591
204 0.963908 0.080826 230.456209
205 0.959322 0.089956 231.872477
206 0.945201 0.122053 232.977576
207 0.92034 0.168958 234.083964
208 0.925334 0.155976 235.190326
209 0.907832 0.193374 236.298195
210 0.955664 0.095693 237.402456
211 0.911187 0.187585 238.50894
212 0.971712 0.064667 239.614778
213 0.973937 0.059656 240.722813
214 0.926868 0.163753 241.831333
215 0.96547 0.078401 242.939305
216 0.931528 0.150499 244.045516
217 0.960004 0.088652 245.149624
218 0.969096 0.072199 246.571375
219 0.951829 0.104459 247.680354
220 0.966224 0.075356 248.788662
221 0.970238 0.06902 249.894367
222 0.955738 0.096666 250.998406
223 0.921195 0.170232 252.105185
224 0.987284 0.033064 253.529452
225 0.869905 0.273304 254.635593
226 0.929344 0.158584 255.741136
227 0.957776 0.096826 256.846124
228 0.983235 0.041742 257.951246
229 0.932183 0.148972 259.058565
230 0.949616 0.115731 260.165644
231 0.966617 0.078199 261.586297
232 0.917151 0.16838 262.690711
233 0.947709 0.1155 263.797344
234 0.959207 0.093185 264.903269
235 0.929164 0.14974 266.009759
236 0.944218 0.117498 267.114196
237 0.932207 0.144258 268.226183
238 0.934378 0.140989 269.335752
239 0.918023 0.181004 270.441732
240 0.936524 0.134036 271.547488
241 0.929431 0.151664 272.656911
242 0.958353 0.092644 273.764349
243 0.944072 0.125409 274.869823
244 0.929622 0.157212 276.293192
245 0.953176 0.101842 277.400817
246 0.941358 0.13737 278.50861
247 0.971 0.065978 279.616305
248 0.93929 0.138629 280.725062
249 0.925046 0.158442 281.830199
250 0.917053 0.179659 282.935946
251 0.937527 0.132172 284.041393
252 0.969968 0.068876 285.147809
253 0.971605 0.063891 286.254095
254 0.932723 0.149164 287.361403
255 0.95245 0.103054 288.467394
256 0.943092 0.124113 289.573205
257 0.95662 0.094195 290.679455
258 0.966152 0.074956 292.115796
259 0.92099 0.170691 293.221786
260 0.94501 0.125128 294.326213
261 0.913828 0.180415 295.43499
262 0.921146 0.164418 296.539279
263 0.936807 0.142726 297.644049
264 0.968002 0.072363 298.755197
265 0.962205 0.083931 299.859762
266 0.951743 0.10356 300.966361

Epoch & Fidelity & KL & Runtime 
1 0.608245 1.030134 1.13222
2 0.430026 1.628521 2.241781
3 0.575169 1.144829 3.349578
4 0.746407 0.614125 4.458387
5 0.816005 0.44782 5.889604
6 0.635934 1.11779 6.995875
7 0.481484 1.647078 8.103546
8 0.727347 0.645424 9.210185
9 0.680895 0.871876 10.317024
10 0.870438 0.290168 11.423665
11 0.44792 1.587469 12.53175
12 0.435125 2.043555 13.639053
13 0.492534 1.593694 14.747198
14 0.791146 0.510737 15.853935
15 0.517195 1.615139 16.959182
16 0.621411 1.119979 18.067001
17 0.51 1.504958 19.173494
18 0.757983 0.617526 20.605523
19 0.316708 2.529183 21.711363
20 0.593969 1.137935 22.816772
21 0.762905 0.592879 23.923489
22 0.408723 1.845455 25.029265
23 0.395233 2.101212 26.13542
24 0.666163 0.928161 27.242658
25 0.757606 0.6116 28.34975
26 0.70741 0.763667 29.456514
27 0.542636 1.245125 30.562073
28 0.554377 1.346096 31.668396
29 0.67583 0.846893 32.77651
30 0.814177 0.459449 33.883396
31 0.596436 1.178025 35.31799
32 0.774875 0.591946 36.428408
33 0.802003 0.476456 37.537337
34 0.780148 0.549975 38.643567
35 0.757838 0.58121 39.750078
36 0.821652 0.414369 40.858011
37 0.672067 0.946614 41.965132
38 0.402045 2.006758 43.071872
39 0.597414 1.234214 44.179074
40 0.63898 1.015598 45.286823
41 0.683181 0.837052 46.394395
42 0.633155 0.879642 47.501159
43 0.742156 0.630551 48.606287
44 0.574943 1.207813 49.712435
45 0.49817 1.566054 51.156406
46 0.684871 0.844101 52.261536
47 0.680239 0.745449 53.369363
48 0.458078 1.671741 54.475561
49 0.585278 1.106903 55.581561
50 0.743124 0.579447 56.687864
51 0.752114 0.584103 57.792981
52 0.453453 1.716521 58.898952
53 0.858843 0.323777 60.005535
54 0.638688 0.994974 61.111593
55 0.858454 0.338012 62.216453
56 0.329941 2.433279 63.323512
57 0.767314 0.609124 64.430138
58 0.737172 0.685827 65.869483
59 0.454427 1.562687 66.975382
60 0.693773 0.745027 68.082167
61 0.764382 0.688386 69.187213
62 0.804936 0.425835 70.293018
63 0.424437 1.803639 71.399529
64 0.609688 1.236283 72.508102
65 0.685395 0.769673 73.61395
66 0.680681 0.749838 74.722796
67 0.721842 0.653094 75.835753
68 0.48431 1.459014 76.956349
69 0.614963 1.012105 78.061909
70 0.545247 1.329587 79.169952
71 0.734714 0.623238 80.614533
72 0.658484 1.019716 81.721325
73 0.663524 0.834833 82.82722
74 0.554064 1.151581 83.933997
75 0.814507 0.469603 85.039311
76 0.627622 0.995199 86.144792
77 0.733847 0.655131 87.251099
78 0.625093 0.942145 88.358094
79 0.444532 1.776323 89.466577
80 0.637556 0.99739 90.575492
81 0.692248 0.945156 91.682779
82 0.549798 1.371026 92.787499
83 0.558293 1.54232 94.242593
84 0.452515 1.64877 95.689461
85 0.647261 1.05418 96.792007
86 0.796056 0.532914 97.902875
87 0.62838 1.065774 99.009343
88 0.642925 0.809374 100.116657
89 0.678088 0.87182 101.223624
90 0.787805 0.490845 102.329264
91 0.677551 0.842245 103.433811
92 0.617579 1.313562 104.539939
93 0.758471 0.628269 105.644125
94 0.604539 1.327589 106.750151
95 0.621061 0.967898 107.858092
96 0.384386 2.138671 108.965291
97 0.724338 0.777067 110.418921
98 0.729097 0.609015 111.526506
99 0.713128 0.72028 112.633601
100 0.684236 0.908606 113.738482
101 0.493178 1.552902 114.843665
102 0.440295 1.539406 115.947978
103 0.609391 1.057541 117.052413
104 0.680852 0.886492 118.157135
105 0.561253 1.281242 119.263349
106 0.533764 1.580355 120.368252
107 0.57865 1.266017 121.472925
108 0.630377 1.098963 122.579067
109 0.612817 1.174401 123.6844
110 0.695487 0.832588 124.793124
111 0.594804 1.244511 126.254871
112 0.62633 1.070068 127.362329
113 0.758932 0.616427 128.467145
114 0.449456 1.78283 129.571059
115 0.697397 0.71161 130.676556
116 0.519984 1.422185 131.784171
117 0.641367 0.897991 132.892582
118 0.79134 0.482975 133.996514
119 0.808922 0.462326 135.101966
120 0.723571 0.836756 136.20709
121 0.614139 1.114635 137.312839
122 0.811014 0.483005 138.418064
123 0.527859 1.482191 139.526832
124 0.717912 0.702727 140.980333
125 0.856166 0.32891 142.087412
126 0.53797 1.247096 143.195481
127 0.590895 1.103793 144.301959
128 0.680212 0.835933 145.411668
129 0.673145 0.84349 146.518695
130 0.665808 0.931949 147.624324
131 0.487377 1.661326 148.729009
132 0.284807 2.674131 149.834496
133 0.687036 0.978155 150.939758
134 0.684059 0.79868 152.045967
135 0.612945 1.109518 153.153438
136 0.783674 0.614698 154.260464
137 0.502798 1.288097 155.716595
138 0.583945 1.116344 156.824705
139 0.592413 1.182831 157.933207
140 0.57423 1.291509 159.041234
141 0.356335 2.149317 160.148022
142 0.585767 1.201488 161.255145
143 0.686459 0.724398 162.36105
144 0.455152 1.544192 163.466874
145 0.7608 0.665373 164.57257
146 0.562541 1.215468 165.69166
147 0.571034 1.28463 166.797034
148 0.785613 0.529762 167.905533
149 0.657508 0.862471 169.015976
150 0.704771 0.757488 170.475328
151 0.6911 0.909583 171.583046
152 0.610162 0.986107 172.689171
153 0.647977 1.112659 173.796688
154 0.814194 0.411464 174.902566
155 0.431503 1.84111 176.008407
156 0.493484 1.42086 177.113685
157 0.592282 1.149496 178.220129
158 0.6948 0.841712 179.324642
159 0.789712 0.538635 180.435097
160 0.566672 1.374165 181.540612
161 0.809355 0.471028 182.649718
162 0.774638 0.618123 183.755398
163 0.717335 0.843029 184.861565
164 0.530578 1.297485 186.328881
165 0.54978 1.311707 187.433632
166 0.77351 0.508677 188.539102
167 0.613725 1.108456 189.644135
168 0.680776 0.856024 190.750424
169 0.748114 0.741735 191.855636
170 0.787236 0.508852 192.960914
171 0.445197 1.849991 194.065095
172 0.710215 0.856753 195.170788
173 0.426279 1.72582 196.277549
174 0.785762 0.57619 197.385087
175 0.541075 1.53254 198.489893
176 0.573007 1.309286 199.592501
177 0.640471 1.055957 201.060501
178 0.592447 1.172934 202.167406
179 0.672758 0.962352 203.277918
180 0.414061 2.09942 204.391085
181 0.523434 1.467489 205.495865
182 0.54835 1.230075 206.600594
183 0.720793 0.693149 207.704669
184 0.45753 1.573042 208.809749
185 0.760802 0.572827 209.913146
186 0.642847 0.982442 211.020181
187 0.825146 0.426563 212.125155
188 0.789072 0.575302 213.230863
189 0.387008 1.985596 214.334884
190 0.576472 1.080356 215.801176
191 0.725126 0.730926 216.905483
192 0.631584 1.335329 218.012083
193 0.730607 0.699876 219.116533
194 0.536329 1.379683 220.222589
195 0.815919 0.442514 221.326006
196 0.591745 1.146187 222.431203
197 0.364098 2.111194 223.535099
198 0.614527 1.042082 224.642992
199 0.674479 1.020923 225.748782
200 0.814292 0.456609 226.854699
201 0.663626 0.789841 227.962104
202 0.705373 0.713628 229.067968
203 0.809268 0.476358 230.539215
204 0.736236 0.648274 231.643552
205 0.764166 0.608536 232.752148
206 0.721816 0.754797 233.858849
207 0.73389 0.760243 234.962772
208 0.455618 2.044307 236.068514
209 0.691407 1.099521 237.173064
210 0.608645 1.038079 238.279056
211 0.788204 0.546791 239.386359
212 0.780719 0.564756 240.490424
213 0.672203 0.877808 241.608951
214 0.532555 1.374538 242.713048
215 0.78613 0.506787 243.818725
216 0.694543 0.793018 245.290518
217 0.73359 0.680275 246.396443
218 0.805085 0.469283 247.502635
219 0.754471 0.629406 248.607879
220 0.719183 0.650108 249.714632
221 0.502831 1.408903 250.821553
222 0.515559 1.394433 252.306543
223 0.569181 1.267589 253.414365
224 0.743531 0.69003 254.521588
225 0.645565 0.944804 255.629946
226 0.733789 0.65956 256.736253
227 0.786324 0.57032 257.841368
228 0.589826 1.13173 258.946398
229 0.501072 1.625192 260.425212
230 0.530592 1.284206 261.531122
231 0.919917 0.182004 262.636131
232 0.587429 1.251746 263.742554
233 0.713288 0.654388 264.847466
234 0.640176 1.106137 265.952518
235 0.548444 1.333084 267.058676
236 0.853768 0.369706 268.165997
237 0.41435 1.927725 269.27124
238 0.878862 0.273611 270.376832
239 0.645114 1.06601 271.482607
240 0.709086 0.690743 272.59009
241 0.828576 0.388384 273.702868
242 0.708531 0.879767 274.80887
243 0.818813 0.441712 276.294628
244 0.566995 1.102364 277.398847
245 0.792466 0.451948 278.50398
246 0.454137 1.724852 279.613555
247 0.576811 1.14521 280.722537
248 0.528053 1.488434 281.827924
249 0.593559 1.136399 282.935071
250 0.608599 0.953929 284.04063
251 0.608521 1.085258 285.14887
252 0.706061 0.842184 286.263767
253 0.537239 1.274485 287.369211
254 0.698622 0.778001 288.475418
255 0.504929 1.716464 289.579885
256 0.757385 0.679292 291.061325
257 0.544063 1.232021 292.166932
258 0.654183 0.842635 293.27353
259 0.401885 2.044686 294.380084
260 0.596856 1.380675 295.484878
261 0.596912 1.160134 296.588928
262 0.71421 0.691943 297.694708
263 0.615663 0.936723 298.798212
264 0.690194 0.760144 299.900998
265 0.487009 1.436474 301.008086

