samples: 5000
burn_in: 500
steps: 100
Exact H:-9.75
   Fidelity  ROE       Mean      Median    CI Width LL on CI  UL on CI  mmRatio  Min Err  Max Err
1     N/A    0.000230  -9.74776  -9.75029  0.00170  -9.74947  -9.74606  0.99974  0.00005  0.00040  
2     N/A    0.000198  -9.74807  -9.74944  0.00220  -9.75026  -9.74587  0.99986  0.00003  0.00042  
3     N/A    0.000077  -9.74925  -9.75129  0.00159  -9.75084  -9.74766  0.99979  0.00009  0.00024  
4     N/A    0.000221  -9.74785  -9.74759  0.00201  -9.74986  -9.74584  1.00003  0.00001  0.00043  
5     N/A    0.000246  -9.74760  -9.74810  0.00234  -9.74995  -9.74526  0.99995  0.00001  0.00049  
6     N/A    0.000350  -9.74658  -9.74721  0.00191  -9.74850  -9.74467  0.99994  0.00015  0.00055  
7     N/A    0.000321  -9.74687  -9.74776  0.00202  -9.74889  -9.74485  0.99991  0.00011  0.00053  
8     N/A    0.000247  -9.74759  -9.74881  0.00215  -9.74974  -9.74544  0.99987  0.00003  0.00047  
9     N/A    0.000373  -9.74636  -9.74791  0.00216  -9.74852  -9.74421  0.99984  0.00015  0.00059  
10     N/A    0.000182  -9.74823  -9.74839  0.00211  -9.75033  -9.74612  0.99998  0.00003  0.00040  
