0.1988805234 0.0000000000
0.1898284107 0.0000000000
0.1898282915 0.0000000000
0.1808531135 0.0000000000
0.1898281276 0.0000000000
0.1808530837 0.0000000000
0.1808530539 0.0000000000
0.1720035225 0.0000000000
0.1898281127 0.0000000000
0.1808530986 0.0000000000
0.1808530688 0.0000000000
0.1720035523 0.0000000000
0.1808529943 0.0000000000
0.1720036119 0.0000000000
0.1720036417 0.0000000000
0.1633202732 0.0000000000
0.1898281127 0.0000000000
0.1808530986 0.0000000000
0.1808530688 0.0000000000
0.1720035672 0.0000000000
0.1808530092 0.0000000000
0.1720036119 0.0000000000
0.1720036566 0.0000000000
0.1633202881 0.0000000000
0.1808529645 0.0000000000
0.1720035970 0.0000000000
0.1720036417 0.0000000000
0.1633203030 0.0000000000
0.1720036566 0.0000000000
0.1633204222 0.0000000000
0.1633205265 0.0000000000
0.1548366696 0.0000000000
