samples: 5000
burn_in: 100
steps: 100
Exact H:-2.25
   Fidelity  ROE       Mean      Median    CI Width LL on CI  UL on CI  mmRatio  Min Err  Max Err
1  0.466123  0.049088  -2.13955  -2.11088  0.01394  -2.15349  -2.12561  1.01358  0.04289  0.05529  
2  0.576619  0.036862  -2.16706  -2.15451  0.01116  -2.17822  -2.15590  1.00582  0.03190  0.04182  
3  0.671038  0.022661  -2.19901  -2.19098  0.00878  -2.20780  -2.19023  1.00367  0.01876  0.02656  
4  0.736838  0.010779  -2.22575  -2.22722  0.00736  -2.23311  -2.21838  0.99934  0.00751  0.01405  
5  0.792378  0.007467  -2.23320  -2.22856  0.00589  -2.23909  -2.22731  1.00208  0.00485  0.01008  
6  0.832468  0.004581  -2.23969  -2.23149  0.00468  -2.24437  -2.23501  1.00367  0.00250  0.00666  
7  0.860802  0.004299  -2.24033  -2.23746  0.00379  -2.24412  -2.23653  1.00128  0.00261  0.00598  
8  0.885031  0.002014  -2.24547  -2.25000  0.00335  -2.24882  -2.24212  0.99799  0.00052  0.00350  
9  0.906887  0.002371  -2.24466  -2.25000  0.00294  -2.24760  -2.24173  0.99763  0.00107  0.00368  
10  0.918267  0.001936  -2.24564  -2.24863  0.00261  -2.24826  -2.24303  0.99867  0.00078  0.00310  
11  0.928508  0.000800  -2.24820  -2.25000  0.00268  -2.25088  -2.24552  0.99920  0.00039  0.00199  
12  0.937488  0.001013  -2.24772  -2.25000  0.00261  -2.25033  -2.24511  0.99899  0.00015  0.00217  
13  0.945681  0.001329  -2.24701  -2.25000  0.00249  -2.24950  -2.24452  0.99867  0.00022  0.00244  
14  0.952290  0.001194  -2.24731  -2.24796  0.00244  -2.24975  -2.24488  0.99971  0.00011  0.00228  
15  0.956461  0.000630  -2.24858  -2.25000  0.00239  -2.25097  -2.24619  0.99937  0.00043  0.00169  
16  0.961086  0.001656  -2.24627  -2.24566  0.00268  -2.24895  -2.24360  1.00027  0.00047  0.00285  
17  0.964947  0.001230  -2.24723  -2.24392  0.00274  -2.24997  -2.24450  1.00148  0.00001  0.00245  
18  0.967566  0.001397  -2.24686  -2.24575  0.00262  -2.24947  -2.24424  1.00049  0.00023  0.00256  
19  0.970802  0.001283  -2.24711  -2.24433  0.00262  -2.24974  -2.24449  1.00124  0.00012  0.00245  
20  0.972229  0.001862  -2.24581  -2.24312  0.00288  -2.24869  -2.24293  1.00120  0.00058  0.00314  
21  0.973892  0.002153  -2.24516  -2.24349  0.00291  -2.24807  -2.24224  1.00074  0.00086  0.00345  
22  0.974429  0.001201  -2.24730  -2.24524  0.00300  -2.25029  -2.24430  1.00092  0.00013  0.00253  
23  0.976725  0.001960  -2.24559  -2.24095  0.00279  -2.24838  -2.24280  1.00207  0.00072  0.00320  
24  0.977340  0.001512  -2.24660  -2.23806  0.00303  -2.24963  -2.24357  1.00381  0.00017  0.00286  
25  0.978215  0.001367  -2.24693  -2.23469  0.00278  -2.24971  -2.24415  1.00548  0.00013  0.00260  
26  0.977899  0.001570  -2.24647  -2.23286  0.00309  -2.24956  -2.24337  1.00609  0.00020  0.00294  
27  0.979423  0.001798  -2.24595  -2.24380  0.00306  -2.24901  -2.24290  1.00096  0.00044  0.00316  
28  0.979823  0.001776  -2.24600  -2.24297  0.00300  -2.24901  -2.24300  1.00135  0.00044  0.00311  
29  0.980188  0.002639  -2.24406  -2.24340  0.00321  -2.24727  -2.24085  1.00030  0.00121  0.00407  
30  0.980162  0.001632  -2.24633  -2.24126  0.00330  -2.24963  -2.24302  1.00226  0.00016  0.00310  
31  0.979907  0.001873  -2.24579  -2.23921  0.00351  -2.24930  -2.24227  1.00294  0.00031  0.00343  
32  0.979938  0.002995  -2.24326  -2.23800  0.00349  -2.24675  -2.23977  1.00235  0.00145  0.00454  
33  0.980046  0.003184  -2.24284  -2.23842  0.00353  -2.24637  -2.23930  1.00197  0.00161  0.00476  
34  0.980665  0.001821  -2.24590  -2.24278  0.00349  -2.24939  -2.24242  1.00139  0.00027  0.00337  
35  0.981080  0.002209  -2.24503  -2.24195  0.00326  -2.24829  -2.24177  1.00137  0.00076  0.00366  
36  0.980924  0.002732  -2.24385  -2.24436  0.00336  -2.24721  -2.24050  0.99977  0.00124  0.00422  
37  0.980846  0.002661  -2.24401  -2.24575  0.00355  -2.24756  -2.24046  0.99923  0.00108  0.00424  
38  0.981373  0.002108  -2.24526  -2.25000  0.00349  -2.24875  -2.24177  0.99789  0.00056  0.00366  
39  0.981871  0.002051  -2.24539  -2.24663  0.00330  -2.24869  -2.24208  0.99944  0.00058  0.00352  
40  0.981578  0.002420  -2.24455  -2.24155  0.00340  -2.24795  -2.24116  1.00134  0.00091  0.00393  
