Optimizers: SGD Adam Adadelta Adamax RMSprop 
Learning Rates: 0.01 0.0001 0.1 0.001 0.0001 
Epoch & Fidelity & KL & Runtime 
1 0.449861 0.880978 9.515326
2 0.553323 0.731479 19.169437
3 0.577627 0.698554 28.835919
4 0.599025 0.606805 38.475742
5 0.649871 0.509129 48.121454
6 0.68646 0.43587 57.72907
7 0.717698 0.388495 67.360211
8 0.745353 0.355864 77.013431
9 0.75377 0.354051 86.608706
10 0.779306 0.305132 96.302496
11 0.782418 0.311626 105.882102
12 0.804251 0.266697 115.547458
13 0.812215 0.258091 125.135658
14 0.826289 0.229282 134.890897
15 0.825077 0.245263 144.54748
16 0.84201 0.209122 154.129127
17 0.847858 0.21053 163.787183
18 0.854125 0.206888 173.41326
19 0.866364 0.181787 183.059737
20 0.865627 0.185455 192.595371
21 0.877226 0.168826 202.254054
22 0.881159 0.159012 211.938881
23 0.882995 0.156503 221.538135
24 0.887528 0.157579 231.08617
25 0.875583 0.185181 240.63361
26 0.887688 0.159638 250.209313
27 0.890292 0.160837 259.802319
28 0.893083 0.155296 269.501811
29 0.893463 0.155543 279.071063
30 0.886833 0.175452 288.653859
31 0.892419 0.161861 298.329432
32 0.905148 0.138641 307.977154
33 0.900073 0.147659 317.544971
34 0.898995 0.15381 327.192907
35 0.904084 0.144558 336.833344
36 0.918414 0.115169 346.522709
37 0.902514 0.151638 356.048117
38 0.913259 0.128876 365.701319
39 0.907793 0.142308 375.219271
40 0.91793 0.121077 384.819243
41 0.917031 0.124557 394.419317
42 0.917757 0.120146 403.984914
43 0.91939 0.1173 413.62782
44 0.916418 0.128381 423.205209
45 0.915545 0.131427 432.775033
46 0.913235 0.136713 442.504949
47 0.928878 0.099018 452.172852
48 0.927384 0.104582 461.787463
49 0.90098 0.162382 471.377001
50 0.911965 0.142208 480.967825
51 0.92447 0.111355 490.623766
52 0.914423 0.134676 500.373065

Epoch & Fidelity & KL & Runtime 
1 0.112388 2.542424 10.481632
2 0.16019 2.06149 21.184729
3 0.196283 1.843871 31.788406
4 0.223184 1.698425 42.398367
5 0.245543 1.591751 53.017451
6 0.266028 1.490455 63.498906
7 0.285469 1.399459 74.107448
8 0.305568 1.31915 84.645391
9 0.324488 1.244281 95.2921
10 0.342886 1.175112 105.80955
11 0.362176 1.110264 116.337225
12 0.380612 1.051162 126.878382
13 0.39972 0.999637 137.420346
14 0.41748 0.952998 148.026237
15 0.434306 0.912519 158.57418
16 0.450855 0.874935 169.149517
17 0.466328 0.843471 179.863137
18 0.480131 0.818286 190.38187
19 0.492359 0.796538 201.031055
20 0.504006 0.779107 211.540423
21 0.513961 0.765933 222.11597
22 0.522932 0.752464 232.737719
23 0.530141 0.744015 243.228954
24 0.537564 0.731014 253.93064
25 0.543782 0.724778 264.567312
26 0.547973 0.71733 275.098988
27 0.554186 0.708816 285.660101
28 0.558425 0.701403 296.249224
29 0.56264 0.695232 306.857453
30 0.566304 0.688416 317.469875
31 0.570004 0.682309 328.155354
32 0.57315 0.676287 338.801322
33 0.576825 0.669886 349.45962
34 0.579282 0.663836 360.027062
35 0.581992 0.657878 370.733474
36 0.584623 0.652775 381.264285
37 0.587253 0.648579 391.89664
38 0.590088 0.639345 402.549344
39 0.593502 0.630659 413.057472
40 0.596592 0.623429 423.548725
41 0.599939 0.619614 434.195159
42 0.601944 0.609898 444.773891
43 0.605201 0.603175 455.297711
44 0.607634 0.596289 465.808419
45 0.609559 0.59068 476.280702
46 0.61252 0.583081 486.864505
47 0.616008 0.573471 497.329329
48 0.618081 0.565968 507.856567

Epoch & Fidelity & KL & Runtime 
1 0.180957 1.953608 10.833377
2 0.244742 1.595052 21.802145
3 0.29234 1.389619 32.844251
4 0.337466 1.217448 43.899411
5 0.379814 1.070226 54.864434
6 0.418396 0.956961 65.774491
7 0.455297 0.870076 76.723598
8 0.485996 0.809002 87.621487
9 0.510982 0.7717 98.509329
10 0.530702 0.741385 109.328955
11 0.543866 0.721726 120.275656
12 0.553108 0.708038 131.117322
13 0.563554 0.689527 142.094595
14 0.571552 0.675359 153.06296
15 0.577778 0.6621 164.103811
16 0.585339 0.643098 175.109422
17 0.593025 0.62396 185.982024
18 0.599521 0.608449 197.033544
19 0.606515 0.588463 207.971767
20 0.613838 0.573261 219.043883
21 0.621895 0.558595 230.032533
22 0.630283 0.539931 241.071229
23 0.63726 0.523749 252.225001
24 0.645276 0.507689 263.214735
25 0.650679 0.496054 274.082619
26 0.659157 0.476581 285.019832
27 0.666552 0.462075 295.915481
28 0.671876 0.457106 306.87793
29 0.680612 0.441427 317.932615
30 0.689395 0.423619 328.875176
31 0.696821 0.41418 339.889717
32 0.703064 0.405419 350.728845
33 0.709861 0.397991 361.785646
34 0.719481 0.378085 372.701205
35 0.726169 0.371562 383.560563
36 0.731595 0.364491 394.559938
37 0.737063 0.358572 405.515377
38 0.74377 0.345871 416.609707
39 0.745734 0.344547 427.596772
40 0.748047 0.342266 438.58729
41 0.753218 0.337185 449.648379
42 0.753601 0.340999 460.741503
43 0.756455 0.334414 471.604537
44 0.76004 0.331827 482.646019
45 0.764503 0.322394 493.641449
46 0.764451 0.323692 504.668919

Epoch & Fidelity & KL & Runtime 
1 0.207759 1.777225 11.637483
2 0.273244 1.468196 23.40836
3 0.326005 1.244719 35.14317
4 0.388281 1.029076 46.95985
5 0.444988 0.885195 58.713238
6 0.48741 0.801667 70.393119
7 0.519328 0.753616 82.133059
8 0.537887 0.73133 93.930146
9 0.55132 0.706796 105.664664
10 0.563394 0.685623 117.311063
11 0.573485 0.671309 129.085207
12 0.578467 0.659835 140.831275
13 0.585865 0.639583 152.596468
14 0.59287 0.624295 164.371272
15 0.598639 0.614386 176.059774
16 0.604008 0.599059 187.820452
17 0.612007 0.581054 199.584897
18 0.616819 0.565609 211.338974
19 0.62519 0.549328 223.20307
20 0.630017 0.538482 234.885993
21 0.63925 0.516797 246.675465
22 0.644662 0.508923 258.436255
23 0.653311 0.487568 270.186064
24 0.660353 0.483149 281.878432
25 0.670119 0.461888 293.653504
26 0.674519 0.451389 305.412861
27 0.683196 0.438377 317.229282
28 0.693829 0.425126 328.993708
29 0.696901 0.413022 340.703012
30 0.707447 0.402431 352.591267
31 0.713646 0.389881 364.358547
32 0.720865 0.380537 376.119026
33 0.728993 0.368873 387.913937
34 0.733159 0.362229 399.575382
35 0.741111 0.354137 411.346904
36 0.746054 0.346703 423.118304
37 0.75189 0.336726 434.867693
38 0.755214 0.328457 446.528829
39 0.759226 0.329536 458.290214
40 0.765399 0.317709 470.05978
41 0.770985 0.311321 481.820866
42 0.775105 0.30743 493.53299
43 0.777777 0.304691 505.334685

Epoch & Fidelity & KL & Runtime 
1 0.11523 2.493059 10.324764
2 0.157606 2.103735 20.539186
3 0.185667 1.927416 30.731233
4 0.206867 1.799919 41.154076
5 0.225609 1.698619 51.469179
6 0.243983 1.596681 61.667634
7 0.263929 1.491776 71.856316
8 0.284382 1.394439 82.144897
9 0.304161 1.311617 92.492788
10 0.323246 1.23933 102.622067
11 0.341417 1.176841 112.849697
12 0.35892 1.123245 123.029864
13 0.375253 1.072446 133.141326
14 0.391543 1.028129 143.402926
15 0.406572 0.987645 153.790778
16 0.422717 0.946637 163.910037
17 0.437953 0.908945 174.271508
18 0.452778 0.874372 184.542308
19 0.467731 0.843235 194.603369
20 0.4824 0.814518 204.89032
21 0.495602 0.790875 215.273219
22 0.508038 0.769225 225.464357
23 0.518897 0.750598 235.877535
24 0.529345 0.73447 246.136893
25 0.538729 0.720395 256.362156
26 0.546817 0.70684 266.59554
27 0.554953 0.695526 276.929046
28 0.562151 0.68155 287.289134
29 0.568647 0.66982 297.493742
30 0.575444 0.656268 307.937202
31 0.581107 0.643886 318.172958
32 0.587257 0.631219 328.340941
33 0.59325 0.617988 338.698884
34 0.598065 0.60661 348.944057
35 0.605532 0.593328 359.046194
36 0.610443 0.579201 369.441977
37 0.61736 0.565941 379.647802
38 0.623608 0.55467 389.905108
39 0.629487 0.540129 400.289075
40 0.634834 0.527468 410.569591
41 0.64047 0.517552 420.809052
42 0.645987 0.506565 431.056899
43 0.652252 0.494688 441.462738
44 0.656818 0.483863 451.833199
45 0.662543 0.473777 462.120137
46 0.667739 0.465826 472.375065
47 0.672639 0.460403 482.568865
48 0.67919 0.447556 492.774641
49 0.684265 0.442493 503.006113

