Batch size is 2
Epoch & Fidelity & Runtime 
1 0.552589 12.974405
2 0.630864 25.986154
3 0.711967 38.99489
4 0.762627 52.23958
5 0.796148 65.383766
6 0.805544 78.398848
7 0.820498 91.38477
8 0.817655 104.301045
9 0.827714 117.235538
10 0.835429 130.239071
11 0.837421 143.07353
12 0.856882 156.144151
13 0.847658 169.115626
14 0.865227 182.28326
15 0.869325 195.414509
16 0.881235 208.284881
17 0.878625 221.274182
18 0.877895 234.245679
19 0.859951 247.244337
20 0.885075 260.239261
21 0.887754 273.249622
22 0.892417 286.295789
23 0.888674 299.332702
24 0.871402 312.224039

Batch size is 4
Epoch & Fidelity & Runtime 
1 0.455135 7.265538
2 0.548557 14.112512
3 0.581697 21.005181
4 0.612345 27.957333
5 0.652026 34.870557
6 0.687638 41.892873
7 0.687389 48.840389
8 0.729984 55.813149
9 0.748566 62.75387
10 0.746765 69.634225
11 0.77404 76.555372
12 0.77464 83.49995
13 0.783938 90.442262
14 0.781333 97.40762
15 0.806536 104.3292
16 0.808048 111.322771
17 0.812304 118.256693
18 0.81994 125.143349
19 0.824723 132.082946
20 0.824002 139.016077
21 0.82632 145.986899
22 0.830333 152.917421
23 0.84128 159.865894
24 0.840557 166.897107
25 0.838945 173.839262
26 0.844707 180.841312
27 0.835713 187.791902
28 0.83972 194.710152
29 0.841797 201.709236
30 0.840919 208.645939
31 0.840578 215.591262
32 0.853055 222.543519
33 0.843326 229.574111
34 0.837674 236.499946
35 0.848806 243.390857
36 0.849082 250.323004
37 0.838837 257.281417
38 0.854323 264.292533
39 0.836972 271.294989
40 0.850186 278.235163
41 0.836376 285.183815
42 0.845683 292.103022
43 0.83944 299.144243
44 0.847673 306.089007

Batch size is 8
Epoch & Fidelity & Runtime 
1 0.327162 3.869993
2 0.466167 7.703381
3 0.532293 11.509327
4 0.559387 15.350605
5 0.568956 19.265798
6 0.575281 23.120952
7 0.595609 26.94378
8 0.609446 30.841841
9 0.626458 34.70568
10 0.637651 38.541672
11 0.65422 42.355976
12 0.673114 46.208774
13 0.686343 50.084544
14 0.70089 53.979872
15 0.702416 57.822335
16 0.722413 61.661744
17 0.74184 65.574873
18 0.74577 69.482585
19 0.759323 73.323194
20 0.759513 77.229188
21 0.741558 81.148478
22 0.768976 85.015348
23 0.764599 88.920283
24 0.779343 92.831768
25 0.790994 96.680236
26 0.786435 100.555451
27 0.76636 104.426226
28 0.793971 108.299791
29 0.80969 112.17298
30 0.796146 116.082132
31 0.807185 119.937425
32 0.812985 123.859809
33 0.81637 127.718786
34 0.817369 131.566176
35 0.822867 135.430284
36 0.819284 139.36171
37 0.828683 143.279266
38 0.808866 147.135515
39 0.828461 151.050068
40 0.833091 154.96521
41 0.8367 158.804291
42 0.835201 162.720517
43 0.831167 166.557679
44 0.838785 170.455786
45 0.833267 174.300254
46 0.831376 178.246933
47 0.83934 182.09797
48 0.840217 185.978801
49 0.82495 189.900403
50 0.849478 193.738802
51 0.842919 197.580484
52 0.822885 201.557878
53 0.847651 205.402601
54 0.835873 209.242446
55 0.856234 213.200623
56 0.847601 217.042922
57 0.846018 220.888012
58 0.825993 224.801184
59 0.839753 228.705605
60 0.85471 232.55911
61 0.84757 236.399014
62 0.866694 240.253054
63 0.862899 244.150295
64 0.856083 248.063217
65 0.854005 251.942666
66 0.841977 255.783395
67 0.859356 259.75438
68 0.845712 263.601535
69 0.830704 267.445274
70 0.84021 271.363969
71 0.856874 275.277021
72 0.864216 279.127633
73 0.854933 283.042143
74 0.861434 286.879016
75 0.868301 290.825762
76 0.8587 294.689535
77 0.854154 298.594083
78 0.841833 302.452934

Batch size is 16
Epoch & Fidelity & Runtime 
1 0.22715 2.509133
2 0.310048 4.873523
3 0.3734 7.258801
4 0.421427 9.623609
5 0.459772 12.013391
6 0.492568 14.402009
7 0.511471 16.753752
8 0.530022 19.111871
9 0.545178 21.476565
10 0.556293 23.842026
11 0.567712 26.221238
12 0.577293 28.638892
13 0.589374 31.001952
14 0.59946 33.35689
15 0.611982 35.713533
16 0.615086 38.076135
17 0.63 40.464533
18 0.636676 42.881595
19 0.64318 45.252335
20 0.652782 47.623793
21 0.660468 50.011838
22 0.670151 52.383226
23 0.67247 54.763992
24 0.682323 57.204391
25 0.689378 59.589408
26 0.695113 61.97264
27 0.703645 64.363098
28 0.708953 66.743608
29 0.715895 69.144182
30 0.714829 71.52153
31 0.724304 73.961993
32 0.731509 76.347118
33 0.738471 78.729231
34 0.742571 81.117499
35 0.743636 83.498986
36 0.751322 85.881522
37 0.756667 88.324648
38 0.757984 90.715922
39 0.761125 93.102976
40 0.768498 95.49731
41 0.772607 97.888186
42 0.770145 100.277812
43 0.776572 102.74322
44 0.77574 105.131798
45 0.773845 107.519272
46 0.776252 109.911983
47 0.787561 112.299312
48 0.788805 114.688965
49 0.792035 117.139463
50 0.793368 119.523207
51 0.79745 121.908434
52 0.798996 124.29459
53 0.798627 126.684991
54 0.803138 129.074984
55 0.80204 131.470129
56 0.809123 133.95357
57 0.808646 136.41151
58 0.810697 138.800546
59 0.814156 141.191844
60 0.811832 143.582057
61 0.809613 145.972353
62 0.814936 148.426682
63 0.815381 150.81192
64 0.815855 153.203064
65 0.820944 155.587142
66 0.821909 157.976472
67 0.817543 160.361649
68 0.821129 162.814739
69 0.823141 165.227823
70 0.825973 167.617113
71 0.818804 170.004761
72 0.817611 172.393081
73 0.81987 174.785475
74 0.824183 177.241031
75 0.822633 179.631799
76 0.827503 182.024357
77 0.825083 184.416954
78 0.822571 186.807726
79 0.821249 189.194608
80 0.823429 191.582315
81 0.822397 194.04368
82 0.827915 196.432681
83 0.825103 198.842942
84 0.826807 201.233614
85 0.827974 203.622216
86 0.833097 206.013576
87 0.835879 208.474231
88 0.833287 210.865028
89 0.831841 213.266258
90 0.833054 215.657411
91 0.829897 218.04335
92 0.829151 220.429369
93 0.830153 222.893841
94 0.831155 225.285767
95 0.834843 227.674645
96 0.834228 230.094342
97 0.839001 232.483044
98 0.838498 234.875003
99 0.840615 237.343136
100 0.841654 239.729993
101 0.832295 242.125675
102 0.833103 244.518945
103 0.834927 246.908033
104 0.840902 249.30268
105 0.83468 251.687681
106 0.839361 254.147528
107 0.843177 256.533622
108 0.844902 258.920014
109 0.842506 261.324476
110 0.842292 263.715158
111 0.83939 266.10033
112 0.839835 268.564922
113 0.848624 270.952383
114 0.847134 273.336504
115 0.841485 275.722844
116 0.847981 278.107595
117 0.847264 280.491121
118 0.839741 282.959925
119 0.841641 285.348184
120 0.850178 287.739575
121 0.852667 290.125957
122 0.854461 292.592199
123 0.854239 295.004423
124 0.855543 297.475147
125 0.855829 299.865511
126 0.854626 302.257452

Batch size is 32
Epoch & Fidelity & Runtime 
1 0.158411 1.672925
2 0.218022 3.250046
3 0.26611 4.821327
4 0.303659 6.473003
5 0.336262 8.058967
6 0.366639 9.630706
7 0.394478 11.208458
8 0.420077 12.780266
9 0.442671 14.350123
10 0.462379 15.936948
11 0.479612 17.532648
12 0.493896 19.122902
13 0.505923 20.780889
14 0.515694 22.353798
15 0.52591 23.943966
16 0.532314 25.533906
17 0.53953 27.110322
18 0.54589 28.699576
19 0.550427 30.281398
20 0.554605 31.864133
21 0.558598 33.451483
22 0.562725 35.113578
23 0.566023 36.703562
24 0.568185 38.288921
25 0.571806 39.881844
26 0.573678 41.462874
27 0.575841 43.055103
28 0.579699 44.643882
29 0.581552 46.235437
30 0.582625 47.824893
31 0.587327 49.414328
32 0.588883 51.08043
33 0.592158 52.671177
34 0.59508 54.257684
35 0.598889 55.844212
36 0.600921 57.4339
37 0.602214 59.028675
38 0.606129 60.643537
39 0.609349 62.233439
40 0.61313 63.825214
41 0.617635 65.495834
42 0.621448 67.084581
43 0.625181 68.6768
44 0.628411 70.266545
45 0.634095 71.856666
46 0.637496 73.438921
47 0.640028 75.023871
48 0.646443 76.616441
49 0.651922 78.208789
50 0.655309 79.797357
51 0.659772 81.468215
52 0.663877 83.06261
53 0.670016 84.653774
54 0.67259 86.249972
55 0.676659 87.842243
56 0.683219 89.435798
57 0.686252 91.030171
58 0.689578 92.62096
59 0.695235 94.213479
60 0.700197 95.882953
61 0.702577 97.470956
62 0.708056 99.060149
63 0.711093 100.64855
64 0.714427 102.232405
65 0.72067 103.844404
66 0.725479 105.443233
67 0.729365 107.040001
68 0.731684 108.637556
69 0.736153 110.328174
70 0.739192 111.932114
71 0.737244 113.530572
72 0.744114 115.130976
73 0.74797 116.728289
74 0.747023 118.325558
75 0.745222 119.923853
76 0.75384 121.5212
77 0.756341 123.120285
78 0.757604 124.722271
79 0.761331 126.404168
80 0.762366 128.085289
81 0.766409 129.683062
82 0.763746 131.278819
83 0.767651 132.875517
84 0.770571 134.472401
85 0.771 136.066526
86 0.772537 137.664895
87 0.776178 139.261396
88 0.771318 140.948512
89 0.778424 142.545599
90 0.783485 144.14162
91 0.779727 145.762213
92 0.779763 147.36113
93 0.785182 148.957778
94 0.788658 150.556958
95 0.785973 152.152988
96 0.784642 153.749559
97 0.7877 155.435783
98 0.785397 157.037912
99 0.78856 158.638286
100 0.789447 160.238198
101 0.789119 161.835107
102 0.7896 163.433635
103 0.787646 165.033109
104 0.790867 166.629139
105 0.789699 168.228663
106 0.79618 169.826616
107 0.799254 171.516763
108 0.799637 173.115606
109 0.802165 174.711869
110 0.800578 176.309901
111 0.791643 177.911314
112 0.799609 179.51092
113 0.801065 181.109282
114 0.808703 182.706377
115 0.809632 184.306836
116 0.80876 186.006883
117 0.80942 187.60692
118 0.810818 189.232331
119 0.815851 190.833808
120 0.818953 192.432182
121 0.81142 194.030684
122 0.808852 195.630335
123 0.80986 197.229317
124 0.808381 198.830275
125 0.807568 200.528456
126 0.803524 202.128288
127 0.806599 203.725843
128 0.81064 205.32243
129 0.820295 206.922158
130 0.814306 208.518165
131 0.816759 210.114508
132 0.814598 211.71741
133 0.81105 213.320504
134 0.811908 215.023503
135 0.808587 216.622877
136 0.816792 218.219597
137 0.81812 219.818427
138 0.817134 221.417616
139 0.817973 223.013504
140 0.818594 224.61235
141 0.818408 226.213419
142 0.825943 227.813043
143 0.822859 229.412221
144 0.81991 231.144861
145 0.820599 232.86543
146 0.818432 234.472344
147 0.821377 236.073071
148 0.815991 237.671864
149 0.817129 239.27201
150 0.816837 240.873848
151 0.825526 242.473487
152 0.825177 244.074022
153 0.823481 245.789073
154 0.823742 247.392719
155 0.823797 248.990548
156 0.822858 250.591387
157 0.82391 252.189216
158 0.823993 253.786855
159 0.824502 255.384281
160 0.819753 256.981565
161 0.821573 258.582608
162 0.823815 260.302985
163 0.826816 261.905488
164 0.827277 263.508821
165 0.82944 265.110302
166 0.834562 266.712637
167 0.831503 268.313362
168 0.837422 269.913401
169 0.833393 271.51333
170 0.83405 273.114308
171 0.833343 274.73545
172 0.833107 276.457309
173 0.835559 278.059539
174 0.834305 279.665684
175 0.835697 281.270153
176 0.834527 282.873896
177 0.83659 284.474896
178 0.836197 286.073515
179 0.835384 287.669023
180 0.833185 289.266191
181 0.83755 290.99279
182 0.834918 292.719764
183 0.836086 294.319969
184 0.835584 295.917867
185 0.831961 297.516296
186 0.83149 299.115534
187 0.831152 300.714509

Batch size is 64
Epoch & Fidelity & Runtime 
1 0.123375 1.273586
2 0.17621 2.449526
3 0.210129 3.620519
4 0.239218 4.788503
5 0.265426 5.956023
6 0.289055 7.123102
7 0.310162 8.293686
8 0.330293 9.462363
9 0.349114 10.62953
10 0.366944 11.798075
11 0.384154 13.088141
12 0.401077 14.256298
13 0.416318 15.421875
14 0.430894 16.589024
15 0.445665 17.760331
16 0.459717 18.927866
17 0.471994 20.096075
18 0.481773 21.26503
19 0.4918 22.435576
20 0.501336 23.603569
21 0.509072 24.770753
22 0.516141 25.947627
23 0.522208 27.118826
24 0.528393 28.412138
25 0.53367 29.576006
26 0.537927 30.74474
27 0.54273 31.926697
28 0.545809 33.090846
29 0.548327 34.258166
30 0.552581 35.424988
31 0.555406 36.593966
32 0.557722 37.757637
33 0.559065 38.924905
34 0.561524 40.099352
35 0.565354 41.291639
36 0.567362 42.634879
37 0.569243 43.815689
38 0.570708 45.0061
39 0.572147 46.183802
40 0.574565 47.375913
41 0.574804 48.567472
42 0.576819 49.760406
43 0.57856 50.954036
44 0.580006 52.145263
45 0.580236 53.334111
46 0.581073 54.502514
47 0.582174 55.678736
48 0.58443 56.870557
49 0.585963 58.18941
50 0.588389 59.385669
51 0.589693 60.582269
52 0.590477 61.776439
53 0.592086 62.973187
54 0.593389 64.164718
55 0.595051 65.365542
56 0.595107 66.561392
57 0.596833 67.755393
58 0.599067 68.949824
59 0.600571 70.148273
60 0.602245 71.342979
61 0.603432 72.67138
62 0.604443 73.867444
63 0.60573 75.062034
64 0.60714 76.256171
65 0.608942 77.450808
66 0.61076 78.647684
67 0.612481 79.843186
68 0.613756 81.044538
69 0.616304 82.241507
70 0.617975 83.434494
71 0.620221 84.628192
72 0.621447 85.824726
73 0.623692 87.018752
74 0.625179 88.335825
75 0.627359 89.528971
76 0.628383 90.720518
77 0.631662 91.912794
78 0.633469 93.105254
79 0.634493 94.296349
80 0.637236 95.487543
81 0.637104 96.683819
82 0.641197 97.878438
83 0.643453 99.070784
84 0.645809 100.260802
85 0.647153 101.453111
86 0.649475 102.770535
87 0.651117 103.962877
88 0.652676 105.156298
89 0.654149 106.351317
90 0.65652 107.543812
91 0.658225 108.738119
92 0.660256 109.937141
93 0.661618 111.132783
94 0.663675 112.329612
95 0.665913 113.524762
96 0.667391 114.725309
97 0.668029 115.930662
98 0.670147 117.13151
99 0.671265 118.454965
100 0.67387 119.654911
101 0.674622 120.855213
102 0.677307 122.085145
103 0.677947 123.286824
104 0.679942 124.61547
105 0.682027 125.815305
106 0.683341 127.018641
107 0.682914 128.220379
108 0.68673 129.424224
109 0.689664 130.627843
110 0.689732 131.830057
111 0.692634 133.16288
112 0.693505 134.366193
113 0.6959 135.567688
114 0.698779 136.76956
115 0.698949 137.971151
116 0.700873 139.173934
117 0.703596 140.376679
118 0.704461 141.580017
119 0.705854 142.784821
120 0.706961 143.989899
121 0.709175 145.195569
122 0.711073 146.399814
123 0.712661 147.728628
124 0.713822 148.93068
125 0.71607 150.132907
126 0.717098 151.335077
127 0.71949 152.537947
128 0.719533 153.738609
129 0.720586 154.940856
130 0.724388 156.144212
131 0.723691 157.34824
132 0.726324 158.553956
133 0.728312 159.760342
134 0.729556 160.961724
135 0.730887 162.166269
136 0.732447 163.500435
137 0.733264 164.702444
138 0.73509 165.904695
139 0.738436 167.107381
140 0.739628 168.310373
141 0.741737 169.511025
142 0.742435 170.711702
143 0.743164 171.913656
144 0.745168 173.116314
145 0.746181 174.317683
146 0.747713 175.519338
147 0.748018 176.719565
148 0.74949 178.056339
149 0.7509 179.257228
150 0.752064 180.460633
151 0.753025 181.66558
152 0.754034 182.865128
153 0.755598 184.067324
154 0.756568 185.267749
155 0.756444 186.481484
156 0.757833 187.688454
157 0.759714 188.890345
158 0.760883 190.09286
159 0.760292 191.295645
160 0.762328 192.632571
161 0.764155 193.835291
162 0.764446 195.035712
163 0.765611 196.236418
164 0.765327 197.442564
165 0.765811 198.641497
166 0.767309 199.843311
167 0.76866 201.047405
168 0.769482 202.250793
169 0.769886 203.478282
170 0.77152 204.687536
171 0.773441 205.89096
172 0.774553 207.095164
173 0.774844 208.441018
174 0.774718 209.643278
175 0.776662 210.843313
176 0.777115 212.047609
177 0.777722 213.250709
178 0.777811 214.451884
179 0.779817 215.657996
180 0.779469 216.860686
181 0.781247 218.065086
182 0.781714 219.270439
183 0.782728 220.474545
184 0.782788 221.680527
185 0.783681 223.023421
186 0.783905 224.229352
187 0.785439 225.431051
188 0.786372 226.631724
189 0.786327 227.83608
190 0.786716 229.039904
191 0.785892 230.239186
192 0.787646 231.439457
193 0.788833 232.6416
194 0.789563 233.846418
195 0.790578 235.048284
196 0.790776 236.250556
197 0.790276 237.600641
198 0.791465 238.804215
199 0.792977 240.006456
200 0.792766 241.209056
201 0.794108 242.412396
202 0.795504 243.613502
203 0.79526 244.816276
204 0.796725 246.018821
205 0.796521 247.222744
206 0.797581 248.423735
207 0.798232 249.623348
208 0.797965 250.828897
209 0.798446 252.029669
210 0.799441 253.382638
211 0.799547 254.584155
212 0.801301 255.786519
213 0.801293 256.988493
214 0.801913 258.189952
215 0.802775 259.39222
216 0.801808 260.592018
217 0.8034 261.791271
218 0.8041 262.996076
219 0.805156 264.198906
220 0.804595 265.401643
221 0.805009 266.606135
222 0.806131 267.963297
223 0.807037 269.170804
224 0.806007 270.374659
225 0.807377 271.577113
226 0.807289 272.779754
227 0.807256 273.981042
228 0.806722 275.18179
229 0.80865 276.386039
230 0.809373 277.590155
231 0.809903 278.80178
232 0.810247 280.166964
233 0.811078 281.378109
234 0.811658 282.736125
235 0.809926 283.964854
236 0.812251 285.167833
237 0.811934 286.370708
238 0.813432 287.573779
239 0.813431 288.778367
240 0.8137 289.983305
241 0.813392 291.185607
242 0.813427 292.388147
243 0.813443 293.589709
244 0.813184 294.792786
245 0.81409 295.995051
246 0.814425 297.201261
247 0.815213 298.564316
248 0.815066 299.764848
249 0.816453 300.966421

Batch size is 128
Epoch & Fidelity & Runtime 
1 0.102402 1.083731
2 0.124899 2.072331
3 0.1508 3.204641
4 0.171907 4.179995
5 0.189144 5.14938
6 0.205186 6.122298
7 0.220382 7.091768
8 0.235329 8.061278
9 0.249476 9.034701
10 0.263139 10.010639
11 0.276571 10.981436
12 0.290061 11.960639
13 0.302775 12.943479
14 0.315682 13.923642
15 0.327726 14.893533
16 0.340129 15.871846
17 0.352108 16.841717
18 0.364241 17.827084
19 0.37627 18.957018
20 0.387898 19.924034
21 0.398987 20.894417
22 0.409563 21.863053
23 0.419975 22.834573
24 0.429529 23.805302
25 0.439227 24.775831
26 0.44814 25.761177
27 0.456469 26.736993
28 0.463995 27.714862
29 0.471571 28.685108
30 0.478695 29.664245
31 0.484907 30.633574
32 0.490858 31.603472
33 0.496134 32.584839
34 0.501373 33.72811
35 0.506391 34.695899
36 0.510939 35.671864
37 0.514804 36.656506
38 0.518833 37.644449
39 0.522286 38.615524
40 0.525967 39.581848
41 0.52948 40.563094
42 0.532177 41.53108
43 0.535645 42.5153
44 0.538333 43.483644
45 0.540716 44.452952
46 0.542779 45.422911
47 0.544676 46.391361
48 0.547099 47.361302
49 0.549015 48.494832
50 0.550834 49.487278
51 0.552761 50.485101
52 0.554795 51.478579
53 0.556338 52.473682
54 0.557967 53.468371
55 0.559629 54.463043
56 0.561142 55.4561
57 0.562872 56.450696
58 0.564592 57.448594
59 0.565877 58.446393
60 0.566869 59.443946
61 0.568132 60.440784
62 0.569243 61.436853
63 0.570575 62.428982
64 0.571506 63.590312
65 0.573044 64.587002
66 0.574549 65.5804
67 0.575601 66.572936
68 0.576832 67.566295
69 0.578101 68.562626
70 0.579031 69.557628
71 0.580155 70.552386
72 0.581359 71.54808
73 0.582582 72.543173
74 0.58356 73.540615
75 0.584037 74.539371
76 0.585499 75.532098
77 0.587041 76.556197
78 0.588717 77.550769
79 0.590122 78.708006
80 0.591592 79.704149
81 0.592564 80.696163
82 0.593937 81.692123
83 0.595656 82.686823
84 0.596404 83.680432
85 0.597893 84.676233
86 0.599016 85.673296
87 0.599914 86.670019
88 0.601869 87.665012
89 0.603442 88.661519
90 0.604965 89.654216
91 0.606059 90.649178
92 0.607541 91.643039
93 0.609331 92.64006
94 0.610671 93.800646
95 0.612362 94.793809
96 0.613719 95.790114
97 0.615215 96.783939
98 0.616638 97.780201
99 0.618472 98.774846
100 0.620012 99.771491
101 0.621688 100.768323
102 0.622997 101.761194
103 0.624789 102.757342
104 0.627003 103.749034
105 0.628887 104.745866
106 0.630479 105.739915
107 0.632234 106.73247
108 0.633047 107.731872
109 0.635022 108.890531
110 0.636543 109.884712
111 0.638329 110.879909
112 0.639842 111.875599
113 0.64207 112.871076
114 0.643567 113.868359
115 0.645089 114.866014
116 0.646835 116.025183
117 0.648607 117.019462
118 0.649901 118.01451
119 0.651796 119.014159
120 0.653644 120.009999
121 0.655205 121.005856
122 0.656787 122.000415
123 0.657925 123.157033
124 0.659858 124.15386
125 0.661074 125.151352
126 0.662739 126.146985
127 0.66451 127.142081
128 0.665873 128.144927
129 0.667247 129.148989
130 0.668794 130.151925
131 0.669781 131.156707
132 0.671448 132.160319
133 0.672961 133.164819
134 0.674341 134.167008
135 0.675805 135.170819
136 0.677315 136.174147
137 0.678888 137.178171
138 0.68037 138.345858
139 0.681651 139.349715
140 0.682816 140.353865
141 0.684338 141.357534
142 0.685514 142.360707
143 0.686273 143.362947
144 0.687615 144.364574
145 0.689138 145.368782
146 0.690218 146.371919
147 0.690956 147.374353
148 0.692616 148.377226
149 0.693268 149.380408
150 0.695311 150.387892
151 0.696102 151.394634
152 0.697309 152.409006
153 0.698659 153.588577
154 0.700014 154.601756
155 0.700884 155.614563
156 0.702469 156.622036
157 0.70344 157.632804
158 0.704721 158.646435
159 0.705665 159.648572
160 0.706636 160.655697
161 0.707683 161.660564
162 0.707907 162.666481
163 0.708967 163.670784
164 0.710668 164.672762
165 0.711259 165.676582
166 0.71207 166.688149
167 0.712974 167.697981
168 0.714221 168.874899
169 0.715125 169.878795
170 0.715676 170.88137
171 0.717045 171.886003
172 0.718217 172.890711
173 0.719408 173.893652
174 0.720124 174.897852
175 0.721404 175.901609
176 0.722351 176.906936
177 0.722546 177.921901
178 0.723865 178.945335
179 0.723927 179.954883
180 0.725096 180.9591
181 0.726136 181.976063
182 0.727046 183.1504
183 0.727672 184.162747
184 0.728605 185.170001
185 0.729263 186.175791
186 0.729941 187.183904
187 0.730904 188.18721
188 0.731723 189.19121
189 0.732326 190.197763
190 0.733478 191.209695
191 0.734533 192.221143
192 0.735124 193.223874
193 0.735958 194.226058
194 0.736554 195.234386
195 0.737339 196.236636
196 0.737505 197.238967
197 0.738663 198.419524
198 0.739046 199.424051
199 0.739467 200.430825
200 0.740926 201.44436
201 0.741266 202.458156
202 0.741803 203.481955
203 0.742719 204.487764
204 0.742967 205.506341
205 0.743748 206.512791
206 0.744374 207.523819
207 0.745346 208.526763
208 0.745951 209.53269
209 0.746857 210.540434
210 0.747286 211.543144
211 0.747531 212.545589
212 0.748064 213.738746
213 0.748704 214.934384
214 0.749546 215.939803
215 0.750353 216.944702
216 0.750924 217.953696
217 0.752074 218.96
218 0.752719 219.963452
219 0.752992 220.967673
220 0.753639 221.970084
221 0.754584 222.971278
222 0.755181 223.987535
223 0.755533 225.000606
224 0.756588 226.014043
225 0.757196 227.02217
226 0.757402 228.21609
227 0.757269 229.227636
228 0.758682 230.239798
229 0.759026 231.243062
230 0.75931 232.248409
231 0.760146 233.254101
232 0.760695 234.257117
233 0.761054 235.259058
234 0.761405 236.264301
235 0.760925 237.280071
236 0.762117 238.286469
237 0.762624 239.28951
238 0.763656 240.299936
239 0.764116 241.308997
240 0.764309 242.311516
241 0.764894 243.499584
242 0.764744 244.502421
243 0.765901 245.505901
244 0.766259 246.523598
245 0.766943 247.533813
246 0.767474 248.545441
247 0.768101 249.556418
248 0.768308 250.572982
249 0.768681 251.576068
250 0.768631 252.588301
251 0.769342 253.594412
252 0.76949 254.601017
253 0.769914 255.6085
254 0.77011 256.611922
255 0.770665 257.615046
256 0.770834 258.820195
257 0.771601 259.829729
258 0.771783 260.86058
259 0.772515 261.866343
260 0.773204 262.872647
261 0.773561 263.877373
262 0.77411 264.881542
263 0.774588 265.885077
264 0.775056 266.889932
265 0.775396 267.894501
266 0.775561 268.898151
267 0.775192 270.09409
268 0.777012 271.098065
269 0.776312 272.102419
270 0.777049 273.297059
271 0.776994 274.300903
272 0.77785 275.303684
273 0.778812 276.307334
274 0.779124 277.311259
275 0.779637 278.31802
276 0.779365 279.323397
277 0.779596 280.328542
278 0.780392 281.334118
279 0.781033 282.33992
280 0.781364 283.345375
281 0.782078 284.349417
282 0.782503 285.356293
283 0.782594 286.357963
284 0.782886 287.361557
285 0.782788 288.558164
286 0.783693 289.56366
287 0.783757 290.568884
288 0.784481 291.578067
289 0.784157 292.58555
290 0.784601 293.590863
291 0.785374 294.595645
292 0.785799 295.601969
293 0.786383 296.608392
294 0.786341 297.614536
295 0.786895 298.620554
296 0.787419 299.626291
297 0.787555 300.631255

Batch size is 256
Epoch & Fidelity & Runtime 
1 0.091438 0.981973
2 0.097044 1.960339
3 0.10465 2.846805
4 0.114392 3.729984
5 0.125331 4.609333
6 0.136216 5.491579
7 0.145701 6.375715
8 0.153338 7.454103
9 0.159271 8.33903
10 0.164369 9.23057
11 0.168631 10.114639
12 0.172834 11.002328
13 0.17691 11.889485
14 0.181149 12.784075
15 0.185906 13.673668
16 0.190902 14.566729
17 0.196296 15.452024
18 0.201981 16.343372
19 0.208152 17.230564
20 0.214077 18.112726
21 0.219995 19.001806
22 0.225973 19.890364
23 0.231671 20.774288
24 0.237074 21.78562
25 0.242555 22.755685
26 0.247928 23.646364
27 0.253248 24.537108
28 0.258181 25.425106
29 0.263303 26.315931
30 0.267956 27.213567
31 0.273118 28.113853
32 0.278126 29.014013
33 0.282766 29.902142
34 0.287555 30.798588
35 0.292308 31.698081
36 0.297046 32.586131
37 0.301782 33.483002
38 0.306454 34.38949
39 0.311083 35.284293
40 0.315631 36.189977
41 0.320115 37.281339
42 0.324769 38.17956
43 0.329039 39.07239
44 0.333623 39.973736
45 0.338001 40.878057
46 0.34245 41.764724
47 0.346658 42.656939
48 0.350701 43.551785
49 0.355165 44.458066
50 0.35961 45.362159
51 0.363591 46.259491
52 0.367921 47.16245
53 0.372169 48.067617
54 0.376352 48.970615
55 0.380378 49.874509
56 0.384511 50.777989
57 0.388458 51.823284
58 0.392356 52.785645
59 0.396284 53.689891
60 0.400183 54.593198
61 0.404038 55.497355
62 0.407815 56.401069
63 0.411635 57.305527
64 0.415125 58.214105
65 0.418612 59.119551
66 0.422259 60.023388
67 0.42595 60.928487
68 0.429451 61.832815
69 0.432728 62.73699
70 0.436152 63.641546
71 0.43943 64.544374
72 0.442813 65.448347
73 0.445972 66.350017
74 0.449308 67.453104
75 0.452536 68.358125
76 0.455494 69.26088
77 0.458344 70.16415
78 0.461447 71.069969
79 0.464302 71.97269
80 0.466809 72.876883
81 0.469946 73.784549
82 0.472646 74.688478
83 0.475243 75.593282
84 0.477799 76.498477
85 0.480401 77.403646
86 0.482935 78.307922
87 0.485245 79.212415
88 0.487584 80.119748
89 0.489433 81.025058
90 0.491839 82.126759
91 0.49349 83.030595
92 0.495814 83.935638
93 0.49786 84.839919
94 0.499975 85.744196
95 0.502054 86.652862
96 0.503915 87.556756
97 0.505758 88.462781
98 0.507548 89.36465
99 0.509253 90.269535
100 0.51061 91.174698
101 0.512452 92.075981
102 0.514297 92.982197
103 0.51611 93.890433
104 0.517677 94.800646
105 0.51924 95.707294
106 0.520737 96.683304
107 0.522084 97.730917
108 0.523232 98.634731
109 0.524647 99.53709
110 0.526184 100.442745
111 0.52753 101.347489
112 0.528977 102.253061
113 0.530141 103.157446
114 0.531214 104.065071
115 0.532368 104.969656
116 0.533472 105.873867
117 0.53481 106.857586
118 0.535847 107.889929
119 0.536972 108.796851
120 0.537891 109.698037
121 0.538973 110.600614
122 0.539885 111.510057
123 0.540845 112.614087
124 0.542034 113.518688
125 0.542916 114.425943
126 0.543862 115.328597
127 0.544714 116.234626
128 0.545721 117.14105
129 0.546733 118.045084
130 0.547547 118.950885
131 0.548416 119.85448
132 0.549411 120.757395
133 0.550078 121.661784
134 0.551111 122.564595
135 0.551982 123.466631
136 0.552869 124.372037
137 0.553533 125.277449
138 0.554182 126.184639
139 0.554976 127.286772
140 0.555773 128.192835
141 0.556498 129.097731
142 0.557064 130.002966
143 0.557808 130.906055
144 0.558552 131.810965
145 0.559048 132.716245
146 0.55973 133.621595
147 0.560552 134.525016
148 0.561171 135.427484
149 0.561685 136.328709
150 0.562362 137.23098
151 0.562809 138.132982
152 0.563407 139.041519
153 0.564171 139.957469
154 0.564957 140.869397
155 0.565651 141.97581
156 0.566244 142.891114
157 0.566759 143.804826
158 0.567484 144.728455
159 0.568024 145.64949
160 0.568671 146.571847
161 0.569091 147.497004
162 0.569767 148.412911
163 0.570206 149.331852
164 0.570803 150.250316
165 0.571492 151.165261
166 0.571853 152.081415
167 0.572388 153.00358
168 0.572832 153.922395
169 0.57356 154.837986
170 0.574137 155.749372
171 0.574625 156.860731
172 0.575243 157.774014
173 0.575828 158.687775
174 0.576314 159.600717
175 0.576731 160.510147
176 0.57718 161.419292
177 0.578007 162.32988
178 0.578234 163.239195
179 0.578888 164.151763
180 0.579679 165.061571
181 0.580366 165.971579
182 0.581042 166.881078
183 0.581603 167.791831
184 0.581945 168.703501
185 0.582744 169.616384
186 0.583077 170.525362
187 0.583548 171.436925
188 0.584133 172.555315
189 0.584718 173.465905
190 0.585418 174.379123
191 0.585781 175.294131
192 0.586174 176.22003
193 0.586754 177.139044
194 0.587364 178.067942
195 0.587922 178.987007
196 0.588626 179.904506
197 0.589168 180.83511
198 0.589654 181.74563
199 0.590206 182.665122
200 0.590795 183.581283
201 0.591385 184.505802
202 0.591817 185.415623
203 0.592432 186.330476
204 0.593136 187.448985
205 0.593667 188.360603
206 0.594134 189.275497
207 0.594768 190.196907
208 0.595472 191.108368
209 0.596111 192.019583
210 0.596707 192.93822
211 0.597428 193.849814
212 0.598057 194.761868
213 0.598338 195.675072
214 0.598924 196.584491
215 0.599619 197.506881
216 0.600354 198.426714
217 0.60055 199.352697
218 0.600852 200.267967
219 0.601802 201.1942
220 0.602447 202.322079
221 0.603158 203.237941
222 0.603732 204.154031
223 0.60399 205.066083
224 0.604725 205.988807
225 0.605278 206.900851
226 0.605773 207.813743
227 0.60643 208.723527
228 0.607008 209.637574
229 0.607699 210.555363
230 0.60829 211.473778
231 0.609101 212.382543
232 0.609442 213.299471
233 0.609989 214.210256
234 0.610458 215.120997
235 0.611261 216.035613
236 0.611801 217.158983
237 0.612408 218.083812
238 0.613082 219.004127
239 0.613883 219.931788
240 0.614498 220.847908
241 0.614968 221.775173
242 0.615571 222.693004
243 0.615731 223.610145
244 0.616285 224.525743
245 0.616874 225.446012
246 0.617575 226.36229
247 0.618111 227.27371
248 0.619104 228.190075
249 0.619556 229.102393
250 0.619864 230.015758
251 0.620488 230.937567
252 0.621389 232.064006
253 0.621843 232.97521
254 0.622409 233.888108
255 0.623193 234.79676
256 0.623537 235.70983
257 0.6242 236.620251
258 0.624886 237.531296
259 0.625478 238.441278
260 0.626096 239.352299
261 0.626744 240.263117
262 0.627346 241.1761
263 0.627855 242.092949
264 0.628224 243.013578
265 0.628958 243.94439
266 0.629922 244.862673
267 0.630466 245.786916
268 0.630702 246.929325
269 0.631331 247.848113
270 0.631902 248.763569
271 0.632717 249.683413
272 0.633078 250.606002
273 0.633555 251.522322
274 0.634346 252.437525
275 0.634969 253.347458
276 0.63564 254.262387
277 0.636121 255.179579
278 0.636674 256.097795
279 0.637031 257.010231
280 0.637938 257.928076
281 0.638496 259.064459
282 0.639246 259.976001
283 0.639646 260.887387
284 0.64013 262.019006
285 0.640841 262.935173
286 0.641377 263.857419
287 0.641863 264.77668
288 0.64232 265.703159
289 0.643053 266.6187
290 0.6435 267.544586
291 0.644175 268.462003
292 0.644725 269.378228
293 0.645513 270.296669
294 0.64591 271.220536
295 0.646566 272.136846
296 0.647212 273.050652
297 0.647596 273.961248
298 0.648456 274.87241
299 0.648931 275.793571
300 0.649386 276.931691
301 0.64988 277.845392
302 0.650374 278.760399
303 0.651041 279.680479
304 0.651573 280.590573
305 0.652088 281.504151
306 0.652653 282.416502
307 0.652943 283.34916
308 0.6534 284.269611
309 0.654074 285.188162
310 0.654455 286.11181
311 0.655021 287.02997
312 0.655254 287.95747
313 0.655808 288.871108
314 0.656537 289.785682
315 0.657023 290.703955
316 0.657642 291.848609
317 0.6582 292.763579
318 0.658879 293.674279
319 0.659528 294.588535
320 0.66002 295.50083
321 0.660514 296.412302
322 0.661074 297.321735
323 0.661315 298.233113
324 0.661876 299.142966
325 0.662592 300.053396

Batch size is 512
Epoch & Fidelity & Runtime 
1 0.088958 0.9287
2 0.092724 1.843374
3 0.095716 2.719321
4 0.099012 3.547321
5 0.102873 4.371613
6 0.107324 5.195233
7 0.112355 6.023087
8 0.117885 6.846841
9 0.123742 7.673692
10 0.129704 8.495877
11 0.135607 9.321266
12 0.141288 10.148317
13 0.146725 11.213251
14 0.151776 12.040602
15 0.156441 12.869366
16 0.160762 13.694151
17 0.164672 14.519783
18 0.168396 15.347384
19 0.171971 16.173215
20 0.175431 16.998255
21 0.178772 17.82765
22 0.182274 18.654124
23 0.185561 19.479571
24 0.188979 20.315897
25 0.192412 21.14059
26 0.195986 21.96452
27 0.199632 22.787289
28 0.203223 23.61499
29 0.20692 24.441517
30 0.210581 25.265977
31 0.214159 26.326563
32 0.217758 27.155336
33 0.221354 27.980988
34 0.224806 28.813818
35 0.228206 29.639822
36 0.231519 30.465056
37 0.234889 31.289985
38 0.238038 32.114506
39 0.241142 32.938647
40 0.244137 33.770643
41 0.247126 34.598118
42 0.250051 35.42457
43 0.252709 36.259578
44 0.255348 37.082784
45 0.257932 37.90776
46 0.260597 38.734014
47 0.262968 39.559918
48 0.265361 40.492759
49 0.267705 41.451833
50 0.270023 42.280732
51 0.272228 43.131101
52 0.27445 43.958122
53 0.276772 44.783872
54 0.278774 45.621722
55 0.280819 46.46463
56 0.28291 47.292575
57 0.284909 48.123347
58 0.286727 48.947402
59 0.288609 49.782641
60 0.290419 50.610051
61 0.292236 51.45279
62 0.294029 52.276088
63 0.295935 53.11997
64 0.297714 53.965966
65 0.299438 54.813828
66 0.301164 55.891921
67 0.302809 56.742479
68 0.304507 57.593627
69 0.306171 58.444461
70 0.307793 59.296886
71 0.309492 60.145283
72 0.311165 60.994647
73 0.312799 61.847551
74 0.314355 62.698885
75 0.315822 63.54941
76 0.31756 64.397723
77 0.319181 65.243534
78 0.320733 66.095465
79 0.322358 66.947635
80 0.324016 67.798714
81 0.325459 68.655029
82 0.327066 69.509913
83 0.328723 70.440742
84 0.330189 71.455454
85 0.331897 72.3137
86 0.333557 73.173992
87 0.335181 74.029961
88 0.33686 74.890192
89 0.338354 75.748342
90 0.33989 76.602047
91 0.341533 77.460165
92 0.343084 78.320078
93 0.344597 79.170355
94 0.346129 80.020237
95 0.347709 80.872586
96 0.349216 81.719659
97 0.350797 82.570185
98 0.352268 83.420958
99 0.353784 84.274489
100 0.355305 85.119418
101 0.356786 86.194461
102 0.358263 87.043023
103 0.35971 87.890051
104 0.361142 88.735355
105 0.362584 89.580094
106 0.364202 90.424699
107 0.365774 91.26851
108 0.367289 92.111147
109 0.368672 92.954797
110 0.370056 93.809722
111 0.371575 94.656263
112 0.372956 95.502911
113 0.374446 96.345546
114 0.375915 97.190198
115 0.377318 98.032091
116 0.378763 98.875353
117 0.380238 99.718505
118 0.381677 100.793656
119 0.383089 101.641301
120 0.384473 102.486821
121 0.385957 103.328369
122 0.387344 104.175069
123 0.388672 105.020312
124 0.390047 105.865203
125 0.391355 106.70955
126 0.392736 107.553713
127 0.394216 108.400493
128 0.395619 109.253934
129 0.396928 110.120608
130 0.398135 110.970547
131 0.39955 111.826723
132 0.400901 112.675462
133 0.402324 113.522459
134 0.403643 114.383825
135 0.404946 115.231326
136 0.406315 116.307593
137 0.407568 117.155007
138 0.408808 118.005506
139 0.410159 118.852798
140 0.411458 119.696732
141 0.412807 120.540648
142 0.414133 121.385903
143 0.415408 122.230682
144 0.416714 123.076783
145 0.418087 123.932956
146 0.419566 124.781106
147 0.420816 125.627063
148 0.422131 126.470863
149 0.42345 127.311794
150 0.424686 128.155505
151 0.42592 128.999072
152 0.427253 129.845233
153 0.428433 130.919243
154 0.429696 131.764203
155 0.431069 132.61059
156 0.432279 133.454601
157 0.433599 134.301919
158 0.434883 135.148296
159 0.436089 135.996328
160 0.437178 136.852012
161 0.438419 137.701642
162 0.439447 138.549176
163 0.440561 139.395449
164 0.441826 140.24142
165 0.443043 141.085033
166 0.444307 141.933452
167 0.445521 142.78731
168 0.446634 143.649537
169 0.447829 144.502074
170 0.449008 145.576582
171 0.450133 146.432699
172 0.45129 147.285361
173 0.452517 148.137312
174 0.453748 148.989992
175 0.454853 149.84492
176 0.456027 150.696434
177 0.457032 151.548286
178 0.458146 152.40351
179 0.459343 153.256631
180 0.460406 154.126078
181 0.46145 154.97833
182 0.462614 155.843891
183 0.463709 156.703124
184 0.464698 157.569985
185 0.465846 158.441268
186 0.466858 159.30959
187 0.467864 160.1703
188 0.46883 161.264243
189 0.469897 162.128112
190 0.471031 162.983209
191 0.472032 163.862306
192 0.473069 164.718398
193 0.474244 165.580378
194 0.475118 166.432225
195 0.475976 167.29522
196 0.477119 168.149723
197 0.478041 169.001521
198 0.479073 169.856321
199 0.47996 170.711732
200 0.480872 171.568727
201 0.481896 172.422284
202 0.482919 173.275951
203 0.483848 174.134706
204 0.48473 174.986793
205 0.48563 176.068738
206 0.486523 176.92132
207 0.487466 177.772689
208 0.488421 178.636311
209 0.489356 179.496453
210 0.490256 180.355895
211 0.491235 181.221709
212 0.492096 182.079805
213 0.492926 182.95929
214 0.493839 183.831888
215 0.49451 184.695032
216 0.495371 185.547824
217 0.496276 186.411147
218 0.497031 187.269554
219 0.497816 188.132039
220 0.498663 188.990359
221 0.499418 189.853346
222 0.500213 190.941675
223 0.500905 191.794374
224 0.501604 192.649648
225 0.502194 193.508872
226 0.503182 194.369591
227 0.504088 195.223783
228 0.504938 196.308885
229 0.505664 197.16539
230 0.506387 198.015424
231 0.507059 198.868207
232 0.507785 199.720823
233 0.508463 200.584158
234 0.509448 201.46137
235 0.510167 202.317894
236 0.510795 203.182271
237 0.511392 204.052076
238 0.512085 204.920637
239 0.512787 206.007577
240 0.513521 206.868377
241 0.514237 207.733367
242 0.514881 208.590717
243 0.515489 209.450442
244 0.516109 210.31046
245 0.516826 211.175306
246 0.51748 212.034788
247 0.518139 212.891128
248 0.518753 213.761938
249 0.519476 214.61846
250 0.520104 215.48157
251 0.520666 216.337208
252 0.521138 217.190152
253 0.521785 218.054541
254 0.522329 218.90895
255 0.523037 219.765816
256 0.52371 220.860411
257 0.524309 221.72908
258 0.524987 222.591354
259 0.525517 223.452805
260 0.526081 224.326736
261 0.526593 225.195733
262 0.527182 226.059067
263 0.527689 226.922557
264 0.528262 227.782815
265 0.528842 228.642168
266 0.529471 229.504603
267 0.530031 230.368361
268 0.53073 231.229367
269 0.531162 232.089086
270 0.531767 232.946237
271 0.532437 233.81944
272 0.532902 234.672516
273 0.533236 235.768386
274 0.533869 236.625422
275 0.534338 237.479424
276 0.534925 238.33372
277 0.535429 239.187487
278 0.536021 240.040172
279 0.536498 240.892863
280 0.537051 241.747471
281 0.537569 242.601852
282 0.538018 243.453918
283 0.538448 244.307264
284 0.539139 245.159966
285 0.539644 246.012003
286 0.540138 246.86697
287 0.540592 247.721958
288 0.541112 248.817756
289 0.541524 249.668684
290 0.541831 250.765578
291 0.542364 251.622795
292 0.542804 252.473773
293 0.543237 253.326637
294 0.543636 254.195251
295 0.544004 255.065934
296 0.544471 255.927101
297 0.544967 256.788476
298 0.545388 257.647834
299 0.54578 258.502665
300 0.546231 259.363188
301 0.546582 260.218712
302 0.546948 261.071752
303 0.547329 261.931261
304 0.547849 262.78427
305 0.548462 263.63818
306 0.548736 264.492022
307 0.549263 265.59159
308 0.549735 266.447201
309 0.550077 267.298577
310 0.550429 268.151735
311 0.550782 269.006056
312 0.551199 269.861091
313 0.551643 270.713153
314 0.552148 271.569946
315 0.552646 272.423791
316 0.553135 273.275483
317 0.553419 274.131203
318 0.553871 274.984145
319 0.554144 275.835353
320 0.554622 276.68631
321 0.554989 277.54042
322 0.555478 278.391567
323 0.555929 279.242259
324 0.556222 280.094986
325 0.556553 281.197771
326 0.55699 282.05208
327 0.557337 282.903788
328 0.557663 283.771641
329 0.557996 284.62797
330 0.558454 285.482963
331 0.558819 286.339471
332 0.559201 287.197892
333 0.559628 288.05413
334 0.559889 288.912452
335 0.560261 289.772177
336 0.560593 290.63031
337 0.560893 291.484225
338 0.561255 292.335763
339 0.561714 293.185956
340 0.561987 294.051447
341 0.562462 294.903823
342 0.562782 296.026228
343 0.563079 296.887767
344 0.56341 297.751996
345 0.563813 298.616949
346 0.564245 299.474984
347 0.564601 300.334591

