samples: 5000
burn_in: 500
steps: 100
Exact H:-6.0
   Fidelity  ROE       Mean      Median    CI Width LL on CI  UL on CI  mmRatio  Min Err  Max Err
1     N/A    0.000311  -5.99813  -6.00426  0.00196  -6.00009  -5.99618  0.99898  0.00002  0.00064  
2     N/A    0.000383  -5.99770  -6.00278  0.00210  -5.99980  -5.99560  0.99915  0.00003  0.00073  
3     N/A    0.000237  -5.99858  -6.00329  0.00192  -6.00049  -5.99666  0.99922  0.00008  0.00056  
4     N/A    0.000279  -5.99832  -6.00255  0.00198  -6.00031  -5.99634  0.99930  0.00005  0.00061  
5     N/A    0.000464  -5.99722  -5.99934  0.00213  -5.99935  -5.99509  0.99965  0.00011  0.00082  
6     N/A    0.000286  -5.99829  -6.00085  0.00202  -6.00030  -5.99627  0.99957  0.00005  0.00062  
7     N/A    0.000124  -5.99925  -6.00099  0.00204  -6.00129  -5.99721  0.99971  0.00022  0.00046  
8     N/A    0.000453  -5.99728  -6.00053  0.00213  -5.99941  -5.99516  0.99946  0.00010  0.00081  
