k value is 1
Epoch & Fidelity & Runtime 
1 0.45073 6.782247
2 0.551841 13.710969
3 0.578875 20.468006
4 0.607986 27.386856
5 0.640184 34.234597
6 0.672218 41.031613
7 0.701072 47.781523
8 0.725677 54.549776
9 0.750424 61.286709
10 0.768995 68.130152
11 0.785706 74.957679
12 0.791564 81.854219
13 0.797041 88.680685
14 0.805175 95.588704
15 0.817194 102.371982
16 0.825669 109.222048
17 0.82757 116.047475
18 0.827458 122.872678
19 0.830618 129.609021
20 0.835255 136.487029
21 0.836993 143.403403
22 0.847966 150.197555
23 0.847486 157.072484
24 0.847505 163.907809
25 0.85323 170.748595
26 0.851067 177.652341
27 0.845536 184.456711
28 0.859492 191.308656
29 0.850136 198.148437
30 0.851031 204.927124
31 0.848652 211.70755
32 0.859813 218.585528
33 0.852216 225.451139
34 0.855068 232.278694
35 0.861527 239.131389
36 0.849962 245.946293
37 0.855527 252.85902
38 0.870872 259.671049
39 0.861234 266.578529
40 0.852393 273.431138
41 0.861901 280.251198
42 0.861536 287.011663
43 0.86178 293.813613
44 0.864314 300.679889
45 0.87015 307.525754
46 0.868705 314.398929
47 0.855836 321.176428
48 0.85833 328.007077
49 0.863321 334.829211
50 0.87199 341.525068
51 0.878198 348.359558
52 0.868396 355.237202
53 0.87208 362.074942
54 0.874055 368.860794
55 0.869893 375.805819
56 0.871608 382.549291
57 0.873392 389.369638
58 0.868872 396.114352
59 0.869831 402.977576
60 0.860783 409.818873
61 0.867904 416.627557
62 0.867095 423.486241
63 0.858406 430.398607
64 0.863661 437.219835
65 0.862907 444.031945
66 0.857969 450.946233
67 0.850919 457.752052
68 0.855015 464.612023
69 0.853038 471.40405
70 0.851615 478.260575
71 0.852097 485.020819
72 0.863887 491.844335
73 0.861098 498.601349
74 0.870408 505.402519

k value is 2
Epoch & Fidelity & Runtime 
1 0.44198 7.52079
2 0.551276 15.003112
3 0.590766 22.616446
4 0.629273 30.160456
5 0.684572 37.663569
6 0.722433 45.393433
7 0.755752 52.885101
8 0.777235 60.439255
9 0.789777 67.923506
10 0.801594 75.46489
11 0.81102 83.101027
12 0.815257 90.774965
13 0.823319 98.260871
14 0.83042 105.902802
15 0.840702 113.40727
16 0.832507 121.006318
17 0.84248 128.656187
18 0.840799 136.2137
19 0.852795 143.676062
20 0.860694 151.151881
21 0.86484 158.658941
22 0.85981 166.202402
23 0.868227 173.706795
24 0.859499 181.380077
25 0.871692 188.9462
26 0.871985 196.454968
27 0.865698 204.019057
28 0.884869 211.563663
29 0.882608 219.184931
30 0.877439 226.742358
31 0.888998 234.253083
32 0.889011 241.769854
33 0.876767 249.335335
34 0.872084 256.8688
35 0.873401 264.328322
36 0.875786 271.893308
37 0.883369 279.33717
38 0.889815 287.006733
39 0.891202 294.56135
40 0.89155 302.06789
41 0.886467 309.606592
42 0.897374 317.223803
43 0.894499 324.884907
44 0.886263 332.432119
45 0.885522 339.894487
46 0.886614 347.446587
47 0.888232 355.093706
48 0.89632 362.778273
49 0.893066 370.294287
50 0.89256 377.821003
51 0.878855 385.302247
52 0.885627 392.922567
53 0.889843 400.507159
54 0.874517 408.180954
55 0.880511 415.736614
56 0.895646 423.404436
57 0.882224 431.018147
58 0.883356 438.559552
59 0.875688 446.05907
60 0.886825 453.702017
61 0.891601 461.175673
62 0.892174 468.751573
63 0.891115 476.288382
64 0.882231 483.920892
65 0.886357 491.553218
66 0.887387 499.106226
67 0.890517 506.68159

k value is 4
Epoch & Fidelity & Runtime 
1 0.457622 8.997338
2 0.551351 17.839315
3 0.58185 26.712522
4 0.609808 35.69943
5 0.652554 44.64289
6 0.688217 53.509398
7 0.741427 62.42764
8 0.764616 71.284804
9 0.784591 80.237648
10 0.782492 89.102115
11 0.798658 98.099926
12 0.812115 107.21647
13 0.816505 116.124369
14 0.826485 125.073055
15 0.833855 134.047241
16 0.84496 143.131274
17 0.851152 152.091229
18 0.850731 160.940562
19 0.855362 169.699016
20 0.860931 178.512354
21 0.86667 187.486094
22 0.868511 196.43312
23 0.868509 205.41969
24 0.875578 214.325371
25 0.879851 223.169615
26 0.884146 232.160441
27 0.885294 241.118412
28 0.888583 250.017966
29 0.884041 258.936346
30 0.889921 267.854731
31 0.892357 276.754004
32 0.889299 285.715709
33 0.892918 294.638694
34 0.901005 303.629133
35 0.901891 312.58925
36 0.891946 321.542944
37 0.906044 330.543028
38 0.909078 339.349231
39 0.90312 348.381473
40 0.90382 357.455931
41 0.916382 366.485312
42 0.910869 375.5234
43 0.909235 384.542427
44 0.915472 393.559269
45 0.922877 402.45834
46 0.919585 411.524307
47 0.927874 420.451456
48 0.924837 429.398166
49 0.922478 438.469645
50 0.924675 447.473119
51 0.926993 456.383202
52 0.930811 465.399614
53 0.920231 474.508377
54 0.928881 483.711565
55 0.916739 492.775502
56 0.935488 501.823711

k value is 8
Epoch & Fidelity & Runtime 
1 0.41605 11.753139
2 0.540607 23.380659
3 0.576566 35.049658
4 0.615459 46.737034
5 0.67158 58.358697
6 0.715937 70.145214
7 0.731526 81.751187
8 0.761685 93.411251
9 0.771238 105.188341
10 0.785046 116.90447
11 0.794966 128.564643
12 0.807052 140.264076
13 0.817436 151.856797
14 0.812522 163.598754
15 0.815284 175.278151
16 0.833213 186.975533
17 0.842703 198.560513
18 0.839686 210.289033
19 0.852888 221.989213
20 0.861803 233.817888
21 0.863775 245.57872
22 0.839983 257.144136
23 0.874698 268.847475
24 0.876596 280.558996
25 0.878828 292.236283
26 0.885093 303.940391
27 0.891495 315.660756
28 0.887537 327.456143
29 0.897493 339.241373
30 0.887424 351.086631
31 0.910789 362.748992
32 0.89956 374.498695
33 0.914697 386.249492
34 0.915191 397.963879
35 0.904151 409.623967
36 0.914039 421.357848
37 0.917349 433.079757
38 0.923397 444.89805
39 0.911819 456.690469
40 0.923591 468.396257
41 0.932737 480.168163
42 0.935398 491.846674
43 0.936654 503.523398

k value is 16
Epoch & Fidelity & Runtime 
1 0.396644 18.511076
2 0.524047 35.952377
3 0.557682 53.315003
4 0.590598 70.837065
5 0.630252 88.148663
6 0.67364 105.404261
7 0.694098 122.63185
8 0.719892 140.018168
9 0.733129 157.148982
10 0.765347 174.50361
11 0.778767 191.937139
12 0.791424 209.199535
13 0.794678 226.523819
14 0.812211 243.85219
15 0.821372 261.129389
16 0.826407 278.401919
17 0.823811 295.834332
18 0.844108 313.22351
19 0.850567 330.560554
20 0.857337 347.856501
21 0.856976 365.231881
22 0.858917 382.587704
23 0.859818 400.611703
24 0.868944 418.097186
25 0.86802 435.532944
26 0.882698 452.707006
27 0.881895 470.08678
28 0.892605 487.392222
29 0.889907 504.859179

