k value is 1
Epoch & Fidelity & Runtime 
1 0.406059 6.813604
2 0.531697 13.810659
3 0.579604 20.692571
4 0.610344 27.570566
5 0.652663 34.5656
6 0.678347 41.439156
7 0.705937 48.293243
8 0.733177 55.218432
9 0.716911 62.1769
10 0.767326 69.050326
11 0.770688 75.889916
12 0.772183 82.776561
13 0.789368 89.737629
14 0.796462 96.621708
15 0.801945 103.487974
16 0.822069 110.417937
17 0.807031 117.409499
18 0.818212 124.270785
19 0.828117 131.219622
20 0.830841 138.134998
21 0.832958 145.073652
22 0.827898 151.847772
23 0.823883 158.720108
24 0.843803 165.666007
25 0.852681 172.47328
26 0.850692 179.379067
27 0.827242 186.299708
28 0.83509 193.252899
29 0.85489 200.043002
30 0.845968 206.883674
31 0.839477 213.658864
32 0.861145 220.496917
33 0.811796 227.288163
34 0.843321 234.136901
35 0.836649 241.057401
36 0.851407 247.970567
37 0.8559 254.875195
38 0.846884 261.727018
39 0.844603 268.582503
40 0.850823 275.392616
41 0.84192 282.279965
42 0.857416 289.209856
43 0.856614 296.18459
44 0.865022 303.015196

k value is 2
Epoch & Fidelity & Runtime 
1 0.436892 7.510764
2 0.549597 14.937525
3 0.589198 22.475528
4 0.629626 30.128481
5 0.674917 37.680365
6 0.707582 45.190541
7 0.735971 52.776445
8 0.746875 60.318336
9 0.749925 67.935309
10 0.778432 75.471258
11 0.792351 83.032889
12 0.796602 90.560572
13 0.80406 98.142694
14 0.808347 105.717342
15 0.812702 113.281544
16 0.817277 120.81463
17 0.825738 128.441825
18 0.826079 135.949365
19 0.830012 143.500569
20 0.837529 151.111259
21 0.840374 158.650897
22 0.838797 166.168883
23 0.845206 173.833409
24 0.846413 181.516291
25 0.851163 189.201725
26 0.84554 196.860176
27 0.855689 204.470463
28 0.8606 211.992704
29 0.855253 219.625953
30 0.853198 227.325983
31 0.867911 234.849112
32 0.865203 242.593313
33 0.868284 250.118085
34 0.861596 257.713252
35 0.869618 265.215547
36 0.868787 272.920341
37 0.871419 280.394074
38 0.872501 288.120587
39 0.867337 295.790068
40 0.871513 303.35174

k value is 4
Epoch & Fidelity & Runtime 
1 0.446881 8.930941
2 0.544349 17.844661
3 0.576514 26.714924
4 0.592125 35.730259
5 0.640152 44.653301
6 0.687296 53.579024
7 0.721491 62.568372
8 0.748767 71.514961
9 0.756401 80.444622
10 0.77964 89.408148
11 0.7908 98.362844
12 0.798573 107.343296
13 0.800172 116.307779
14 0.816511 125.468377
15 0.817845 134.488842
16 0.819966 143.445665
17 0.827546 152.414646
18 0.836316 161.345252
19 0.837722 170.339525
20 0.837117 179.386823
21 0.847467 188.255276
22 0.846258 197.263283
23 0.854376 206.342329
24 0.851131 215.442735
25 0.861915 224.543748
26 0.864417 233.61182
27 0.866392 242.648782
28 0.867525 251.597908
29 0.865371 260.585666
30 0.874334 269.545877
31 0.877795 278.58753
32 0.886195 287.703146
33 0.858515 296.644769
34 0.883942 305.62806

k value is 8
Epoch & Fidelity & Runtime 
1 0.43952 11.839836
2 0.547441 23.559454
3 0.569752 35.462262
4 0.586371 47.223626
5 0.613078 58.961272
6 0.636829 70.724521
7 0.698295 82.599131
8 0.733238 94.263216
9 0.760768 105.926826
10 0.773136 117.617639
11 0.796324 129.51283
12 0.8118 141.203929
13 0.82213 152.924455
14 0.824062 164.638616
15 0.837042 176.444647
16 0.845199 188.208269
17 0.838416 200.046753
18 0.853556 211.763843
19 0.862246 223.54859
20 0.853234 235.3986
21 0.867869 247.157785
22 0.877578 258.842569
23 0.882103 270.768862
24 0.877217 282.573849
25 0.886173 294.275393
26 0.888989 306.066421

k value is 16
Epoch & Fidelity & Runtime 
1 0.411102 17.311374
2 0.535934 34.50065
3 0.571503 51.776273
4 0.600176 69.009897
5 0.644207 86.42169
6 0.687298 103.749059
7 0.711465 120.925526
8 0.702575 138.13058
9 0.750261 155.325191
10 0.754837 172.647361
11 0.77565 189.934518
12 0.788591 207.304908
13 0.801973 224.523628
14 0.807208 241.734631
15 0.819141 259.129616
16 0.825331 276.504241
17 0.826685 293.75094
18 0.835388 311.144168

