Learning rate is 0.01

Optimizer is Adadelta
Epoch & Fidelity & Runtime 
1 0.088258 1.271685
2 0.089172 2.516964
3 0.089944 3.760328
4 0.090635 5.009498
5 0.091257 6.24675
6 0.091854 7.492597
7 0.09242 8.730978
8 0.092979 9.971921
9 0.093565 11.212993
10 0.094151 12.45378
11 0.094731 13.706755
12 0.095331 14.952484
13 0.095948 16.191114
14 0.096608 17.430008
15 0.097285 18.669715
16 0.097968 19.908873
17 0.098688 21.151238
18 0.099451 22.390786
19 0.100236 23.627699
20 0.101045 24.867898
21 0.101883 26.108493
22 0.10274 27.350445
23 0.103638 28.617193
24 0.104584 29.854903
25 0.105554 31.095191
26 0.106554 32.335457
27 0.107587 33.57456
28 0.108635 34.816914
29 0.109725 36.087049
30 0.110824 37.329917
31 0.111961 38.574256
32 0.11311 39.820074
33 0.11433 41.063111
34 0.115561 42.306469
35 0.116806 43.572793
36 0.118048 44.817984
37 0.119329 46.061178
38 0.120632 47.303144
39 0.12196 48.546595
40 0.123279 49.790863
41 0.124579 51.032579
42 0.125925 52.280481
43 0.127277 53.523368
44 0.128622 54.766698
45 0.129975 56.011215
46 0.131311 57.25786
47 0.13267 58.530584
48 0.134 59.775718
49 0.135337 61.01749
50 0.136651 62.265539
51 0.13801 63.509356
52 0.139327 64.753547
53 0.14058 65.996706
54 0.141883 67.244458
55 0.143161 68.490529
56 0.144392 69.739017
57 0.145594 70.983054
58 0.146843 72.22751
59 0.148093 73.506516
60 0.149304 74.748441
61 0.150412 75.988495
62 0.151543 77.233145
63 0.152636 78.474907
64 0.153692 79.719063
65 0.154769 80.960245
66 0.155793 82.209721
67 0.15688 83.45687
68 0.157879 84.69667
69 0.158843 85.935969
70 0.159847 87.176633
71 0.16091 88.45973
72 0.161871 89.702188
73 0.162872 90.943834
74 0.16379 92.182278
75 0.164738 93.419456
76 0.165658 94.660882
77 0.166557 95.903292
78 0.167462 97.141742
79 0.168349 98.378779
80 0.169245 99.618889
81 0.170088 100.859953
82 0.170962 102.096871
83 0.171753 103.385594
84 0.17264 104.62372
85 0.173463 105.860466
86 0.174276 107.100866
87 0.175111 108.341473
88 0.175934 109.582342
89 0.176701 110.828016
90 0.17751 112.066037
91 0.178371 113.308837
92 0.179212 114.549145
93 0.179963 115.789217
94 0.180741 117.030353
95 0.181537 118.294699
96 0.182282 119.589281
97 0.183022 120.830089
98 0.183753 122.069523
99 0.184514 123.30608
100 0.185284 124.551433
101 0.186037 125.792968
102 0.186788 127.034518
103 0.187634 128.28186
104 0.188418 129.523154
105 0.189219 130.764004
106 0.190011 132.003219
107 0.190859 133.249051
108 0.191653 134.550848
109 0.192429 135.790566
110 0.193214 137.033249
111 0.19398 138.273444
112 0.194803 139.512432
113 0.195565 140.749886
114 0.196282 141.990231
115 0.197048 143.229419
116 0.197783 144.470774
117 0.198532 145.714476
118 0.199336 146.952566
119 0.200109 148.19189
120 0.200844 149.566108
121 0.201675 150.810867
122 0.202387 152.050412
123 0.203129 153.292513
124 0.203866 154.533332
125 0.20458 155.774435
126 0.205378 157.015683
127 0.206147 158.257307
128 0.206844 159.495503
129 0.2076 160.73612
130 0.208387 161.974277
131 0.209168 163.215081
132 0.209892 164.526116
133 0.210594 165.76316
134 0.211304 167.001194
135 0.212052 168.242471
136 0.212747 169.47887
137 0.213493 170.714949
138 0.214191 171.955812
139 0.214925 173.197535
140 0.215635 174.437016
141 0.216363 175.680854
142 0.21707 176.919826
143 0.217757 178.162094
144 0.218463 179.481428
145 0.219188 180.720369
146 0.219949 181.961607
147 0.220715 183.203187
148 0.221477 184.443571
149 0.222178 185.686045
150 0.222913 186.92574
151 0.22358 188.165452
152 0.224261 189.405073
153 0.224927 190.647394
154 0.225631 191.892578
155 0.226314 193.133926
156 0.226983 194.456073
157 0.22764 195.700299
158 0.228359 196.940782
159 0.228999 198.181546
160 0.22968 199.423872
161 0.230354 200.668642
162 0.231012 201.924895
163 0.231667 203.167744
164 0.232292 204.412142
165 0.232953 205.653375
166 0.233592 206.895096
167 0.234236 208.136919
168 0.234842 209.463228
169 0.235523 210.703939
170 0.236149 211.942981
171 0.236795 213.183237
172 0.237458 214.424705
173 0.238152 215.667962
174 0.238754 216.907542
175 0.239467 218.15042
176 0.240103 219.392913
177 0.240692 220.633319
178 0.241327 221.884074
179 0.241935 223.128355
180 0.242602 224.460482
181 0.243258 225.706095
182 0.243886 226.944936
183 0.244546 228.18473
184 0.245186 229.425856
185 0.245749 230.664482
186 0.246396 231.911997
187 0.247062 233.153506
188 0.247676 234.391463
189 0.24833 235.631905
190 0.248959 236.871728
191 0.249593 238.112654
192 0.250194 239.446663
193 0.250828 240.687189
194 0.251488 241.937677
195 0.252148 243.178036
196 0.252815 244.418717
197 0.253487 245.661669
198 0.254043 246.908191
199 0.25463 248.14997
200 0.255206 249.393937
201 0.255793 250.640644
202 0.256452 251.890505
203 0.257101 253.130478
204 0.257666 254.471081
205 0.258292 255.711691
206 0.258923 256.951687
207 0.259593 258.190266
208 0.26023 259.428912
209 0.26085 260.668569
210 0.261495 261.918602
211 0.262113 263.160321
212 0.262802 264.400438
213 0.263428 265.640529
214 0.264063 266.877309
215 0.264685 268.119603
216 0.265257 269.467403
217 0.265831 270.707592
218 0.266486 271.958271
219 0.266993 273.205971
220 0.267654 274.447331
221 0.268245 275.688937
222 0.268893 276.930727
223 0.269496 278.171189
224 0.270135 279.409817
225 0.270822 280.646168
226 0.271463 281.893082
227 0.272051 283.133852
228 0.272648 284.509518
229 0.273203 285.750067
230 0.273877 286.990196
231 0.27449 288.232599
232 0.275122 289.473971
233 0.275816 290.715518
234 0.276376 291.966801
235 0.276925 293.208606
236 0.277636 294.44973
237 0.278259 295.689608
238 0.278834 296.930806
239 0.279423 298.172262
240 0.280039 299.639352
241 0.280633 300.878844

Optimizer is Adam
Epoch & Fidelity & Runtime 
1 0.295896 1.208606
2 0.459748 2.392624
3 0.551784 3.575162
4 0.593771 4.759449
5 0.615528 6.060454
6 0.636485 7.244229
7 0.605263 8.444267
8 0.700017 9.629999
9 0.650736 10.830709
10 0.666256 12.016997
11 0.662777 13.226293
12 0.642653 14.444734
13 0.648974 15.662024
14 0.476003 16.891531
15 0.67257 18.106237
16 0.631513 19.321403
17 0.375139 20.65368
18 0.539254 21.87202
19 0.630798 23.08002
20 0.477583 24.265297
21 0.611908 25.447375
22 0.47219 26.632685
23 0.665301 27.817733
24 0.658158 28.999038
25 0.6253 30.183532
26 0.566733 31.367938
27 0.503106 32.554391
28 0.562096 33.736562
29 0.345533 34.918894
30 0.518032 36.217911
31 0.423813 37.400713
32 0.348907 38.585439
33 0.431643 39.794544
34 0.319533 40.993885
35 0.192839 42.19228
36 0.206422 43.416795
37 0.19982 44.632619
38 0.174651 45.848618
39 0.182195 47.087233
40 0.181032 48.306446
41 0.200536 49.522963
42 0.211685 50.854824
43 0.199277 52.072033
44 0.181049 53.302737
45 0.194558 54.519568
46 0.2067 55.735858
47 0.194577 56.950634
48 0.200626 58.16754
49 0.189678 59.382312
50 0.188181 60.601015
51 0.187202 61.82188
52 0.184522 63.035747
53 0.187126 64.252941
54 0.181624 65.588827
55 0.18439 66.80544
56 0.187168 68.02287
57 0.181998 69.240385
58 0.1913 70.456571
59 0.188656 71.672983
60 0.156183 72.89011
61 0.17563 74.105761
62 0.195704 75.323795
63 0.181788 76.523938
64 0.16663 77.740362
65 0.170708 78.955305
66 0.191173 80.200452
67 0.212243 81.503297
68 0.202991 82.718522
69 0.211098 83.935112
70 0.218227 85.136275
71 0.247708 86.350564
72 0.215886 87.563032
73 0.204251 88.77834
74 0.178505 90.0064
75 0.206533 91.216773
76 0.221218 92.433619
77 0.187223 93.657045
78 0.165104 94.868242
79 0.192097 96.193224
80 0.209182 97.406465
81 0.195868 98.617091
82 0.211122 99.831709
83 0.222577 101.041493
84 0.245685 102.252767
85 0.198428 103.475896
86 0.223006 104.683686
87 0.220916 105.894196
88 0.220146 107.104529
89 0.228751 108.315617
90 0.242707 109.525973
91 0.226586 110.833685
92 0.226983 112.045226
93 0.210969 113.268689
94 0.204613 114.480246
95 0.213513 115.689043
96 0.202619 116.90192
97 0.186808 118.11337
98 0.179014 119.323544
99 0.206616 120.534906
100 0.194399 121.747417
101 0.177919 122.959682
102 0.206608 124.171259
103 0.169631 125.493235
104 0.178187 126.704853
105 0.166395 127.938272
106 0.158731 129.14792
107 0.160767 130.358379
108 0.191659 131.568643
109 0.165168 132.777316
110 0.158132 133.987752
111 0.166631 135.199375
112 0.175278 136.412077
113 0.21299 137.624844
114 0.171945 138.846741
115 0.144349 140.059421
116 0.157059 141.384304
117 0.178549 142.584571
118 0.160771 143.779584
119 0.185989 144.990788
120 0.18944 146.200492
121 0.175741 147.412496
122 0.145101 148.623712
123 0.167369 149.836919
124 0.134655 151.053758
125 0.154526 152.270494
126 0.154645 153.496588
127 0.138975 154.713401
128 0.153303 156.045553
129 0.153088 157.260682
130 0.139266 158.476938
131 0.135291 159.691473
132 0.143047 160.905392
133 0.153698 162.12144
134 0.115685 163.346693
135 0.125812 164.561865
136 0.116657 165.779928
137 0.126907 166.9955
138 0.118911 168.212261
139 0.145223 169.425677
140 0.113924 170.75607
141 0.129746 171.971269
142 0.11847 173.186666
143 0.10667 174.403839
144 0.10911 175.619574
145 0.120983 176.834727
146 0.108273 178.052393
147 0.108137 179.267276
148 0.103705 180.485734
149 0.100623 181.699734
150 0.100433 182.916156
151 0.0901 184.138369
152 0.09617 185.474463
153 0.078111 186.690758
154 0.087596 187.912839
155 0.072425 189.129004
156 0.078816 190.345982
157 0.089369 191.560306
158 0.080048 192.775447
159 0.073443 194.003724
160 0.085164 195.225342
161 0.064101 196.437961
162 0.082524 197.654311
163 0.067521 198.867789
164 0.064112 200.08297
165 0.068692 201.426293
166 0.067692 202.643711
167 0.069344 203.86858
168 0.061775 205.087058
169 0.055796 206.302112
170 0.053731 207.519507
171 0.051302 208.735125
172 0.050161 209.9743
173 0.049817 211.190182
174 0.053622 212.406685
175 0.051255 213.632098
176 0.049685 214.853048
177 0.043402 216.199126
178 0.054383 217.412586
179 0.051684 218.627061
180 0.043827 219.84706
181 0.041416 221.061743
182 0.033504 222.278619
183 0.03536 223.501881
184 0.035091 224.718489
185 0.029193 225.933181
186 0.042074 227.148014
187 0.030158 228.364251
188 0.035045 229.579998
189 0.034572 230.92792
190 0.039681 232.144428
191 0.037352 233.356343
192 0.04111 234.573495
193 0.032852 235.789317
194 0.030004 237.00712
195 0.0311 238.223673
196 0.040239 239.441521
197 0.03195 240.65711
198 0.02844 241.878864
199 0.030278 243.095309
200 0.034188 244.459441
201 0.038287 245.814406
202 0.029083 247.037579
203 0.021751 248.2585
204 0.021635 249.474849
205 0.022161 250.691933
206 0.023417 251.910909
207 0.024398 253.146834
208 0.014839 254.37658
209 0.01495 255.598041
210 0.018728 256.817405
211 0.016922 258.037304
212 0.021184 259.272092
213 0.022037 260.64592
214 0.021284 261.867854
215 0.018254 263.087519
216 0.014215 264.31054
217 0.014613 265.538538
218 0.017182 266.758201
219 0.018732 267.979304
220 0.015045 269.198648
221 0.012543 270.419581
222 0.012865 271.641618
223 0.011273 272.862996
224 0.013523 274.112257
225 0.014905 275.576485
226 0.019181 276.893773
227 0.013613 278.156992
228 0.01289 279.387155
229 0.013036 280.605889
230 0.007592 281.828998
231 0.008581 283.05159
232 0.008028 284.272288
233 0.007402 285.494529
234 0.010702 286.716032
235 0.010118 287.937488
236 0.006674 289.158119
237 0.008696 290.523024
238 0.005956 291.769635
239 0.00671 292.98999
240 0.006453 294.209737
241 0.004416 295.575322
242 0.006319 296.797431
243 0.005784 298.018733
244 0.007194 299.241642
245 0.006289 300.464899

Optimizer is Adamax
Epoch & Fidelity & Runtime 
1 0.221272 1.37086
2 0.303946 2.673676
3 0.36411 3.943
4 0.409533 5.21387
5 0.46465 6.481726
6 0.505612 7.744796
7 0.534803 9.018603
8 0.544356 10.288453
9 0.538323 11.554257
10 0.57486 12.975719
11 0.56882 14.251013
12 0.591248 15.518986
13 0.600957 16.797088
14 0.616961 18.066615
15 0.621373 19.346709
16 0.629874 20.625339
17 0.637325 21.903877
18 0.666563 23.188467
19 0.656115 24.474467
20 0.668766 25.761644
21 0.69093 27.196081
22 0.664417 28.484716
23 0.698491 29.766906
24 0.673999 31.060791
25 0.675216 32.344313
26 0.625582 33.626556
27 0.700297 34.917644
28 0.697974 36.199637
29 0.695955 37.483235
30 0.731881 38.764654
31 0.704919 40.045415
32 0.702428 41.327128
33 0.654006 42.759992
34 0.658128 44.041879
35 0.651239 45.31051
36 0.644236 46.60587
37 0.69082 47.889246
38 0.708874 49.162442
39 0.656766 50.44839
40 0.702142 51.740095
41 0.571287 53.00913
42 0.608049 54.30585
43 0.665968 55.608566
44 0.690336 57.037035
45 0.666165 58.34945
46 0.676112 59.627449
47 0.632397 60.921432
48 0.646069 62.215431
49 0.617297 63.508326
50 0.632356 64.801832
51 0.657731 66.096225
52 0.596669 67.391811
53 0.593823 68.687849
54 0.590715 69.969905
55 0.648109 71.258593
56 0.5678 72.699018
57 0.61671 74.002833
58 0.581346 75.30691
59 0.58643 76.599497
60 0.510324 77.890511
61 0.541906 79.184215
62 0.560671 80.486163
63 0.568806 81.779835
64 0.569012 83.076072
65 0.567462 84.366444
66 0.559976 85.673809
67 0.552245 87.113502
68 0.561219 88.408854
69 0.504913 89.703674
70 0.48956 90.996662
71 0.493638 92.294778
72 0.53515 93.59737
73 0.526343 94.890881
74 0.470961 96.193093
75 0.490404 97.483289
76 0.508872 98.777749
77 0.457673 100.07019
78 0.406178 101.365017
79 0.433473 102.804329
80 0.479057 104.096563
81 0.439465 105.401591
82 0.36168 106.695652
83 0.405884 107.987572
84 0.346061 109.282696
85 0.341127 110.576007
86 0.330447 111.868666
87 0.31087 113.158574
88 0.369741 114.45043
89 0.363206 115.756547
90 0.401978 117.192442
91 0.442174 118.486736
92 0.368456 119.782958
93 0.262363 121.083183
94 0.242992 122.376656
95 0.285422 123.668846
96 0.266035 124.967561
97 0.257744 126.26238
98 0.25422 127.55417
99 0.270144 128.848338
100 0.250373 130.138712
101 0.232705 131.43688
102 0.169306 132.869196
103 0.17613 134.30759
104 0.2062 135.610085
105 0.205294 136.909568
106 0.148317 138.201042
107 0.175605 139.502157
108 0.182059 140.794897
109 0.183368 142.088277
110 0.169364 143.38061
111 0.145401 144.695968
112 0.156838 145.988011
113 0.12237 147.424957
114 0.135699 148.717978
115 0.1242 150.007913
116 0.126911 151.305274
117 0.128672 152.598946
118 0.160282 153.888358
119 0.143379 155.181636
120 0.120144 156.472953
121 0.145135 157.765048
122 0.146539 159.056483
123 0.141301 160.348623
124 0.131738 161.640998
125 0.124198 163.07921
126 0.106834 164.375862
127 0.102386 165.683662
128 0.127614 166.981719
129 0.125136 168.279056
130 0.132438 169.575899
131 0.12685 170.874759
132 0.098232 172.172649
133 0.082262 173.469665
134 0.09036 174.765985
135 0.089323 176.066237
136 0.090709 177.505985
137 0.090175 178.801499
138 0.083422 180.095952
139 0.060199 181.391605
140 0.079285 182.686233
141 0.09441 183.983491
142 0.050055 185.291734
143 0.038411 186.587867
144 0.054662 187.882074
145 0.076042 189.175072
146 0.073151 190.470417
147 0.084394 191.912941
148 0.082934 193.215449
149 0.067614 194.51071
150 0.068377 195.818014
151 0.057619 197.111193
152 0.052157 198.405766
153 0.05646 199.701352
154 0.059493 200.996672
155 0.067726 202.290254
156 0.054255 203.58405
157 0.053852 204.878952
158 0.056893 206.17224
159 0.052359 207.620987
160 0.045942 208.915296
161 0.041631 210.210382
162 0.052874 211.50651
163 0.056796 212.804049
164 0.062869 214.100909
165 0.054717 215.408658
166 0.065287 216.716541
167 0.068299 218.014109
168 0.073385 219.311537
169 0.080255 220.605056
170 0.068031 222.051705
171 0.063199 223.346148
172 0.05166 224.643506
173 0.042439 225.949544
174 0.0351 227.246004
175 0.036327 228.539667
176 0.0334 229.834258
177 0.036895 231.129874
178 0.046368 232.4471
179 0.04511 233.740235
180 0.038008 235.032146
181 0.040193 236.485562
182 0.033621 237.943556
183 0.038189 239.240786
184 0.026781 240.534036
185 0.01937 241.830922
186 0.036938 243.124419
187 0.037564 244.4288
188 0.031984 245.736213
189 0.036372 247.039277
190 0.02495 248.333318
191 0.025893 249.628734
192 0.032669 250.923233
193 0.029014 252.375648
194 0.030474 253.671174
195 0.035692 254.966567
196 0.027906 256.26268
197 0.029922 257.556919
198 0.030236 258.850871
199 0.028247 260.14854
200 0.024956 261.444671
201 0.031788 262.741617
202 0.031343 264.036458
203 0.023364 265.346819
204 0.036358 266.643882
205 0.030583 268.108054
206 0.033453 269.402865
207 0.034367 270.698412
208 0.027303 271.993299
209 0.028779 273.288367
210 0.02982 274.583461
211 0.025529 275.891064
212 0.025027 277.184249
213 0.025668 278.478545
214 0.033386 279.775348
215 0.033528 281.071772
216 0.029857 282.527102
217 0.030436 283.820683
218 0.028155 285.116842
219 0.028508 286.573695
220 0.022633 287.867701
221 0.026547 289.164634
222 0.030065 290.459927
223 0.033642 291.756219
224 0.026322 293.052036
225 0.031552 294.345644
226 0.033456 295.653259
227 0.030794 297.114807
228 0.02641 298.410721
229 0.033956 299.704242
230 0.025919 301.000041

Optimizer is SGD
Epoch & Fidelity & Runtime 
1 0.122119 1.246513
2 0.183386 2.43098
3 0.221604 3.724975
4 0.249919 4.846296
5 0.273793 5.963459
6 0.297646 7.087225
7 0.318026 8.2197
8 0.33443 9.340081
9 0.356288 10.464389
10 0.372557 11.587419
11 0.385878 12.737777
12 0.400956 13.873628
13 0.414638 15.00395
14 0.428169 16.134489
15 0.440598 17.263149
16 0.451979 18.409301
17 0.465484 19.679054
18 0.475316 20.811543
19 0.486661 21.937635
20 0.495329 23.064925
21 0.503677 24.185756
22 0.511985 25.320538
23 0.519692 26.462266
24 0.526036 27.594619
25 0.529876 28.737356
26 0.533669 29.87911
27 0.543 31.038772
28 0.547153 32.182747
29 0.547668 33.309705
30 0.549133 34.627869
31 0.556542 35.767022
32 0.561329 36.917561
33 0.563708 38.050472
34 0.566563 39.194339
35 0.563271 40.336131
36 0.573409 41.471474
37 0.576122 42.620901
38 0.579425 43.77029
39 0.58165 44.920142
40 0.581992 46.069991
41 0.586635 47.233756
42 0.585999 48.423984
43 0.592881 49.704527
44 0.594823 50.853727
45 0.599268 51.991167
46 0.601786 53.137698
47 0.602622 54.284661
48 0.607836 55.434859
49 0.611022 56.569906
50 0.614927 57.732008
51 0.616032 58.88804
52 0.622598 60.033794
53 0.623228 61.181464
54 0.619694 62.336185
55 0.625653 63.620438
56 0.631137 64.807153
57 0.631288 65.954795
58 0.637024 67.104377
59 0.642059 68.254904
60 0.643316 69.404274
61 0.645869 70.553874
62 0.647834 71.701286
63 0.649787 72.85135
64 0.652492 74.001007
65 0.651976 75.15011
66 0.658307 76.298586
67 0.662104 77.459455
68 0.661312 78.778768
69 0.665464 79.927863
70 0.667567 81.077449
71 0.67268 82.22704
72 0.673686 83.376923
73 0.675796 84.529024
74 0.678159 85.678442
75 0.678176 86.827598
76 0.683186 87.976651
77 0.684031 89.125175
78 0.688413 90.298724
79 0.690309 91.451887
80 0.692997 92.603432
81 0.693396 93.916837
82 0.695246 95.067856
83 0.69218 96.218465
84 0.694098 97.38162
85 0.698181 98.530677
86 0.702442 99.678979
87 0.704747 100.825975
88 0.705988 101.976439
89 0.704929 103.126066
90 0.710754 104.274318
91 0.711831 105.422057
92 0.713071 106.568783
93 0.71636 107.729743
94 0.715613 109.047465
95 0.716003 110.198048
96 0.70948 111.347106
97 0.719229 112.497056
98 0.722375 113.648069
99 0.722551 114.795499
100 0.721567 115.94394
101 0.725261 117.094967
102 0.724537 118.244117
103 0.729703 119.396137
104 0.729511 120.54329
105 0.730425 121.693424
106 0.733273 122.839242
107 0.732392 124.149084
108 0.727689 125.295162
109 0.736735 126.4445
110 0.734893 127.606326
111 0.738275 128.920062
112 0.739347 130.081012
113 0.741617 131.22838
114 0.744771 132.37925
115 0.747137 133.526333
116 0.744843 134.683973
117 0.746157 135.834333
118 0.749353 136.989128
119 0.747779 138.144682
120 0.751169 139.461508
121 0.752176 140.612615
122 0.751626 141.763972
123 0.753719 142.915212
124 0.753734 144.06872
125 0.753854 145.221348
126 0.757648 146.373479
127 0.760037 147.538831
128 0.762142 148.690045
129 0.761241 149.843526
130 0.76363 150.993788
131 0.763627 152.145575
132 0.764032 153.310083
133 0.768061 154.635977
134 0.768326 155.788453
135 0.767451 156.943324
136 0.770445 158.101522
137 0.770734 159.255951
138 0.770934 160.409189
139 0.771265 161.561499
140 0.772456 162.71228
141 0.76983 163.862539
142 0.767233 165.016273
143 0.77253 166.164421
144 0.770828 167.350385
145 0.771475 168.669296
146 0.773303 169.823236
147 0.778073 170.976486
148 0.780382 172.128565
149 0.779855 173.280123
150 0.782022 174.433378
151 0.779851 175.585029
152 0.779267 176.73589
153 0.779504 177.903848
154 0.781635 179.058834
155 0.785492 180.209714
156 0.788273 181.364752
157 0.787547 182.513813
158 0.790566 183.838056
159 0.788236 184.997423
160 0.785111 186.149246
161 0.788008 187.314464
162 0.787587 188.467015
163 0.78919 189.619522
164 0.786615 190.770467
165 0.789504 191.923806
166 0.792736 193.077809
167 0.79541 194.232794
168 0.793728 195.384873
169 0.790751 196.535007
170 0.795875 197.697927
171 0.794891 199.022335
172 0.797884 200.173163
173 0.797284 201.326576
174 0.796867 202.479623
175 0.791433 203.630832
176 0.795437 204.783021
177 0.796089 205.93612
178 0.794536 207.088141
179 0.796676 208.242356
180 0.799218 209.394527
181 0.799355 210.545495
182 0.801393 211.696792
183 0.800398 212.847443
184 0.804464 214.174582
185 0.799469 215.326104
186 0.796078 216.480435
187 0.802319 217.645672
188 0.802003 218.796437
189 0.801449 219.948901
190 0.802916 221.09928
191 0.803657 222.251805
192 0.796124 223.402105
193 0.803814 224.554756
194 0.802558 225.705693
195 0.800851 226.85732
196 0.805715 228.199085
197 0.805006 229.530618
198 0.799673 230.682096
199 0.805147 231.841848
200 0.805482 232.994309
201 0.807166 234.148146
202 0.803736 235.300978
203 0.799997 236.451837
204 0.802485 237.613926
205 0.806359 238.766198
206 0.807309 239.915468
207 0.80625 241.066921
208 0.802623 242.217176
209 0.803956 243.548352
210 0.807661 244.704019
211 0.803101 245.882318
212 0.806523 247.038509
213 0.805858 248.194865
214 0.805136 249.352353
215 0.808024 250.508621
216 0.807806 251.665387
217 0.807278 252.82486
218 0.806735 253.980879
219 0.811383 255.138023
220 0.809331 256.292397
221 0.80675 257.470638
222 0.813131 258.806266
223 0.813287 259.959316
224 0.816313 261.112247
225 0.814488 262.265069
226 0.815546 263.41833
227 0.816917 264.570331
228 0.814027 265.723669
229 0.811542 266.876019
230 0.816002 268.04242
231 0.815457 269.197028
232 0.815725 270.349255
233 0.81304 271.503122
234 0.812958 272.656807
235 0.817038 273.994645
236 0.815046 275.155373
237 0.819448 276.309374
238 0.816541 277.476416
239 0.815973 278.815235
240 0.818759 279.972488
241 0.815981 281.12671
242 0.818886 282.282696
243 0.814709 283.43719
244 0.81637 284.589702
245 0.819077 285.742443
246 0.822334 286.895622
247 0.821781 288.060845
248 0.816344 289.40728
249 0.817619 290.562726
250 0.818989 291.714668
251 0.820356 292.868708
252 0.812537 294.022382
253 0.819399 295.175975
254 0.825191 296.327489
255 0.821284 297.491657
256 0.816145 298.64563
257 0.814593 299.797639
258 0.81461 300.951875

Optimizer is SGD $\gamma$ = 0.9
Epoch & Fidelity & Runtime 
1 0.306613 1.27371
2 0.47612 2.489238
3 0.517829 3.6418
4 0.531087 4.775393
5 0.565339 5.912108
6 0.620274 7.044003
7 0.641527 8.184256
8 0.668354 9.386886
9 0.667738 10.65148
10 0.702618 11.789044
11 0.707898 12.92406
12 0.691091 14.059824
13 0.730859 15.202942
14 0.731186 16.347939
15 0.741734 17.486902
16 0.7483 18.651608
17 0.748418 19.796246
18 0.756755 20.941298
19 0.771475 22.07949
20 0.771449 23.228916
21 0.764313 24.490281
22 0.795181 25.711524
23 0.727335 26.857062
24 0.790852 28.008422
25 0.814663 29.159227
26 0.788999 30.306004
27 0.796846 31.458439
28 0.782895 32.608703
29 0.80439 33.759899
30 0.815747 34.891478
31 0.806168 36.032621
32 0.798275 37.199969
33 0.793079 38.352782
34 0.746727 39.687109
35 0.787721 40.840274
36 0.802676 42.009153
37 0.790301 43.164416
38 0.814832 44.328454
39 0.765753 45.493664
40 0.763825 46.646138
41 0.811821 47.811376
42 0.759683 48.985847
43 0.737592 50.151819
44 0.727582 51.317216
45 0.754518 52.485004
46 0.769372 53.650392
47 0.820133 55.008942
48 0.826118 56.175056
49 0.841442 57.342803
50 0.836451 58.520041
51 0.823962 59.686072
52 0.82112 60.853394
53 0.805518 62.019532
54 0.805085 63.186348
55 0.796412 64.352618
56 0.740485 65.515795
57 0.834205 66.683432
58 0.839023 67.845823
59 0.76682 69.023856
60 0.811295 70.387991
61 0.791859 71.551999
62 0.810777 72.717787
63 0.777917 73.88173
64 0.818619 75.049456
65 0.801351 76.218431
66 0.74699 77.384139
67 0.800306 78.562867
68 0.803221 79.728465
69 0.771057 80.893467
70 0.770042 82.062732
71 0.836978 83.226792
72 0.82518 84.540872
73 0.841503 85.755797
74 0.796471 86.926614
75 0.78479 88.094313
76 0.842201 89.266909
77 0.837172 90.43316
78 0.840325 91.598166
79 0.842734 92.763537
80 0.768541 93.930283
81 0.791548 95.094481
82 0.791411 96.260414
83 0.85379 97.452305
84 0.844036 98.630888
85 0.817796 99.989741
86 0.761585 101.159315
87 0.782164 102.325837
88 0.803609 103.491937
89 0.845493 104.656548
90 0.836264 105.824026
91 0.848119 106.987835
92 0.852536 108.155129
93 0.840204 109.322909
94 0.848353 110.489021
95 0.842266 111.653397
96 0.843743 112.819172
97 0.828167 113.983171
98 0.811117 115.339467
99 0.768503 116.503249
100 0.856347 117.678267
101 0.770565 118.854695
102 0.73808 120.02001
103 0.686201 121.386873
104 0.77937 122.555412
105 0.786864 123.719356
106 0.816644 124.882978
107 0.853962 126.046439
108 0.856124 127.210051
109 0.85332 128.375054
110 0.812362 129.730614
111 0.774786 130.894702
112 0.82152 132.060619
113 0.792966 133.227098
114 0.837715 134.392701
115 0.812589 135.558639
116 0.847367 136.726897
117 0.84904 137.893912
118 0.835389 139.072104
119 0.826673 140.242702
120 0.83622 141.406257
121 0.815774 142.570432
122 0.805445 143.733782
123 0.760153 145.089115
124 0.830262 146.254643
125 0.84375 147.420346
126 0.822454 148.600048
127 0.814389 149.764877
128 0.791854 150.930432
129 0.81825 152.09432
130 0.820882 153.259998
131 0.763443 154.426184
132 0.808115 155.594445
133 0.802686 156.765704
134 0.782188 157.934696
135 0.812676 159.115893
136 0.83084 160.474928
137 0.836197 161.642933
138 0.835385 162.816838
139 0.840351 163.991235
140 0.846685 165.159225
141 0.86626 166.329243
142 0.768761 167.49564
143 0.813702 168.675146
144 0.866218 169.841759
145 0.843514 171.008769
146 0.863081 172.175814
147 0.793597 173.343379
148 0.745336 174.698444
149 0.766388 175.895195
150 0.781236 177.063574
151 0.780764 178.233695
152 0.789458 179.402419
153 0.804904 180.573229
154 0.825003 181.742211
155 0.808629 182.91141
156 0.793501 184.080765
157 0.801033 185.245815
158 0.800391 186.412846
159 0.86012 187.581582
160 0.840944 188.762966
161 0.836865 190.140732
162 0.852623 191.312178
163 0.866738 192.485179
164 0.846806 193.664585
165 0.833227 194.837756
166 0.821597 196.008032
167 0.823959 197.178109
168 0.851024 198.346857
169 0.788135 199.516921
170 0.850475 200.686448
171 0.851959 201.853314
172 0.863995 203.022124
173 0.859619 204.193194
174 0.820758 205.559906
175 0.836733 206.728408
176 0.833324 207.897346
177 0.846002 209.080535
178 0.857561 210.2511
179 0.867048 211.422165
180 0.785084 212.589418
181 0.784182 213.75879
182 0.838992 214.926091
183 0.846616 216.09557
184 0.866611 217.265161
185 0.827309 218.434725
186 0.810148 219.799058
187 0.803893 220.969189
188 0.856147 222.134729
189 0.839722 223.301762
190 0.827077 224.469115
191 0.804454 225.63709
192 0.826291 226.804578
193 0.861547 227.971793
194 0.818043 229.152632
195 0.857453 230.320469
196 0.864037 231.489624
197 0.846329 232.657314
198 0.81225 233.824298
199 0.800298 235.187413
200 0.756022 236.352921
201 0.776503 237.522986
202 0.831489 238.700382
203 0.823295 239.880371
204 0.842966 241.049116
205 0.831447 242.219597
206 0.827927 243.397614
207 0.822447 244.564609
208 0.782556 245.735015
209 0.793393 246.905007
210 0.829862 248.074845
211 0.827933 249.256973
212 0.795592 250.631402
213 0.840162 251.822345
214 0.88127 252.998988
215 0.870119 254.178606
216 0.878971 255.374722
217 0.882747 256.545874
218 0.881793 257.718148
219 0.871851 258.898563
220 0.866086 260.069469
221 0.856533 261.238317
222 0.855563 262.406653
223 0.870524 263.575438
224 0.853031 264.948051
225 0.845857 266.116333
226 0.866222 267.300053
227 0.843008 268.476601
228 0.826276 269.849023
229 0.852375 271.01963
230 0.829536 272.190336
231 0.813696 273.360248
232 0.793303 274.528684
233 0.829562 275.696815
234 0.824332 276.867212
235 0.840199 278.036636
236 0.849529 279.214866
237 0.847515 280.595406
238 0.846733 281.762568
239 0.838169 282.935174
240 0.864886 284.130382
241 0.864058 285.300801
242 0.867753 286.471314
243 0.868744 287.641539
244 0.878181 288.820739
245 0.840438 289.993405
246 0.842137 291.163558
247 0.831559 292.331274
248 0.831987 293.498716
249 0.820833 294.875111
250 0.861642 296.044765
251 0.861818 297.214555
252 0.849547 298.387245
253 0.8461 299.555998
254 0.833276 300.72664

Optimizer is NAG $\gamma$ = 0.9
Epoch & Fidelity & Runtime 
1 0.3083 1.49328
2 0.427691 2.756913
3 0.511277 3.948815
4 0.529891 5.09737
5 0.535495 6.243945
6 0.558095 7.392992
7 0.60784 8.544201
8 0.595261 9.691342
9 0.645176 10.836367
10 0.658162 11.979517
11 0.636239 13.129206
12 0.663397 14.277092
13 0.701111 15.430896
14 0.705743 16.7946
15 0.720426 17.939828
16 0.689342 19.081723
17 0.672651 20.247455
18 0.658504 21.400618
19 0.730629 22.581047
20 0.739559 23.732364
21 0.73942 24.893246
22 0.74245 26.051801
23 0.727538 27.203444
24 0.763922 28.366048
25 0.76056 29.51749
26 0.787691 30.890229
27 0.765849 32.041764
28 0.767267 33.20101
29 0.763313 34.361361
30 0.768822 35.515388
31 0.756428 36.680057
32 0.750764 37.840399
33 0.771053 38.985942
34 0.767839 40.167617
35 0.782021 41.334915
36 0.795678 42.503688
37 0.771027 43.68162
38 0.760422 44.856536
39 0.801672 46.245085
40 0.754685 47.42189
41 0.803424 48.597851
42 0.80205 49.774797
43 0.786796 50.950335
44 0.81111 52.128327
45 0.808543 53.303134
46 0.805701 54.485787
47 0.78838 55.663897
48 0.784327 56.843531
49 0.782122 58.017511
50 0.808126 59.18915
51 0.792502 60.372148
52 0.822041 61.762557
53 0.814428 62.9376
54 0.820634 64.112891
55 0.823612 65.290877
56 0.808164 66.466627
57 0.803862 67.640422
58 0.796683 68.815125
59 0.794849 70.000618
60 0.784275 71.175821
61 0.820231 72.351893
62 0.782432 73.52796
63 0.79569 74.704222
64 0.776837 76.094367
65 0.807056 77.273532
66 0.766919 78.450868
67 0.796459 79.631197
68 0.804873 80.807718
69 0.771865 81.985037
70 0.803994 83.169484
71 0.804942 84.525541
72 0.800618 85.894947
73 0.782899 87.241058
74 0.793074 88.64418
75 0.800709 90.012704
76 0.782371 91.617751
77 0.81765 93.004799
78 0.825523 94.36148
79 0.804907 95.731157
80 0.81998 97.073992
81 0.812868 98.434996
82 0.816992 99.662183
83 0.785658 100.909431
84 0.779483 102.083064
85 0.820554 103.259092
86 0.786842 104.458983
87 0.802602 105.84535
88 0.809984 107.022515
89 0.813508 108.19781
90 0.788856 109.375247
91 0.815347 110.560577
92 0.817791 111.738868
93 0.829931 112.914106
94 0.818748 114.089868
95 0.81055 115.481411
96 0.81015 116.65818
97 0.806274 117.838148
98 0.788342 119.011029
99 0.808701 120.195168
100 0.754212 121.57984
101 0.775874 122.756285
102 0.772599 123.936222
103 0.789211 125.112674
104 0.796199 126.291079
105 0.78753 127.470015
106 0.779953 128.651474
107 0.799129 129.831267
108 0.740024 131.007919
109 0.815944 132.186812
110 0.770487 133.365169
111 0.818923 134.544653
112 0.798267 135.931085
113 0.802877 137.111174
114 0.767219 138.287059
115 0.812584 139.464317
116 0.812571 140.649538
117 0.786004 141.826541
118 0.809082 143.005314
119 0.756054 144.181415
120 0.723675 145.35737
121 0.802624 146.534776
122 0.780656 147.710604
123 0.786712 148.884887
124 0.805433 150.075573
125 0.79621 151.460753
126 0.802405 152.633633
127 0.809817 153.806759
128 0.804373 154.982365
129 0.767465 156.153268
130 0.750693 157.334473
131 0.780447 158.514597
132 0.742703 159.694502
133 0.76207 160.873333
134 0.780474 162.053487
135 0.754977 163.231037
136 0.748121 164.410907
137 0.737577 165.793627
138 0.74517 166.975626
139 0.78846 168.159181
140 0.795978 169.338633
141 0.786279 170.527509
142 0.767682 171.705726
143 0.789823 172.882459
144 0.767596 174.062344
145 0.759728 175.240461
146 0.765521 176.419771
147 0.776247 177.599284
148 0.777267 178.779291
149 0.762891 179.958548
150 0.741421 181.34527
151 0.763611 182.530391
152 0.747422 183.735162
153 0.762874 184.91746
154 0.748804 186.101789
155 0.726372 187.281512
156 0.759894 188.464792
157 0.759579 189.645831
158 0.765795 190.828198
159 0.755529 192.011334
160 0.765346 193.193657
161 0.736433 194.374604
162 0.774871 195.766977
163 0.773316 196.94713
164 0.74026 198.129876
165 0.761095 199.310691
166 0.732716 200.501352
167 0.751925 201.682265
168 0.75363 202.864973
169 0.734678 204.04504
170 0.755048 205.228051
171 0.782906 206.407036
172 0.755468 207.590338
173 0.767021 208.770066
174 0.78209 209.948854
175 0.762976 211.342671
176 0.772584 212.526003
177 0.742439 213.706038
178 0.71433 214.886142
179 0.760639 216.065164
180 0.759226 217.250439
181 0.760543 218.433561
182 0.736488 219.616156
183 0.757778 220.8106
184 0.741786 221.994806
185 0.745353 223.179083
186 0.753855 224.363346
187 0.732307 225.761965
188 0.769523 226.947042
189 0.762709 228.128466
190 0.784896 229.311194
191 0.770274 230.500847
192 0.746274 231.683614
193 0.75543 232.866356
194 0.732183 234.048834
195 0.762573 235.230537
196 0.77899 236.413079
197 0.78771 237.594818
198 0.763791 238.779409
199 0.760192 239.962255
200 0.762075 241.37303
201 0.747747 242.560556
202 0.742405 243.753018
203 0.74468 244.935569
204 0.750923 246.115574
205 0.758303 247.292414
206 0.762732 248.475006
207 0.774222 249.657125
208 0.75425 250.850025
209 0.772358 252.049882
210 0.758987 253.243701
211 0.773647 254.433366
212 0.766313 255.864564
213 0.751481 257.057456
214 0.736421 258.242524
215 0.756492 259.432325
216 0.742335 260.64344
217 0.760246 261.830839
218 0.754385 263.250155
219 0.737003 264.455041
220 0.760182 265.637037
221 0.762933 266.818443
222 0.754898 268.000595
223 0.755423 269.180573
224 0.733144 270.372184
225 0.751407 271.797364
226 0.766406 272.977916
227 0.769919 274.159614
228 0.766979 275.344902
229 0.763201 276.528984
230 0.713715 277.716139
231 0.755846 278.899318
232 0.721461 280.084448
233 0.751373 281.262906
234 0.75523 282.442209
235 0.7186 283.624479
236 0.710417 284.807819
237 0.718731 286.237669
238 0.709971 287.419195
239 0.72462 288.600881
240 0.727185 289.78525
241 0.731026 290.965976
242 0.749042 292.14791
243 0.749302 293.328026
244 0.752097 294.50954
245 0.76445 295.689596
246 0.774486 296.868808
247 0.759032 298.048903
248 0.745785 299.228167
249 0.754384 300.41864

