Batch size is 2
Epoch & Fidelity & Runtime 
1 0.234554 2.878665
2 0.334638 5.678567
3 0.419711 8.506497
4 0.484937 11.290555
5 0.529513 14.139256
6 0.52799 16.934429
7 0.563242 19.745324
8 0.576884 22.562084
9 0.590853 25.387972
10 0.602042 28.206224
11 0.605801 31.037416
12 0.620739 33.823734
13 0.629643 36.605973
14 0.649226 39.449803
15 0.664328 42.228409
16 0.671212 45.065937
17 0.669175 47.899084
18 0.696441 50.728404
19 0.692686 53.510449
20 0.703146 56.339627
21 0.702252 59.181054
22 0.725972 61.960695
23 0.730475 64.757585
24 0.744107 67.590561
25 0.75332 70.369442
26 0.739568 73.188111
27 0.756797 76.037096
28 0.756115 78.849664
29 0.765297 81.676672
30 0.764584 84.503865
31 0.768475 87.331468
32 0.788707 90.175412
33 0.760782 93.001083
34 0.775581 95.794817
35 0.798001 98.619403
36 0.780511 101.450505
37 0.778275 104.304797
38 0.79623 107.131504
39 0.79445 109.950371
40 0.801147 112.751623
41 0.793859 115.58052
42 0.805771 118.404007
43 0.804403 121.261901
44 0.807696 124.074973
45 0.794927 126.864212
46 0.822911 129.684279
47 0.809781 132.507688
48 0.808752 135.361577
49 0.791145 138.192679
50 0.828484 141.013022
51 0.819859 143.804808
52 0.827354 146.645524
53 0.798203 149.504623
54 0.809395 152.330992
55 0.817933 155.144558
56 0.83458 157.940763
57 0.813055 160.772578
58 0.823264 163.602119
59 0.836971 166.465061
60 0.830567 169.291997
61 0.83901 172.120552
62 0.837369 174.958768
63 0.833231 177.786757
64 0.838397 180.63679
65 0.826419 183.465927
66 0.844624 186.250276
67 0.843777 189.074644
68 0.822759 191.896751
69 0.833046 194.712773
70 0.832491 197.574476
71 0.807684 200.389199
72 0.849866 203.16714
73 0.849707 205.998683
74 0.849606 208.853756
75 0.854712 211.659893
76 0.842581 214.434293
77 0.854866 217.217262
78 0.857641 219.990751
79 0.858933 222.839738
80 0.853638 225.702459
81 0.859543 228.543222
82 0.858399 231.322743
83 0.846523 234.1431
84 0.861515 236.95975
85 0.864554 239.815586
86 0.850917 242.636286
87 0.848367 245.436248
88 0.837629 248.231064
89 0.855387 251.017671
90 0.856785 253.896271
91 0.835564 256.680636
92 0.832111 259.482692
93 0.852373 262.309242
94 0.843616 265.104855
95 0.865203 267.916783
96 0.853163 270.779889
97 0.858169 273.602242
98 0.852032 276.424567
99 0.848087 279.198771
100 0.86418 282.015736
101 0.852388 284.857536
102 0.851024 287.642664
103 0.86652 290.46582
104 0.831534 293.294377
105 0.853904 296.121085
106 0.852389 298.987314
107 0.874487 301.793954

Batch size is 4
Epoch & Fidelity & Runtime 
1 0.178934 1.752399
2 0.248956 3.489697
3 0.302865 5.251467
4 0.348103 7.014265
5 0.405375 8.793715
6 0.452859 10.561425
7 0.485836 12.323944
8 0.503822 14.08503
9 0.528897 15.844635
10 0.538915 17.6053
11 0.552083 19.365974
12 0.557513 21.108362
13 0.544892 22.870666
14 0.562734 24.67812
15 0.572797 26.441744
16 0.573984 28.204826
17 0.577273 29.967345
18 0.575932 31.731712
19 0.591435 33.510605
20 0.59554 35.27359
21 0.60925 37.038457
22 0.610958 38.871381
23 0.615902 40.669406
24 0.620937 42.446501
25 0.626928 44.210968
26 0.628949 45.979536
27 0.627884 47.721987
28 0.636633 49.48528
29 0.645861 51.246452
30 0.652166 53.020474
31 0.6589 54.854617
32 0.660782 56.628676
33 0.660425 58.400833
34 0.665045 60.1756
35 0.669427 61.918905
36 0.672672 63.696395
37 0.686118 65.485896
38 0.68727 67.269385
39 0.691997 69.068378
40 0.702062 70.829817
41 0.706056 72.614941
42 0.711153 74.404706
43 0.707267 76.185421
44 0.720356 77.947228
45 0.719651 79.71708
46 0.730508 81.510546
47 0.732189 83.304402
48 0.735919 85.115638
49 0.7358 86.872583
50 0.742474 88.664292
51 0.75206 90.450945
52 0.750721 92.244006
53 0.749938 94.020789
54 0.758512 95.810477
55 0.765481 97.606993
56 0.759554 99.451472
57 0.772958 101.267339
58 0.775571 103.067451
59 0.780548 104.870125
60 0.780155 106.66743
61 0.773899 108.470859
62 0.760665 110.275
63 0.772545 112.061023
64 0.788411 113.907249
65 0.78548 115.708437
66 0.790249 117.493326
67 0.78746 119.270129
68 0.792142 121.0704
69 0.79808 122.871518
70 0.796857 124.677255
71 0.798496 126.477065
72 0.792876 128.273324
73 0.796258 130.121091
74 0.7988 131.923048
75 0.799563 133.72437
76 0.804618 135.598363
77 0.804412 137.399573
78 0.808761 139.199451
79 0.807425 140.996213
80 0.817555 142.801524
81 0.817952 144.636004
82 0.799623 146.432409
83 0.815208 148.229684
84 0.81735 150.032648
85 0.810383 151.835721
86 0.803573 153.637714
87 0.815133 155.439612
88 0.825153 157.24237
89 0.82737 159.09722
90 0.82852 160.901202
91 0.822379 162.699253
92 0.824418 164.494454
93 0.822409 166.295409
94 0.82685 168.088788
95 0.826664 169.905648
96 0.827782 171.707329
97 0.830285 173.557088
98 0.819975 175.361048
99 0.834082 177.160942
100 0.838861 178.943316
101 0.834788 180.735589
102 0.837378 182.540268
103 0.84048 184.342489
104 0.838352 186.146937
105 0.838042 187.952154
106 0.841864 189.812124
107 0.842151 191.613788
108 0.838277 193.420295
109 0.836178 195.224232
110 0.840578 197.026488
111 0.838005 198.830542
112 0.84428 200.637368
113 0.85365 202.437846
114 0.846024 204.315581
115 0.836953 206.121333
116 0.840302 207.923287
117 0.846668 209.718268
118 0.849549 211.504339
119 0.850498 213.30533
120 0.857159 215.087102
121 0.857318 216.876415
122 0.850377 218.733763
123 0.85471 220.537185
124 0.853994 222.338458
125 0.854842 224.139138
126 0.854553 225.939143
127 0.855925 227.740744
128 0.853413 229.535798
129 0.84983 231.33808
130 0.846041 233.139645
131 0.853545 235.000761
132 0.85124 236.80424
133 0.856639 238.684562
134 0.863753 240.481614
135 0.862875 242.285054
136 0.861026 244.089237
137 0.859679 245.892424
138 0.862004 247.698945
139 0.85517 249.562846
140 0.866067 251.36716
141 0.864034 253.171831
142 0.864087 254.976518
143 0.862203 256.779778
144 0.865524 258.568723
145 0.871073 260.370534
146 0.86274 262.175571
147 0.865443 264.034717
148 0.861896 265.836782
149 0.85535 267.621879
150 0.864186 269.416247
151 0.850839 271.213811
152 0.866424 273.032398
153 0.861042 274.82826
154 0.848162 276.628287
155 0.863477 278.430708
156 0.871793 280.300367
157 0.870018 282.109349
158 0.874923 283.914652
159 0.862167 285.714248
160 0.869471 287.521185
161 0.859649 289.327722
162 0.867001 291.130769
163 0.86797 292.936726
164 0.871552 294.803824
165 0.863301 296.587539
166 0.871656 298.364758
167 0.860435 300.163194

Batch size is 8
Epoch & Fidelity & Runtime 
1 0.13285 1.28582
2 0.17871 2.522821
3 0.211592 3.834721
4 0.238073 5.073365
5 0.262102 6.31632
6 0.28325 7.567314
7 0.30344 8.817932
8 0.32125 10.06628
9 0.336798 11.313725
10 0.352142 12.560243
11 0.365489 13.821234
12 0.380308 15.067955
13 0.389177 16.299902
14 0.401773 17.537723
15 0.413776 18.834179
16 0.423808 20.076404
17 0.434866 21.326472
18 0.442769 22.571261
19 0.450083 23.839763
20 0.462181 25.101994
21 0.470911 26.346844
22 0.480179 27.614255
23 0.489323 28.847654
24 0.492442 30.086174
25 0.50631 31.33099
26 0.509863 32.569612
27 0.520383 33.87492
28 0.527295 35.126387
29 0.533091 36.389475
30 0.537577 37.666201
31 0.546528 38.932017
32 0.547228 40.199904
33 0.554056 41.466115
34 0.54829 42.73453
35 0.56367 44.005359
36 0.567841 45.282631
37 0.569102 46.547359
38 0.573023 47.81429
39 0.578731 49.149115
40 0.572387 50.426436
41 0.582627 51.692176
42 0.585293 52.984645
43 0.592522 54.251362
44 0.593635 55.516464
45 0.595165 56.781973
46 0.599706 58.046832
47 0.603929 59.323021
48 0.602391 60.596309
49 0.606988 61.862868
50 0.615307 63.200824
51 0.616318 64.467953
52 0.6219 65.732549
53 0.627556 67.007918
54 0.63049 68.273268
55 0.634008 69.538791
56 0.634439 70.816498
57 0.63668 72.093692
58 0.641962 73.360716
59 0.646863 74.629046
60 0.643369 75.903888
61 0.654268 77.181807
62 0.654231 78.512591
63 0.661388 79.791681
64 0.668101 81.061394
65 0.667264 82.337628
66 0.670586 83.614293
67 0.676599 84.883668
68 0.677293 86.160289
69 0.673737 87.426248
70 0.680553 88.699667
71 0.685584 89.962432
72 0.689581 91.235352
73 0.689788 92.50668
74 0.695352 93.917465
75 0.698464 95.180882
76 0.697054 96.457913
77 0.704613 97.736423
78 0.70382 99.023381
79 0.708709 100.293979
80 0.714075 101.560484
81 0.715183 102.838775
82 0.714301 104.105528
83 0.715669 105.366216
84 0.721056 106.631167
85 0.719578 107.904012
86 0.726277 109.247083
87 0.724276 110.54596
88 0.728694 111.833727
89 0.730221 113.121225
90 0.729616 114.408103
91 0.736444 115.697417
92 0.735974 116.975664
93 0.728729 118.251497
94 0.741258 119.536672
95 0.741125 120.820122
96 0.745789 122.105571
97 0.744127 123.464164
98 0.746036 124.751482
99 0.747494 126.039322
100 0.7492 127.327519
101 0.747353 128.613509
102 0.75338 129.900004
103 0.752511 131.185438
104 0.754546 132.471568
105 0.753336 133.758502
106 0.757139 135.044567
107 0.758445 136.331646
108 0.761263 137.618453
109 0.758145 138.976624
110 0.762194 140.263417
111 0.762526 141.550689
112 0.762945 142.837631
113 0.758513 144.125913
114 0.762891 145.418026
115 0.763783 146.706799
116 0.770124 147.994087
117 0.771453 149.28097
118 0.771308 150.568302
119 0.771521 151.855642
120 0.772407 153.212889
121 0.775614 154.492133
122 0.77492 155.778636
123 0.77624 157.065939
124 0.775402 158.340171
125 0.776827 159.626423
126 0.778548 160.91436
127 0.774776 162.200586
128 0.780868 163.485999
129 0.779037 164.772288
130 0.777611 166.061112
131 0.783552 167.348786
132 0.782191 168.710743
133 0.776884 169.999917
134 0.783381 171.288121
135 0.783473 172.576583
136 0.784677 173.864091
137 0.787779 175.150666
138 0.786196 176.437042
139 0.781464 177.723976
140 0.790308 179.012174
141 0.788139 180.296701
142 0.785432 181.584862
143 0.787575 182.871507
144 0.789115 184.23603
145 0.789575 185.52396
146 0.789578 186.812524
147 0.79324 188.1014
148 0.792181 189.386598
149 0.793768 190.675332
150 0.795158 191.963993
151 0.794106 193.248782
152 0.7968 194.53514
153 0.798553 195.80959
154 0.790385 197.09853
155 0.798834 198.448072
156 0.791402 199.738492
157 0.792657 201.036267
158 0.790759 202.326546
159 0.79888 203.612411
160 0.79991 204.898579
161 0.801107 206.186613
162 0.792323 207.462561
163 0.797871 208.749296
164 0.79483 210.02822
165 0.79947 211.301475
166 0.801521 212.587998
167 0.80276 213.95556
168 0.802932 215.239532
169 0.806071 216.521986
170 0.804519 217.806621
171 0.805164 219.101414
172 0.804714 220.376024
173 0.808483 221.659201
174 0.807895 222.942072
175 0.803048 224.250827
176 0.812206 225.55667
177 0.812913 226.924972
178 0.808271 228.294067
179 0.805731 229.570713
180 0.803575 230.85817
181 0.80875 232.147105
182 0.808668 233.42574
183 0.81242 234.704031
184 0.812025 235.975756
185 0.810079 237.262833
186 0.81578 238.550147
187 0.810007 239.84022
188 0.816609 241.119855
189 0.813043 242.406953
190 0.816082 243.794203
191 0.81701 245.078618
192 0.821538 246.362549
193 0.823362 247.649345
194 0.815456 248.934774
195 0.821683 250.223907
196 0.815627 251.514123
197 0.818926 252.802967
198 0.818677 254.080234
199 0.81856 255.368096
200 0.819228 256.645905
201 0.818761 257.933607
202 0.815566 259.302072
203 0.819271 260.58857
204 0.817748 261.868048
205 0.824846 263.156338
206 0.821128 264.440173
207 0.823304 265.72711
208 0.819552 267.016482
209 0.825652 268.305772
210 0.821608 269.595542
211 0.825951 270.885037
212 0.826319 272.173843
213 0.823479 273.552101
214 0.8252 274.84252
215 0.825761 276.131916
216 0.828789 277.42175
217 0.82195 278.711115
218 0.822066 280.000496
219 0.825648 281.289591
220 0.826913 282.598666
221 0.8291 283.885959
222 0.830819 285.172432
223 0.828562 286.459846
224 0.825976 287.748598
225 0.830776 289.120105
226 0.830751 290.407887
227 0.831366 291.694116
228 0.83512 292.972087
229 0.830065 294.256477
230 0.830033 295.544888
231 0.833139 296.829839
232 0.834992 298.114495
233 0.835247 299.398562
234 0.828901 300.677503

Batch size is 16
Epoch & Fidelity & Runtime 
1 0.101246 1.096906
2 0.127806 2.124586
3 0.162104 3.118093
4 0.187481 4.108512
5 0.205765 5.099751
6 0.222127 6.090464
7 0.235401 7.080909
8 0.247948 8.070429
9 0.262143 9.062966
10 0.274438 10.18625
11 0.28655 11.175769
12 0.299963 12.167474
13 0.313115 13.1581
14 0.325468 14.149871
15 0.338894 15.159216
16 0.350565 16.148372
17 0.365429 17.14098
18 0.377372 18.142655
19 0.392155 19.137214
20 0.404792 20.138087
21 0.417714 21.132183
22 0.428994 22.133784
23 0.43995 23.144757
24 0.450265 24.144717
25 0.45772 25.240157
26 0.467043 26.234193
27 0.475237 27.241906
28 0.482362 28.24372
29 0.489676 29.234116
30 0.494344 30.224206
31 0.500315 31.23764
32 0.506522 32.225187
33 0.509654 33.227442
34 0.515458 34.233678
35 0.520187 35.229216
36 0.523037 36.233654
37 0.526563 37.227061
38 0.52682 38.240138
39 0.533182 39.25476
40 0.536114 40.34638
41 0.538674 41.366184
42 0.542229 42.388275
43 0.543444 43.408229
44 0.544536 44.430265
45 0.545219 45.452112
46 0.551125 46.472779
47 0.552603 47.479853
48 0.555175 48.469603
49 0.556496 49.472929
50 0.55717 50.479059
51 0.55779 51.465988
52 0.556755 52.466003
53 0.557842 53.485034
54 0.559857 54.504025
55 0.562403 55.618773
56 0.561452 56.639415
57 0.564444 57.662507
58 0.562372 58.674667
59 0.567187 59.69385
60 0.567284 60.714159
61 0.569716 61.733194
62 0.570351 62.753531
63 0.571198 63.774227
64 0.572406 64.792667
65 0.573253 65.811537
66 0.572761 66.833681
67 0.575341 67.854951
68 0.575809 68.874621
69 0.575702 69.893721
70 0.575287 71.007348
71 0.577862 72.024173
72 0.575975 73.042335
73 0.577113 74.061905
74 0.580923 75.079288
75 0.58345 76.097596
76 0.583404 77.11666
77 0.583514 78.136669
78 0.586127 79.156519
79 0.585849 80.183869
80 0.586898 81.204561
81 0.583941 82.227997
82 0.586482 83.264672
83 0.590112 84.287681
84 0.589171 85.401826
85 0.591411 86.422854
86 0.59377 87.442199
87 0.595238 88.462389
88 0.595218 89.48115
89 0.595183 90.500072
90 0.597469 91.614453
91 0.598748 92.634866
92 0.598496 93.653708
93 0.600955 94.673384
94 0.601166 95.692266
95 0.601287 96.708627
96 0.603915 97.753315
97 0.60466 98.776111
98 0.606994 99.798286
99 0.611108 100.917095
100 0.610557 101.94015
101 0.613008 102.962482
102 0.614573 103.982583
103 0.615417 105.004527
104 0.618465 106.026303
105 0.619814 107.048884
106 0.620538 108.070072
107 0.622324 109.089948
108 0.622655 110.112874
109 0.624224 111.135221
110 0.626022 112.158611
111 0.625357 113.181682
112 0.626576 114.203992
113 0.631076 115.319615
114 0.631971 116.343998
115 0.634294 117.367207
116 0.634117 118.389701
117 0.635716 119.412091
118 0.638758 120.434902
119 0.637693 121.458378
120 0.640532 122.485965
121 0.640677 123.516035
122 0.637714 124.546326
123 0.642358 125.577228
124 0.641446 126.607229
125 0.644553 127.637436
126 0.645859 128.667514
127 0.647311 129.701537
128 0.647578 130.829859
129 0.651769 131.861042
130 0.651209 132.893197
131 0.654057 133.924523
132 0.654991 134.966264
133 0.657524 135.997457
134 0.654733 137.031234
135 0.658407 138.061008
136 0.657691 139.093687
137 0.658693 140.135684
138 0.660722 141.169216
139 0.662084 142.201954
140 0.662553 143.232053
141 0.665963 144.260911
142 0.664362 145.388938
143 0.6675 146.417968
144 0.667353 147.448006
145 0.671541 148.477306
146 0.671454 149.506036
147 0.671879 150.534743
148 0.670074 151.563557
149 0.671789 152.591313
150 0.675161 153.623991
151 0.676878 154.662016
152 0.675939 155.69099
153 0.67973 156.721763
154 0.680036 157.750938
155 0.679688 158.779416
156 0.680791 159.814302
157 0.68397 160.94727
158 0.681698 161.976129
159 0.682977 163.004331
160 0.685058 164.036469
161 0.686226 165.064464
162 0.687339 166.093971
163 0.68878 167.123887
164 0.689232 168.153311
165 0.689341 169.181755
166 0.68693 170.210484
167 0.690347 171.237353
168 0.692478 172.26602
169 0.693731 173.295399
170 0.69515 174.325092
171 0.696107 175.457894
172 0.6975 176.488543
173 0.69712 177.51696
174 0.700306 178.558507
175 0.701573 179.587498
176 0.701141 180.618553
177 0.696056 181.651405
178 0.70218 182.680512
179 0.702795 183.710481
180 0.705463 184.739416
181 0.706444 185.76781
182 0.707683 186.797047
183 0.706226 187.826216
184 0.707 188.85499
185 0.710055 189.883009
186 0.710829 191.021164
187 0.712265 192.050228
188 0.7133 193.091461
189 0.712432 194.128327
190 0.714872 195.15641
191 0.717136 196.188322
192 0.717148 197.217974
193 0.718808 198.246764
194 0.716288 199.27846
195 0.720091 200.305935
196 0.720022 201.340364
197 0.721199 202.368938
198 0.720964 203.404142
199 0.721318 204.539754
200 0.723676 205.679894
201 0.725097 206.71695
202 0.723596 207.753448
203 0.725366 208.782437
204 0.726293 209.811871
205 0.729687 210.839897
206 0.727324 211.874547
207 0.728626 212.903383
208 0.728843 213.931341
209 0.731596 214.959429
210 0.732576 215.987996
211 0.731051 217.014959
212 0.730872 218.043461
213 0.732378 219.071838
214 0.7329 220.219911
215 0.734317 221.257446
216 0.734556 222.288459
217 0.734519 223.320473
218 0.737695 224.351417
219 0.736588 225.382769
220 0.737948 226.413468
221 0.740987 227.448024
222 0.741879 228.481807
223 0.742778 229.513017
224 0.74202 230.543338
225 0.742891 231.57404
226 0.742611 232.602436
227 0.745565 233.638932
228 0.746545 234.669266
229 0.748569 235.812246
230 0.748944 236.841002
231 0.743633 237.874499
232 0.746501 238.907461
233 0.75093 239.935412
234 0.752619 240.963667
235 0.75249 241.991142
236 0.752824 243.023885
237 0.752374 244.054421
238 0.752493 245.08495
239 0.752552 246.131737
240 0.753741 247.163193
241 0.756296 248.196872
242 0.755086 249.226954
243 0.758175 250.37816
244 0.758722 251.428119
245 0.754202 252.469247
246 0.753838 253.618
247 0.7528 254.647822
248 0.753259 255.675961
249 0.759599 256.704061
250 0.763116 257.744517
251 0.76005 258.78205
252 0.760457 259.811559
253 0.761692 260.881394
254 0.762338 261.913969
255 0.765028 262.946052
256 0.764301 263.978365
257 0.764801 265.125946
258 0.764696 266.15738
259 0.762491 267.18878
260 0.764557 268.219919
261 0.765034 269.250421
262 0.767794 270.281955
263 0.768373 271.312524
264 0.76941 272.34422
265 0.769697 273.378071
266 0.769095 274.409808
267 0.771459 275.44197
268 0.77008 276.487775
269 0.7714 277.520728
270 0.774874 278.553565
271 0.775724 279.587153
272 0.773758 280.740555
273 0.774757 281.772738
274 0.775647 282.806359
275 0.777542 283.838806
276 0.777425 284.869435
277 0.777612 285.899663
278 0.779932 286.931201
279 0.777613 287.961907
280 0.779757 288.992044
281 0.781365 290.022308
282 0.781773 291.051399
283 0.781606 292.081268
284 0.781152 293.112293
285 0.780982 294.141386
286 0.781048 295.296475
287 0.780564 296.326512
288 0.782284 297.35791
289 0.779519 298.389093
290 0.78293 299.420003
291 0.781503 300.458581

Batch size is 32
Epoch & Fidelity & Runtime 
1 0.096324 1.093016
2 0.10724 2.039104
3 0.121572 2.903513
4 0.137253 3.760705
5 0.151401 4.617206
6 0.164664 5.477767
7 0.175791 6.342085
8 0.185345 7.206525
9 0.194642 8.074622
10 0.203397 8.931735
11 0.211685 9.794387
12 0.219472 10.66652
13 0.227182 11.529466
14 0.234391 12.40168
15 0.240834 13.278392
16 0.247545 14.156379
17 0.254562 15.02139
18 0.260959 16.019769
19 0.267187 16.898367
20 0.272544 17.761247
21 0.278362 18.642016
22 0.284355 19.539546
23 0.289698 20.421664
24 0.295245 21.296616
25 0.300683 22.178294
26 0.30509 23.060103
27 0.309802 23.941525
28 0.314781 24.822506
29 0.319569 25.69304
30 0.323778 26.57477
31 0.328323 27.455103
32 0.33302 28.320735
33 0.337729 29.189201
34 0.341706 30.076083
35 0.345523 31.087332
36 0.350574 31.967776
37 0.354451 32.855576
38 0.359073 33.731782
39 0.363324 34.593361
40 0.366889 35.469834
41 0.370867 36.344671
42 0.374821 37.232813
43 0.380103 38.124082
44 0.383875 39.015159
45 0.387953 39.904684
46 0.391984 40.783403
47 0.394735 41.643369
48 0.400435 42.531468
49 0.404735 43.420454
50 0.409162 44.310854
51 0.413197 45.200181
52 0.415965 46.206091
53 0.420811 47.078957
54 0.424623 47.971424
55 0.429612 48.854239
56 0.433667 49.737423
57 0.437956 50.612361
58 0.441983 51.502576
59 0.445917 52.392626
60 0.448438 53.282978
61 0.452575 54.171363
62 0.455725 55.062807
63 0.458732 55.952684
64 0.462173 56.841956
65 0.46516 57.733272
66 0.468278 58.624274
67 0.471137 59.515498
68 0.47348 60.432298
69 0.476449 61.42425
70 0.479264 62.313099
71 0.481827 63.202286
72 0.484801 64.092515
73 0.486618 64.982191
74 0.48978 65.873252
75 0.491245 66.763549
76 0.493799 67.654085
77 0.495739 68.55824
78 0.498772 69.450259
79 0.500404 70.344231
80 0.502829 71.247094
81 0.50317 72.139173
82 0.505988 73.031046
83 0.507431 73.932251
84 0.5089 74.822258
85 0.510636 75.840644
86 0.512072 76.731431
87 0.514726 77.621442
88 0.516884 78.512726
89 0.518807 79.399754
90 0.520103 80.290314
91 0.521332 81.179062
92 0.522316 82.069041
93 0.523782 82.957961
94 0.524545 83.847469
95 0.526813 84.734522
96 0.527721 85.626446
97 0.528358 86.515103
98 0.528164 87.416255
99 0.529873 88.30581
100 0.531297 89.197419
101 0.532892 90.088844
102 0.534351 91.108313
103 0.535351 91.998425
104 0.536391 92.888377
105 0.53751 93.780694
106 0.538573 94.800084
107 0.539449 95.690731
108 0.540088 96.579274
109 0.541196 97.472061
110 0.540832 98.365061
111 0.542532 99.262164
112 0.54303 100.152416
113 0.543449 101.047909
114 0.544449 101.942022
115 0.544739 102.832509
116 0.545647 103.723927
117 0.546012 104.614471
118 0.547437 105.637257
119 0.546354 106.529508
120 0.54941 107.421049
121 0.548745 108.31318
122 0.550114 109.206629
123 0.551115 110.097388
124 0.550776 110.989645
125 0.551123 111.886023
126 0.551899 112.779334
127 0.551961 113.671063
128 0.553799 114.563016
129 0.554771 115.453797
130 0.555559 116.344427
131 0.556149 117.233595
132 0.556427 118.123634
133 0.557198 119.013345
134 0.558397 119.901688
135 0.557332 120.918835
136 0.558458 121.809312
137 0.558709 122.700034
138 0.560281 123.588425
139 0.561157 124.479646
140 0.561139 125.369237
141 0.562688 126.255089
142 0.563173 127.144977
143 0.563808 128.033614
144 0.562985 128.920395
145 0.563377 129.810462
146 0.563638 130.70015
147 0.564703 131.587832
148 0.565076 132.477382
149 0.565259 133.373456
150 0.566135 134.272058
151 0.567115 135.170645
152 0.567504 136.196164
153 0.568114 137.096446
154 0.56755 137.994938
155 0.567762 138.894387
156 0.568865 139.79336
157 0.569333 140.690308
158 0.569362 141.588847
159 0.56831 142.504042
160 0.570404 143.403544
161 0.57185 144.301375
162 0.57169 145.201851
163 0.572087 146.100736
164 0.573326 146.998579
165 0.574384 147.896861
166 0.574841 148.796199
167 0.575787 149.693786
168 0.574746 150.721157
169 0.57183 151.630239
170 0.573185 152.544132
171 0.574878 153.447243
172 0.576163 154.346388
173 0.576454 155.254722
174 0.576394 156.153052
175 0.577291 157.057753
176 0.577449 157.961011
177 0.5787 158.862494
178 0.57901 159.762483
179 0.579297 160.662703
180 0.580329 161.562198
181 0.580426 162.460641
182 0.579864 163.359757
183 0.580668 164.257926
184 0.58194 165.15583
185 0.583162 166.187206
186 0.583271 167.087173
187 0.582247 167.988301
188 0.583643 168.893562
189 0.585173 169.7953
190 0.584646 170.695805
191 0.585289 171.59584
192 0.585986 172.494503
193 0.586781 173.395263
194 0.586985 174.29577
195 0.58754 175.19514
196 0.588283 176.095207
197 0.588738 176.995557
198 0.589404 177.89655
199 0.590168 178.804716
200 0.590938 179.717244
201 0.592072 180.75574
202 0.591489 181.65581
203 0.591827 182.566837
204 0.591934 183.465936
205 0.592087 184.371339
206 0.592383 185.275167
207 0.593502 186.177135
208 0.594342 187.082889
209 0.595119 187.982819
210 0.596078 188.88326
211 0.596239 189.783733
212 0.595954 190.689996
213 0.597341 191.601333
214 0.598134 192.501876
215 0.598344 193.407154
216 0.599067 194.317069
217 0.598513 195.215812
218 0.60099 196.253848
219 0.601402 197.162318
220 0.600036 198.063047
221 0.59916 198.962535
222 0.602124 199.876755
223 0.60327 200.783807
224 0.603857 201.686141
225 0.6033 202.592122
226 0.60396 203.495641
227 0.605603 204.399454
228 0.606184 205.300315
229 0.606713 206.208771
230 0.606861 207.11306
231 0.607219 208.015292
232 0.607879 208.915813
233 0.60727 209.827772
234 0.607878 210.868667
235 0.60916 211.769848
236 0.611023 212.676606
237 0.610931 213.577121
238 0.610144 214.479267
239 0.613012 215.383359
240 0.613916 216.282983
241 0.61542 217.182743
242 0.615998 218.081304
243 0.617213 218.980649
244 0.61759 219.881803
245 0.617853 220.792774
246 0.617141 221.699409
247 0.619096 222.600788
248 0.620023 223.506399
249 0.620173 224.412823
250 0.619986 225.317061
251 0.621667 226.366565
252 0.621736 227.271333
253 0.622674 228.174351
254 0.623282 229.082503
255 0.623522 229.983188
256 0.62392 230.882245
257 0.624833 231.781332
258 0.624952 232.684555
259 0.62552 233.594174
260 0.626054 234.506876
261 0.624911 235.406512
262 0.627322 236.316782
263 0.627663 237.22369
264 0.628486 238.139175
265 0.629124 239.040898
266 0.631183 239.941468
267 0.631431 240.987166
268 0.633579 241.904247
269 0.633128 242.807777
270 0.635553 243.862908
271 0.636043 244.769735
272 0.636553 245.67484
273 0.637102 246.581909
274 0.637777 247.486415
275 0.638062 248.390449
276 0.638333 249.295208
277 0.640235 250.195305
278 0.640144 251.094718
279 0.641119 251.994726
280 0.641775 252.899343
281 0.642922 253.800606
282 0.643312 254.699839
283 0.645014 255.747857
284 0.645278 256.65583
285 0.645045 257.557839
286 0.646243 258.458674
287 0.647063 259.358203
288 0.647539 260.257474
289 0.649398 261.160933
290 0.650196 262.069364
291 0.649199 262.980362
292 0.649979 263.884608
293 0.649298 264.806916
294 0.65218 265.710804
295 0.651676 266.615263
296 0.653533 267.521363
297 0.654554 268.423755
298 0.655417 269.330097
299 0.656289 270.228754
300 0.657174 271.281159
301 0.657723 272.181329
302 0.658728 273.085869
303 0.659199 273.986589
304 0.66067 274.885825
305 0.661922 275.791273
306 0.663221 276.693913
307 0.663372 277.596725
308 0.66448 278.499306
309 0.664105 279.402133
310 0.664351 280.303996
311 0.666224 281.204605
312 0.666464 282.113525
313 0.667731 283.02787
314 0.667806 283.931665
315 0.668857 284.838291
316 0.668599 285.900299
317 0.668906 286.806639
318 0.669843 287.71029
319 0.670435 288.611813
320 0.669425 289.516089
321 0.670757 290.418858
322 0.671041 291.317916
323 0.672314 292.219366
324 0.673133 293.123168
325 0.673837 294.023116
326 0.674509 294.922373
327 0.674652 295.824843
328 0.674356 296.73237
329 0.676237 297.637393
330 0.676618 298.537247
331 0.676168 299.43859
332 0.675252 300.374232

Batch size is 64
Epoch & Fidelity & Runtime 
1 0.091354 0.903337
2 0.094935 1.809925
3 0.09896 2.653066
4 0.104308 3.449279
5 0.110935 4.409258
6 0.118744 5.223316
7 0.127303 6.018382
8 0.135846 6.820733
9 0.14386 7.622724
10 0.15146 8.432652
11 0.158129 9.225134
12 0.164367 10.031524
13 0.170081 10.839869
14 0.175404 11.638362
15 0.180749 12.44961
16 0.185895 13.243507
17 0.190994 14.045876
18 0.196423 14.859984
19 0.201715 15.668796
20 0.206615 16.480772
21 0.211367 17.283659
22 0.216249 18.096503
23 0.221092 18.913188
24 0.225644 19.879911
25 0.2301 20.693731
26 0.233888 21.496528
27 0.237969 22.299778
28 0.242147 23.128066
29 0.246438 23.932235
30 0.250366 24.740032
31 0.254332 25.556301
32 0.258341 26.359386
33 0.262223 27.169763
34 0.266255 27.985142
35 0.269776 28.786187
36 0.273766 29.598749
37 0.277706 30.407695
38 0.28119 31.223861
39 0.285219 32.039056
40 0.289126 32.854498
41 0.29271 33.675006
42 0.2966 34.657775
43 0.300599 35.473946
44 0.304238 36.298908
45 0.307661 37.112617
46 0.311505 37.929593
47 0.315421 38.732857
48 0.319436 39.543424
49 0.323225 40.357056
50 0.326786 41.181769
51 0.330391 41.987352
52 0.33401 42.807693
53 0.337665 43.642889
54 0.341454 44.4537
55 0.345218 45.280249
56 0.348618 46.102139
57 0.352034 46.907207
58 0.355421 47.73187
59 0.359328 48.547237
60 0.362748 49.531483
61 0.366365 50.345127
62 0.369905 51.170405
63 0.373396 51.995091
64 0.376541 52.816039
65 0.38002 53.640497
66 0.383177 54.463438
67 0.386622 55.286319
68 0.389873 56.095125
69 0.393004 56.923529
70 0.396044 57.75123
71 0.398434 58.588014
72 0.40201 59.41614
73 0.405367 60.245027
74 0.407766 61.074002
75 0.411136 61.896665
76 0.414607 62.718447
77 0.418028 63.540292
78 0.420327 64.52538
79 0.423526 65.352838
80 0.426409 66.175745
81 0.428957 66.998158
82 0.431625 67.821339
83 0.434236 68.644497
84 0.437208 69.467698
85 0.440247 70.288406
86 0.442878 71.111088
87 0.445989 71.936578
88 0.448428 72.761815
89 0.451148 73.5849
90 0.453789 74.407246
91 0.456445 75.228866
92 0.458717 76.051254
93 0.460759 76.887369
94 0.463398 77.712463
95 0.465516 78.537224
96 0.468332 79.526011
97 0.47081 80.351235
98 0.472906 81.175266
99 0.475064 81.997597
100 0.477045 82.819025
101 0.4792 83.643832
102 0.480751 84.466756
103 0.482884 85.288888
104 0.484765 86.111573
105 0.48709 86.935125
106 0.489274 87.923332
107 0.491149 88.747481
108 0.492403 89.574992
109 0.494273 90.40402
110 0.496265 91.227817
111 0.497927 92.053352
112 0.500069 92.879153
113 0.501491 93.705788
114 0.503426 94.693335
115 0.504246 95.518249
116 0.506234 96.341443
117 0.507264 97.166082
118 0.509163 97.991103
119 0.510322 98.81562
120 0.511596 99.641177
121 0.512886 100.468282
122 0.513982 101.293081
123 0.515097 102.116385
124 0.516716 102.939196
125 0.518136 103.765234
126 0.519324 104.592511
127 0.52054 105.419114
128 0.521796 106.245003
129 0.522784 107.068168
130 0.524138 107.894909
131 0.525265 108.721843
132 0.526337 109.709559
133 0.527281 110.532751
134 0.52835 111.357797
135 0.529089 112.185909
136 0.530009 113.015049
137 0.530246 113.842649
138 0.53162 114.669461
139 0.532959 115.492836
140 0.533899 116.316728
141 0.535145 117.142498
142 0.535832 117.965592
143 0.536235 118.790426
144 0.537498 119.615294
145 0.538585 120.439955
146 0.539511 121.266449
147 0.540078 122.091348
148 0.540592 122.930262
149 0.541444 123.753183
150 0.54243 124.745277
151 0.543143 125.571478
152 0.54385 126.395951
153 0.544335 127.221031
154 0.545033 128.057957
155 0.545628 128.884062
156 0.545286 129.710659
157 0.546956 130.546667
158 0.547224 131.389067
159 0.547643 132.220226
160 0.548382 133.051232
161 0.548699 133.886987
162 0.549163 134.71825
163 0.550208 135.542761
164 0.551138 136.376071
165 0.552052 137.204452
166 0.55233 138.02934
167 0.552652 138.857595
168 0.553471 139.848321
169 0.553533 140.681281
170 0.554601 141.525603
171 0.55484 142.35969
172 0.555114 143.193807
173 0.555611 144.029408
174 0.556802 144.862293
175 0.557719 145.695424
176 0.558301 146.528313
177 0.557983 147.361801
178 0.558674 148.19474
179 0.558967 149.028384
180 0.559598 149.861752
181 0.559736 150.695095
182 0.560521 151.53016
183 0.561411 152.364257
184 0.561146 153.197325
185 0.561833 154.030246
186 0.561698 155.026958
187 0.562134 155.859832
188 0.562094 156.695954
189 0.562999 157.530869
190 0.563356 158.385469
191 0.563034 159.225813
192 0.563599 160.064025
193 0.564433 160.909657
194 0.564737 161.747772
195 0.564895 162.584816
196 0.565089 163.430226
197 0.565325 164.268222
198 0.566158 165.109857
199 0.565604 165.951342
200 0.565838 166.78695
201 0.566763 167.628531
202 0.567463 168.463931
203 0.568173 169.467844
204 0.568942 170.301725
205 0.568715 171.136242
206 0.568989 171.972166
207 0.569291 172.809769
208 0.569017 173.643754
209 0.569253 174.476784
210 0.570143 175.313399
211 0.570581 176.146374
212 0.570004 176.98147
213 0.570477 177.816092
214 0.57115 178.650614
215 0.571988 179.485264
216 0.571674 180.328944
217 0.571064 181.176351
218 0.572182 182.016102
219 0.573373 182.862353
220 0.572603 183.704303
221 0.573239 184.707037
222 0.574134 185.55346
223 0.574583 186.390793
224 0.5751 187.232845
225 0.575132 188.07032
226 0.575552 188.907821
227 0.575519 189.743743
228 0.575317 190.578918
229 0.575575 191.413405
230 0.57601 192.24688
231 0.576483 193.081288
232 0.576884 193.916134
233 0.577785 194.749106
234 0.578274 195.581817
235 0.578566 196.415179
236 0.578895 197.250411
237 0.579233 198.082821
238 0.579739 198.917477
239 0.579825 199.932667
240 0.580426 200.766583
241 0.580811 201.600652
242 0.581104 202.434336
243 0.581169 203.268499
244 0.581563 204.10103
245 0.581511 204.938406
246 0.58224 205.773389
247 0.582552 206.605597
248 0.582628 207.439666
249 0.582509 208.275578
250 0.582907 209.121481
251 0.582932 209.962663
252 0.582922 210.809017
253 0.583859 211.645794
254 0.5841 212.487732
255 0.584442 213.324723
256 0.584804 214.343455
257 0.585334 215.181286
258 0.585723 216.019707
259 0.586173 216.854961
260 0.586455 217.692608
261 0.586628 218.530869
262 0.587021 219.372754
263 0.586987 220.205195
264 0.586992 221.038842
265 0.586445 221.872282
266 0.587186 222.708771
267 0.587843 223.542295
268 0.587981 224.376124
269 0.588318 225.215189
270 0.588271 226.053868
271 0.588412 226.903908
272 0.588911 227.740346
273 0.588625 228.751791
274 0.589112 229.776079
275 0.589991 230.626941
276 0.59014 231.467594
277 0.59067 232.315056
278 0.591164 233.153821
279 0.591305 233.999717
280 0.59139 234.837811
281 0.592027 235.673311
282 0.592396 236.512868
283 0.592449 237.348797
284 0.592563 238.185308
285 0.592983 239.027308
286 0.593176 239.866935
287 0.593499 240.700154
288 0.593788 241.534351
289 0.593868 242.372869
290 0.594221 243.206708
291 0.594674 244.041641
292 0.595111 245.073751
293 0.595668 245.91831
294 0.595783 246.754808
295 0.596388 247.589284
296 0.59635 248.422965
297 0.596651 249.268345
298 0.596553 250.118026
299 0.597243 250.964298
300 0.597154 251.808911
301 0.597694 252.650162
302 0.597756 253.492588
303 0.598368 254.340341
304 0.59914 255.17686
305 0.598818 256.015395
306 0.599359 256.853653
307 0.60008 257.695178
308 0.600445 258.532818
309 0.600336 259.554909
310 0.600733 260.388735
311 0.60045 261.225903
312 0.601498 262.077471
313 0.602172 262.914567
314 0.601994 263.754059
315 0.602108 264.600373
316 0.602566 265.438828
317 0.602869 266.272258
318 0.602969 267.105951
319 0.603216 267.938919
320 0.60371 268.787782
321 0.603753 269.629752
322 0.604625 270.470939
323 0.605269 271.315281
324 0.605184 272.155402
325 0.605156 272.993347
326 0.605375 273.839832
327 0.6053 274.865757
328 0.605942 275.70572
329 0.606596 276.540781
330 0.606816 277.37805
331 0.607497 278.223063
332 0.607692 279.060853
333 0.60822 279.893857
334 0.608647 280.729773
335 0.609015 281.566732
336 0.609458 282.40149
337 0.609782 283.235622
338 0.609762 284.073663
339 0.610129 284.90848
340 0.610507 285.743127
341 0.611286 286.58892
342 0.611377 287.422832
343 0.612089 288.261267
344 0.612001 289.320882
345 0.612629 290.155075
346 0.612905 290.990833
347 0.613372 291.825014
348 0.613904 292.659075
349 0.614076 293.494865
350 0.613821 294.330132
351 0.613813 295.174288
352 0.614674 296.020354
353 0.615571 296.859399
354 0.615476 297.706246
355 0.616296 298.546712
356 0.616399 299.387344
357 0.61726 300.228146

Batch size is 128
Epoch & Fidelity & Runtime 
1 0.086333 0.840372
2 0.092331 1.705903
3 0.094731 2.568076
4 0.096426 3.360256
5 0.098142 4.124927
6 0.10001 4.891127
7 0.102081 5.653074
8 0.10442 6.424914
9 0.107054 7.281964
10 0.110048 8.150059
11 0.113362 8.912943
12 0.117068 9.678434
13 0.121139 10.456032
14 0.125492 11.216453
15 0.130077 11.98259
16 0.134958 12.749777
17 0.140026 13.516409
18 0.145121 14.283333
19 0.150157 15.044596
20 0.155039 15.810038
21 0.160011 16.579198
22 0.164494 17.34113
23 0.168829 18.104509
24 0.173208 18.87332
25 0.177451 19.641849
26 0.181308 20.404953
27 0.185013 21.178674
28 0.188796 21.940352
29 0.19216 22.905143
30 0.195608 23.67426
31 0.199115 24.435611
32 0.20237 25.194705
33 0.205641 25.965561
34 0.208509 26.73349
35 0.211509 27.493486
36 0.214412 28.270952
37 0.217496 29.049217
38 0.220204 29.811599
39 0.222885 30.585202
40 0.225583 31.35008
41 0.228248 32.124083
42 0.230625 32.898165
43 0.233339 33.672139
44 0.235914 34.442457
45 0.238478 35.214836
46 0.240765 35.995334
47 0.24316 36.763816
48 0.24555 37.722152
49 0.248016 38.492689
50 0.250554 39.260708
51 0.252864 40.024653
52 0.255024 40.795803
53 0.257416 41.569097
54 0.259275 42.353616
55 0.261494 43.126278
56 0.263593 43.919846
57 0.26573 44.682706
58 0.267858 45.446323
59 0.269867 46.216163
60 0.272014 47.008948
61 0.273969 47.790735
62 0.27575 48.570696
63 0.277694 49.346905
64 0.279595 50.122581
65 0.281631 50.907674
66 0.283432 51.681648
67 0.28536 52.650939
68 0.287013 53.43506
69 0.288899 54.226362
70 0.290595 55.012373
71 0.292202 55.798418
72 0.294118 56.589154
73 0.295651 57.384676
74 0.297205 58.18113
75 0.299033 58.973252
76 0.300535 59.766896
77 0.302166 60.557446
78 0.303833 61.351931
79 0.305403 62.155788
80 0.307137 62.950075
81 0.308907 63.74177
82 0.310368 64.536313
83 0.311823 65.341197
84 0.31342 66.132956
85 0.314919 66.926377
86 0.316212 67.918507
87 0.317801 68.717609
88 0.319087 69.511016
89 0.320584 70.306023
90 0.321993 71.102075
91 0.323484 71.911288
92 0.324788 72.721173
93 0.326242 73.516437
94 0.327728 74.313523
95 0.329214 75.115518
96 0.330689 75.907723
97 0.332096 76.706113
98 0.33347 77.501317
99 0.334594 78.301767
100 0.336051 79.108373
101 0.337582 80.085227
102 0.339178 80.877778
103 0.340545 81.676346
104 0.341844 82.67151
105 0.343126 83.470056
106 0.344891 84.263013
107 0.346239 85.059449
108 0.347611 85.853641
109 0.348997 86.648865
110 0.3502 87.445812
111 0.351446 88.236838
112 0.352778 89.029611
113 0.354394 89.822186
114 0.355897 90.617023
115 0.357316 91.410065
116 0.35863 92.205643
117 0.360273 92.999475
118 0.361734 93.79309
119 0.363019 94.585519
120 0.364626 95.381874
121 0.366025 96.182168
122 0.367475 96.978538
123 0.368932 97.970437
124 0.370093 98.766927
125 0.371942 99.558016
126 0.373479 100.35203
127 0.374909 101.144635
128 0.37674 101.938994
129 0.378079 102.730089
130 0.379471 103.525119
131 0.380996 104.318615
132 0.382376 105.114744
133 0.384073 105.905473
134 0.385672 106.716212
135 0.38714 107.511812
136 0.3887 108.315959
137 0.390157 109.112154
138 0.391726 109.913612
139 0.393003 110.712902
140 0.39446 111.509095
141 0.395831 112.508412
142 0.397089 113.309896
143 0.398636 114.107248
144 0.399912 114.904588
145 0.401222 115.707778
146 0.402498 116.505552
147 0.403847 117.300624
148 0.405222 118.092841
149 0.406746 118.88654
150 0.408187 119.679015
151 0.409672 120.474626
152 0.411022 121.266829
153 0.412332 122.060872
154 0.414022 122.853148
155 0.41524 123.644457
156 0.416606 124.439055
157 0.418066 125.232415
158 0.419647 126.025768
159 0.421201 126.818797
160 0.422271 127.811226
161 0.423478 128.604114
162 0.424515 129.408646
163 0.426135 130.206473
164 0.427544 131.00638
165 0.428885 131.8092
166 0.430181 132.606099
167 0.431355 133.406312
168 0.432691 134.200376
169 0.433923 134.991152
170 0.435348 135.784398
171 0.436368 136.579648
172 0.437386 137.372527
173 0.438736 138.162069
174 0.439822 138.957876
175 0.441197 139.750543
176 0.44231 140.538865
177 0.443697 141.328818
178 0.445013 142.133065
179 0.446084 143.116887
180 0.447026 143.908492
181 0.448372 144.703056
182 0.449319 145.495605
183 0.450554 146.294168
184 0.451512 147.09757
185 0.452496 147.899423
186 0.453768 148.701648
187 0.454908 149.501704
188 0.455714 150.305103
189 0.457286 151.105312
190 0.458291 151.906193
191 0.459336 152.706335
192 0.460095 153.509745
193 0.461111 154.312191
194 0.462164 155.114013
195 0.463216 155.914362
196 0.464264 156.715957
197 0.465466 157.71628
198 0.466478 158.519243
199 0.467605 159.321667
200 0.46841 160.124393
201 0.469213 160.925988
202 0.470284 161.727182
203 0.471466 162.530675
204 0.472331 163.333101
205 0.473395 164.132765
206 0.474147 164.93462
207 0.475139 165.735197
208 0.476071 166.538255
209 0.476961 167.339677
210 0.477795 168.141782
211 0.478549 168.941712
212 0.478965 169.743187
213 0.47999 170.543133
214 0.480864 171.345301
215 0.482091 172.348219
216 0.482961 173.149824
217 0.483518 173.954125
218 0.48399 174.757764
219 0.485089 175.561682
220 0.48597 176.388194
221 0.486748 177.204901
222 0.487448 178.011663
223 0.488242 178.823607
224 0.489117 179.630272
225 0.489982 180.438188
226 0.490712 181.247064
227 0.491715 182.058017
228 0.492667 182.870095
229 0.493181 183.674946
230 0.493588 184.495484
231 0.49412 185.301636
232 0.494998 186.106701
233 0.4958 186.917176
234 0.496439 187.931209
235 0.496615 188.735557
236 0.497693 189.547071
237 0.498658 190.350639
238 0.499185 191.155576
239 0.499662 191.959603
240 0.500408 192.773454
241 0.501077 193.575462
242 0.501704 194.377769
243 0.502197 195.194962
244 0.502998 196.011042
245 0.503679 196.823738
246 0.504388 197.628274
247 0.505174 198.434644
248 0.505739 199.24467
249 0.506435 200.055629
250 0.506809 200.859707
251 0.507504 201.6736
252 0.507734 202.687081
253 0.508797 203.499829
254 0.509482 204.308348
255 0.51007 205.110981
256 0.510417 205.922803
257 0.511077 206.724148
258 0.511363 207.528534
259 0.511915 208.335939
260 0.512301 209.139526
261 0.512955 209.94715
262 0.513571 210.747191
263 0.513857 211.54809
264 0.514478 212.351395
265 0.515031 213.152098
266 0.515423 213.965251
267 0.516073 214.774056
268 0.516375 215.586182
269 0.51695 216.401789
270 0.517221 217.434647
271 0.517665 218.260592
272 0.518284 219.077217
273 0.518884 220.10058
274 0.519042 220.91153
275 0.519908 221.717097
276 0.520336 222.527091
277 0.520473 223.335531
278 0.520919 224.139426
279 0.521279 224.949615
280 0.521596 225.752016
281 0.522119 226.55321
282 0.522476 227.363103
283 0.522815 228.167626
284 0.523619 228.974956
285 0.52423 229.782524
286 0.524279 230.585369
287 0.52467 231.387641
288 0.525473 232.406402
289 0.525899 233.221892
290 0.52644 234.042425
291 0.526477 234.849145
292 0.527305 235.660756
293 0.527687 236.468513
294 0.527978 237.277231
295 0.528413 238.084696
296 0.529077 238.894068
297 0.52949 239.704639
298 0.529783 240.511693
299 0.530176 241.320122
300 0.5305 242.12714
301 0.530552 242.929158
302 0.531045 243.740408
303 0.531385 244.542959
304 0.531842 245.348263
305 0.532321 246.156074
306 0.53258 246.958059
307 0.53275 247.982212
308 0.533137 248.788888
309 0.533783 249.591118
310 0.533913 250.392973
311 0.534297 251.195072
312 0.534289 252.007197
313 0.534535 252.818184
314 0.534999 253.630872
315 0.535348 254.441899
316 0.535486 255.249163
317 0.536024 256.068161
318 0.535556 256.875223
319 0.536115 257.684758
320 0.536523 258.497442
321 0.537158 259.303438
322 0.537854 260.111647
323 0.538389 260.918177
324 0.538764 261.726194
325 0.538705 262.752669
326 0.539239 263.555241
327 0.539582 264.359224
328 0.539876 265.164578
329 0.540377 265.96659
330 0.540704 266.772568
331 0.54085 267.577646
332 0.541314 268.383893
333 0.541824 269.185571
334 0.54175 269.998604
335 0.541809 270.808877
336 0.541945 271.619879
337 0.542203 272.433007
338 0.542099 273.237174
339 0.542627 274.046931
340 0.543175 274.853233
341 0.543252 275.66168
342 0.54321 276.472691
343 0.543372 277.535628
344 0.543872 278.344881
345 0.544415 279.15258
346 0.544761 279.957656
347 0.545124 280.981492
348 0.545357 281.785529
349 0.545875 282.585627
350 0.546019 283.386188
351 0.54624 284.188919
352 0.546529 284.989637
353 0.546921 285.789668
354 0.547142 286.593012
355 0.547568 287.39298
356 0.547578 288.194166
357 0.547862 288.994634
358 0.54817 289.795895
359 0.548361 290.598296
360 0.548444 291.399791
361 0.548749 292.426238
362 0.548917 293.22818
363 0.549016 294.028781
364 0.549098 294.83182
365 0.548821 295.632617
366 0.548959 296.441416
367 0.549415 297.247647
368 0.549778 298.048618
369 0.549932 298.853188
370 0.550343 299.658242
371 0.550625 300.470088

Batch size is 256
Epoch & Fidelity & Runtime 
1 0.078334 0.842665
2 0.084948 1.726262
3 0.087851 2.589179
4 0.089409 3.394398
5 0.090547 4.147968
6 0.091485 4.905436
7 0.092278 5.65477
8 0.093048 6.406024
9 0.093864 7.154115
10 0.094731 7.907525
11 0.095621 8.659031
12 0.09659 9.489197
13 0.097588 10.402854
14 0.098664 11.154194
15 0.099794 11.91147
16 0.101025 12.665375
17 0.102337 13.424795
18 0.103694 14.180001
19 0.105175 14.939222
20 0.106753 15.706149
21 0.108386 16.459253
22 0.110104 17.225883
23 0.111939 17.992081
24 0.113824 18.747937
25 0.115819 19.513423
26 0.11791 20.27488
27 0.120051 21.031142
28 0.122231 21.795816
29 0.124437 22.563529
30 0.12677 23.319872
31 0.129102 24.080427
32 0.131508 25.081239
33 0.133867 25.843612
34 0.136312 26.627455
35 0.138797 27.392886
36 0.141131 28.146772
37 0.143473 28.917547
38 0.145878 29.673784
39 0.148179 30.450501
40 0.150416 31.217093
41 0.152713 31.990657
42 0.154773 32.760786
43 0.156987 33.529643
44 0.15916 34.287168
45 0.161291 35.044288
46 0.163319 35.812225
47 0.165258 36.578855
48 0.167152 37.324557
49 0.168929 38.088779
50 0.170782 38.847867
51 0.172579 39.852492
52 0.174232 40.619461
53 0.175776 41.383663
54 0.177505 42.162471
55 0.179261 42.938579
56 0.180671 43.688421
57 0.182419 44.440615
58 0.183843 45.200413
59 0.185289 45.977328
60 0.186738 46.752104
61 0.188459 47.530583
62 0.190079 48.309821
63 0.191405 49.081304
64 0.192773 49.856308
65 0.194081 50.633553
66 0.19558 51.400943
67 0.196772 52.177183
68 0.19818 52.944197
69 0.199522 53.720065
70 0.200698 54.644322
71 0.201891 55.495596
72 0.203167 56.250885
73 0.204391 57.026315
74 0.205613 57.804811
75 0.206811 58.583132
76 0.208031 59.360564
77 0.209161 60.136162
78 0.210307 60.915286
79 0.211489 61.694736
80 0.212609 62.474696
81 0.213655 63.251372
82 0.214705 64.027636
83 0.215853 64.807635
84 0.21679 65.589102
85 0.217858 66.372996
86 0.218942 67.149641
87 0.220076 67.928056
88 0.220995 68.706175
89 0.222069 69.627208
90 0.223237 70.492925
91 0.224305 71.271255
92 0.225239 72.055061
93 0.226164 72.836159
94 0.227221 73.613681
95 0.228246 74.391762
96 0.229264 75.169366
97 0.230266 75.94823
98 0.231324 76.727833
99 0.2324 77.508791
100 0.233376 78.304518
101 0.234252 79.082778
102 0.235283 79.872747
103 0.236151 80.654425
104 0.237174 81.440696
105 0.238101 82.227219
106 0.23905 83.004286
107 0.240073 83.791133
108 0.241209 84.804766
109 0.242069 85.58891
110 0.243032 86.365617
111 0.243956 87.148777
112 0.244888 87.927828
113 0.245838 88.706976
114 0.246758 89.485296
115 0.247625 90.268728
116 0.24863 91.044612
117 0.249569 91.823372
118 0.250619 92.600518
119 0.251375 93.378319
120 0.252372 94.160229
121 0.253257 94.936842
122 0.253972 95.712542
123 0.255019 96.489432
124 0.256082 97.267746
125 0.256995 98.047745
126 0.257924 98.824472
127 0.258834 99.836032
128 0.259804 100.613116
129 0.260814 101.388256
130 0.261703 102.16915
131 0.262724 102.950168
132 0.263694 103.726777
133 0.264577 104.505476
134 0.265516 105.280441
135 0.266451 106.070149
136 0.267341 106.848723
137 0.268113 107.639065
138 0.269012 108.424505
139 0.269835 109.215139
140 0.270724 109.993983
141 0.271587 110.779793
142 0.272598 111.565719
143 0.273487 112.348942
144 0.274224 113.132542
145 0.275185 113.918903
146 0.27622 114.937877
147 0.277229 115.723463
148 0.278025 116.511453
149 0.278885 117.301258
150 0.279706 118.082263
151 0.280654 118.865777
152 0.281551 119.644773
153 0.282583 120.431101
154 0.283432 121.210654
155 0.28426 121.988403
156 0.285104 122.770525
157 0.286039 123.550392
158 0.287059 124.325726
159 0.287955 125.113308
160 0.289072 125.892125
161 0.289941 126.669871
162 0.29089 127.449198
163 0.291702 128.228169
164 0.292568 129.003484
165 0.293516 130.027638
166 0.294477 130.813968
167 0.295277 131.597079
168 0.296007 132.386563
169 0.296958 133.169748
170 0.297839 133.952526
171 0.298599 134.738912
172 0.299581 135.524284
173 0.300452 136.305265
174 0.301211 137.08398
175 0.302096 137.868921
176 0.303051 138.656244
177 0.303807 139.438707
178 0.3046 140.218084
179 0.305398 141.001896
180 0.306427 141.778172
181 0.307183 142.557309
182 0.308007 143.335637
183 0.308884 144.113569
184 0.30971 145.123092
185 0.31038 145.901009
186 0.310992 146.679384
187 0.311828 147.468045
188 0.312616 148.245485
189 0.313337 149.023535
190 0.314239 149.808544
191 0.315038 150.59281
192 0.315766 151.377357
193 0.316588 152.163126
194 0.317438 152.961808
195 0.318137 153.756965
196 0.318816 154.548316
197 0.319658 155.344012
198 0.320423 156.13899
199 0.321197 156.927911
200 0.321996 157.722797
201 0.322699 158.509621
202 0.323421 159.297056
203 0.324425 160.315278
204 0.32522 161.100903
205 0.325961 161.889306
206 0.326537 162.674327
207 0.32738 163.45993
208 0.328215 164.250353
209 0.328908 165.036433
210 0.329928 165.820894
211 0.330544 166.606926
212 0.331208 167.39353
213 0.33195 168.180922
214 0.332841 168.967078
215 0.333376 169.753625
216 0.334093 170.541387
217 0.334848 171.326953
218 0.335528 172.115086
219 0.336244 172.902405
220 0.336648 173.687681
221 0.337477 174.71321
222 0.33818 175.734841
223 0.338892 176.52193
224 0.339507 177.307202
225 0.340332 178.093996
226 0.341195 178.87865
227 0.341806 179.664193
228 0.342667 180.450945
229 0.343218 181.237339
230 0.344132 182.022717
231 0.344919 182.809607
232 0.345728 183.594646
233 0.346342 184.382292
234 0.347142 185.169345
235 0.347906 185.954273
236 0.348614 186.73957
237 0.349123 187.527431
238 0.349794 188.316362
239 0.350357 189.111275
240 0.351035 190.135431
241 0.35169 190.921965
242 0.352336 191.708237
243 0.353048 192.495625
244 0.353668 193.281031
245 0.35429 194.066371
246 0.354961 194.852244
247 0.355566 195.639461
248 0.356215 196.426212
249 0.356976 197.224421
250 0.357794 198.016239
251 0.358444 198.805814
252 0.359047 199.593872
253 0.359721 200.391447
254 0.360382 201.182001
255 0.360882 201.977411
256 0.361574 202.770898
257 0.362114 203.565055
258 0.362749 204.603787
259 0.363216 205.398074
260 0.363669 206.192493
261 0.364374 206.98632
262 0.365076 207.772372
263 0.365612 208.564176
264 0.366271 209.361941
265 0.366876 210.151835
266 0.367436 210.935812
267 0.368054 211.72284
268 0.368659 212.510621
269 0.369087 213.294972
270 0.36959 214.085364
271 0.370207 214.869911
272 0.370889 215.655817
273 0.371535 216.442482
274 0.371989 217.240241
275 0.372518 218.033484
276 0.373013 218.824419
277 0.373535 219.865939
278 0.374202 220.659428
279 0.374663 221.45353
280 0.375462 222.248603
281 0.376013 223.042699
282 0.376461 223.83855
283 0.377057 224.641547
284 0.377546 225.437093
285 0.378 226.228637
286 0.378593 227.027903
287 0.379141 227.8191
288 0.379661 228.618463
289 0.380138 229.412401
290 0.380716 230.198871
291 0.381309 230.989769
292 0.381787 231.778399
293 0.382298 232.566386
294 0.382864 233.358486
295 0.383369 234.149865
296 0.384024 235.186986
297 0.384614 235.973995
298 0.385184 236.759955
299 0.385496 237.566872
300 0.38602 238.360665
301 0.386447 239.16365
302 0.38683 239.976301
303 0.38723 240.776435
304 0.387763 241.821165
305 0.388256 242.620365
306 0.388675 243.429008
307 0.389269 244.22507
308 0.389635 245.020395
309 0.389834 245.812685
310 0.390453 246.601825
311 0.390887 247.392365
312 0.391475 248.195147
313 0.391929 248.984883
314 0.392316 250.021923
315 0.39259 250.813254
316 0.393023 251.601923
317 0.393519 252.387037
318 0.394057 253.177429
319 0.394604 253.97032
320 0.395006 254.755305
321 0.395657 255.541551
322 0.396274 256.337362
323 0.396725 257.129348
324 0.397094 257.926747
325 0.397577 258.716447
326 0.39793 259.513687
327 0.398251 260.308953
328 0.398646 261.101238
329 0.398924 261.893544
330 0.39944 262.688404
331 0.399972 263.483303
332 0.400345 264.313713
333 0.400824 265.366444
334 0.401083 266.157519
335 0.401609 266.951204
336 0.402012 267.741372
337 0.402541 268.535463
338 0.402873 269.326193
339 0.403452 270.12404
340 0.403867 270.912706
341 0.404447 271.697411
342 0.404747 272.493378
343 0.404983 273.282463
344 0.405313 274.069691
345 0.405952 274.856011
346 0.406293 275.651666
347 0.406861 276.443815
348 0.407383 277.242388
349 0.407871 278.031933
350 0.408227 278.829283
351 0.408482 279.883946
352 0.408903 280.677822
353 0.409264 281.469991
354 0.409672 282.267132
355 0.410053 283.060407
356 0.410351 283.860999
357 0.410609 284.646375
358 0.410985 285.43586
359 0.411364 286.226784
360 0.41187 287.02344
361 0.412297 287.809701
362 0.412702 288.594926
363 0.413187 289.386289
364 0.41367 290.172045
365 0.413966 290.957425
366 0.414328 291.759966
367 0.41476 292.548283
368 0.415189 293.333724
369 0.415675 294.122423
370 0.416084 295.184613
371 0.416371 295.97729
372 0.416874 296.77489
373 0.416914 297.572918
374 0.417378 298.366085
375 0.417749 299.162671
376 0.418161 299.957412
377 0.41842 300.748368

Batch size is 512
Epoch & Fidelity & Runtime 
1 0.077256 0.845592
2 0.079809 1.752676
3 0.081659 2.590362
4 0.083095 3.396104
5 0.08419 4.161209
6 0.084995 4.899725
7 0.085657 5.643418
8 0.086173 6.380642
9 0.086599 7.121573
10 0.086993 7.864202
11 0.087353 8.608042
12 0.087661 9.351188
13 0.087963 10.099325
14 0.088241 10.840431
15 0.088517 11.862105
16 0.088784 12.603132
17 0.089046 13.347642
18 0.089299 14.088335
19 0.089558 14.838869
20 0.089823 15.586485
21 0.090088 16.328446
22 0.090359 17.073961
23 0.090629 17.821415
24 0.090903 18.567637
25 0.091184 19.313031
26 0.09147 20.066071
27 0.091759 20.80952
28 0.092054 21.548038
29 0.092367 22.299649
30 0.092673 23.039289
31 0.092988 23.796756
32 0.093318 24.54409
33 0.093651 25.290267
34 0.093988 26.094644
35 0.094341 27.058863
36 0.094702 27.812962
37 0.095077 28.558322
38 0.095455 29.297954
39 0.095847 30.055117
40 0.096251 30.799461
41 0.096671 31.547295
42 0.097098 32.294439
43 0.097535 33.042409
44 0.097988 33.789587
45 0.098451 34.528365
46 0.098927 35.270931
47 0.099417 36.037341
48 0.099923 36.784533
49 0.100448 37.537365
50 0.100988 38.290432
51 0.101543 39.030158
52 0.102116 39.780896
53 0.102706 40.530791
54 0.103315 41.551513
55 0.103943 42.310519
56 0.104592 43.062602
57 0.105249 43.811777
58 0.105935 44.570714
59 0.106628 45.339221
60 0.10734 46.095336
61 0.108067 46.846827
62 0.108825 47.598907
63 0.109592 48.350827
64 0.110369 49.111392
65 0.111189 49.893773
66 0.112013 50.643089
67 0.112861 51.40155
68 0.113727 52.176756
69 0.114611 52.958684
70 0.115521 53.715723
71 0.116445 54.471986
72 0.117398 55.241256
73 0.118359 56.023286
74 0.119334 57.048672
75 0.120318 57.830635
76 0.121316 58.602988
77 0.122338 59.372437
78 0.123362 60.143511
79 0.124423 60.914006
80 0.125467 61.684653
81 0.126535 62.455592
82 0.127598 63.226766
83 0.128688 63.997309
84 0.12981 64.767532
85 0.1309 65.724283
86 0.132004 66.576456
87 0.133106 67.352613
88 0.134231 68.122656
89 0.135353 68.892854
90 0.136478 69.672653
91 0.137623 70.448909
92 0.138754 71.462924
93 0.139923 72.271361
94 0.141051 73.042799
95 0.142177 73.817018
96 0.143312 74.590077
97 0.144461 75.363571
98 0.145592 76.140362
99 0.146746 76.925393
100 0.147863 77.698968
101 0.148951 78.472754
102 0.150095 79.251732
103 0.151196 80.022926
104 0.15227 80.794636
105 0.153372 81.56268
106 0.154478 82.335025
107 0.155569 83.108204
108 0.156643 83.880045
109 0.157737 84.645014
110 0.158818 85.418155
111 0.159858 86.414664
112 0.160892 87.233169
113 0.161942 88.004001
114 0.162941 88.77407
115 0.163957 89.545319
116 0.164895 90.314927
117 0.1659 91.08353
118 0.166836 91.852978
119 0.167781 92.623246
120 0.168706 93.394081
121 0.169608 94.162952
122 0.170548 94.935047
123 0.17146 95.704427
124 0.172396 96.476985
125 0.173345 97.2467
126 0.174267 98.018243
127 0.175171 98.788139
128 0.176038 99.555467
129 0.176905 100.327814
130 0.177766 101.219666
131 0.178653 102.152647
132 0.179493 102.937817
133 0.180318 103.711023
134 0.181169 104.489793
135 0.181995 105.266355
136 0.182821 106.044062
137 0.183674 106.827108
138 0.184463 107.603315
139 0.185241 108.380948
140 0.186074 109.159848
141 0.186852 109.935272
142 0.187646 110.713623
143 0.188398 111.487029
144 0.189164 112.265603
145 0.189934 113.039815
146 0.190711 113.819301
147 0.191425 114.590193
148 0.192198 115.359792
149 0.192897 116.28667
150 0.193633 117.167947
151 0.194332 117.939658
152 0.195068 118.711512
153 0.195779 119.482749
154 0.196453 120.252967
155 0.19715 121.02738
156 0.197806 121.811194
157 0.19847 122.580234
158 0.199135 123.36219
159 0.199778 124.140994
160 0.200442 124.920065
161 0.201076 125.699778
162 0.201699 126.48112
163 0.202401 127.25893
164 0.203037 128.034605
165 0.203672 128.813968
166 0.204306 129.59083
167 0.204956 130.369381
168 0.205533 131.314668
169 0.20618 132.188234
170 0.206809 132.966842
171 0.207377 133.744337
172 0.20794 134.518639
173 0.208556 135.2957
174 0.209147 136.071902
175 0.209735 136.841318
176 0.210315 137.608971
177 0.210909 138.380394
178 0.211507 139.149326
179 0.212097 139.919716
180 0.212676 140.689151
181 0.213231 141.459603
182 0.213796 142.228983
183 0.214393 142.998933
184 0.214963 143.768036
185 0.215527 144.536488
186 0.216075 145.323164
187 0.21665 146.215661
188 0.21716 147.144705
189 0.217712 147.923436
190 0.218244 148.702961
191 0.218794 149.485476
192 0.219329 150.260144
193 0.219844 151.045669
194 0.220346 151.830458
195 0.22087 152.619382
196 0.221379 153.402849
197 0.221926 154.191965
198 0.222459 154.97496
199 0.222966 155.762197
200 0.223495 156.582579
201 0.223979 157.38426
202 0.224511 158.183764
203 0.225067 158.98331
204 0.225578 159.778866
205 0.226072 160.573255
206 0.226548 161.63854
207 0.22708 162.433363
208 0.227567 163.230109
209 0.228101 164.023727
210 0.228621 164.821158
211 0.229121 165.628332
212 0.229595 166.432483
213 0.230085 167.237411
214 0.230577 168.041678
215 0.23105 168.843711
216 0.231511 169.66301
217 0.23194 170.465755
218 0.23242 171.272085
219 0.232876 172.067272
220 0.233354 172.861902
221 0.233861 173.656792
222 0.234292 174.449132
223 0.234746 175.256368
224 0.235229 176.327846
225 0.23569 177.12232
226 0.23614 177.917623
227 0.236626 178.710042
228 0.237028 179.505609
229 0.237493 180.310644
230 0.237917 181.109224
231 0.238415 181.902538
232 0.238862 182.697507
233 0.239338 183.493103
234 0.239752 184.287235
235 0.240157 185.081254
236 0.240617 185.87733
237 0.24103 186.668829
238 0.241524 187.461323
239 0.241982 188.252527
240 0.242434 189.046757
241 0.242896 189.838805
242 0.243351 190.630604
243 0.243821 191.711256
244 0.244245 192.503354
245 0.244714 193.296199
246 0.245194 194.090809
247 0.245603 194.88378
248 0.246032 195.676002
249 0.246474 196.468943
250 0.246923 197.26429
251 0.247363 198.056942
252 0.247793 198.852102
253 0.248225 199.659964
254 0.248662 200.455055
255 0.249069 201.2474
256 0.249551 202.046844
257 0.249991 202.842788
258 0.250437 203.6355
259 0.25088 204.428912
260 0.251265 205.225347
261 0.251665 206.317325
262 0.252092 207.122268
263 0.252528 207.922008
264 0.253002 208.722676
265 0.253419 209.522844
266 0.253811 210.319147
267 0.254234 211.11381
268 0.254677 211.907454
269 0.255087 212.704355
270 0.255529 213.500877
271 0.255954 214.304427
272 0.256376 215.102535
273 0.256787 215.905633
274 0.257188 216.702708
275 0.257601 217.505011
276 0.258045 218.304173
277 0.258494 219.1049
278 0.258861 219.909193
279 0.259235 220.703444
280 0.259594 221.789963
281 0.259988 222.586797
282 0.260469 223.391862
283 0.260856 224.188696
284 0.26128 224.982578
285 0.261594 225.776679
286 0.261995 226.5821
287 0.262394 227.390974
288 0.262806 228.208991
289 0.263195 229.013976
290 0.263575 229.817575
291 0.263936 230.912585
292 0.264289 231.715784
293 0.264664 232.515543
294 0.265092 233.320762
295 0.265483 234.117196
296 0.265904 234.914028
297 0.266309 235.71647
298 0.266693 236.814443
299 0.267084 237.613365
300 0.267485 238.411975
301 0.267819 239.212229
302 0.26821 240.007466
303 0.268597 240.805077
304 0.268986 241.600911
305 0.269408 242.40287
306 0.269771 243.205313
307 0.270164 244.013337
308 0.27055 244.808719
309 0.270941 245.613199
310 0.271283 246.420601
311 0.271626 247.222103
312 0.271963 248.021822
313 0.272335 248.822182
314 0.272651 249.621704
315 0.27304 250.421358
316 0.273418 251.558331
317 0.273837 252.357243
318 0.274194 253.160348
319 0.274621 253.956997
320 0.274953 254.756937
321 0.275281 255.556804
322 0.275656 256.356748
323 0.275992 257.149435
324 0.276281 257.940083
325 0.276612 258.72279
326 0.276931 259.524296
327 0.277288 260.321945
328 0.277644 261.128209
329 0.278024 261.934635
330 0.278372 262.725658
331 0.278759 263.522644
332 0.279123 264.317314
333 0.279497 265.12953
334 0.279865 265.93301
335 0.280214 267.04637
336 0.280524 267.846902
337 0.280834 268.64887
338 0.281153 269.452537
339 0.281469 270.251444
340 0.28176 271.057116
341 0.282022 271.854816
342 0.282335 272.658746
343 0.28268 273.45934
344 0.283006 274.256018
345 0.283346 275.058272
346 0.283688 275.855343
347 0.284026 276.658678
348 0.284329 277.453781
349 0.284667 278.256743
350 0.284948 279.051686
351 0.285239 279.85406
352 0.285601 280.660891
353 0.285927 281.7726
354 0.286274 282.56738
355 0.286572 283.361413
356 0.286906 284.164964
357 0.287205 284.96968
358 0.287499 285.771324
359 0.287843 286.569613
360 0.288117 287.374521
361 0.28838 288.179371
362 0.288694 288.97641
363 0.289043 289.78268
364 0.289369 290.584267
365 0.289732 291.381453
366 0.290061 292.194407
367 0.290322 292.991133
368 0.29062 293.7954
369 0.29091 294.599308
370 0.291195 295.396735
371 0.291425 296.513188
372 0.291687 297.308614
373 0.291988 298.116053
374 0.292266 298.92102
375 0.292546 299.71764
376 0.292843 300.526742

