samples: 1500
burn_in: 100
steps: 1000

0.851  0.01311  10.212  
0.944  0.007017  20.362  
0.975  0.003446  30.746  
0.984  0.003588  41.264  
0.988  0.004475  51.749  
0.989  0.002513  62.208  
0.988  0.006242  72.714  
0.988  0.003048  83.207  
0.989  0.002803  93.582  
0.99  0.000827  104.092  
0.99  0.003381  114.583  
0.99  0.001351  124.45  
0.991  0.002839  134.439  
0.989  0.002233  144.742  
0.99  0.00269  155.236  
0.989  0.001094  165.555  
0.99  0.001826  175.992  
0.991  0.002816  186.447  
0.991  0.00296  196.955  
0.99  0.001538  207.453  
0.989  0.002118  217.88  
0.988  0.002662  228.155  
0.989  0.000362  238.664  
0.99  0.003731  249.16  
0.99  0.000563  259.459  
