samples: 10000
burn_in: 1000
steps: 100
Exact H:-3.5
   Fidelity  ROE       Mean      Median    CI Width LL on CI  UL on CI  mmRatio  Min Err  Max Err
1  0.710233  0.019002  -3.43349  -3.41405  0.00878  -3.44227  -3.42471  1.00569  0.01649  0.02151  
2  0.866458  0.009294  -3.46747  -3.46470  0.00585  -3.47332  -3.46162  1.00080  0.00762  0.01097  
3  0.930798  0.005021  -3.48243  -3.48170  0.00469  -3.48712  -3.47773  1.00021  0.00368  0.00636  
4  0.958101  0.003439  -3.48796  -3.49003  0.00408  -3.49204  -3.48389  0.99941  0.00227  0.00460  
5  0.973107  0.003310  -3.48841  -3.48858  0.00388  -3.49229  -3.48454  0.99995  0.00220  0.00442  
6  0.981458  0.002092  -3.49268  -3.49687  0.00370  -3.49638  -3.48898  0.99880  0.00104  0.00315  
7  0.986124  0.001982  -3.49306  -3.49587  0.00366  -3.49672  -3.48941  0.99920  0.00094  0.00303  
8  0.988255  0.002213  -3.49225  -3.49636  0.00359  -3.49585  -3.48866  0.99882  0.00119  0.00324  
9  0.989490  0.003311  -3.48841  -3.49256  0.00349  -3.49190  -3.48492  0.99881  0.00231  0.00431  
10  0.990180  0.002570  -3.49101  -3.49223  0.00355  -3.49456  -3.48746  0.99965  0.00156  0.00358  
11  0.990572  0.002567  -3.49102  -3.49312  0.00349  -3.49451  -3.48753  0.99940  0.00157  0.00356  
12  0.990992  0.002251  -3.49212  -3.49311  0.00357  -3.49569  -3.48856  0.99972  0.00123  0.00327  
13  0.991613  0.001693  -3.49408  -3.49463  0.00348  -3.49755  -3.49060  0.99984  0.00070  0.00269  
14  0.991765  0.002485  -3.49130  -3.49350  0.00344  -3.49474  -3.48786  0.99937  0.00150  0.00347  
15  0.991929  0.002207  -3.49227  -3.49370  0.00341  -3.49568  -3.48887  0.99959  0.00123  0.00318  
16  0.992378  0.002326  -3.49186  -3.49502  0.00335  -3.49521  -3.48851  0.99910  0.00137  0.00328  
17  0.992560  0.002725  -3.49046  -3.49197  0.00335  -3.49381  -3.48711  0.99957  0.00177  0.00368  
18  0.992378  0.002846  -3.49004  -3.49204  0.00340  -3.49344  -3.48664  0.99943  0.00187  0.00382  
19  0.992092  0.002279  -3.49202  -3.49406  0.00340  -3.49543  -3.48862  0.99942  0.00131  0.00325  
