samples: 1500
burn_in: 100
steps: 10

0.872  0.005149  9.996  
0.95  0.003444  20.108  
0.976  0.001815  30.634  
0.985  0.001232  41.15  
0.99  0.001505  51.645  
0.99  0.001618  62.156  
0.992  0.002658  72.465  
0.992  0.001391  83.002  
0.992  0.001998  93.475  
0.991  0.002438  103.931  
0.99  0.002662  114.276  
0.991  0.00025  124.76  
0.991  0.001452  134.765  
0.992  0.001683  145.053  
0.992  0.001337  155.523  
0.992  0.00173  165.993  
0.992  0.000594  176.479  
0.992  0.001673  187.021  
0.992  0.001503  197.496  
0.991  0.002004  207.763  
0.993  0.001285  218.209  
0.991  0.002377  228.728  
0.991  0.001308  239.18  
0.992  0.001131  249.48  
0.992  0.000882  259.963  
