samples: 3000
burn_in: 100
steps: 1000

0.85  0.006428  13.753  
0.941  0.003219  27.36  
0.97  0.003262  40.602  
0.983  0.001636  54.088  
0.987  0.003496  67.598  
0.988  0.001742  81.038  
0.988  0.001819  94.697  
0.988  0.002409  108.154  
0.989  0.002219  121.597  
0.989  0.002798  134.977  
0.988  0.003437  148.389  
0.99  0.002592  161.663  
0.99  0.002276  175.058  
0.99  0.00257  188.52  
0.989  0.002693  201.926  
0.99  0.003459  215.341  
0.99  0.001428  228.944  
0.99  0.001284  242.282  
0.991  0.002471  255.704  
