samples: 3000
burn_in: 100
steps: 100

0.821  0.013939  13.844  
0.937  0.003246  27.537  
0.973  0.001863  40.689  
0.985  0.002488  54.221  
0.99  0.002843  67.832  
0.991  0.002209  81.372  
0.992  0.000867  94.692  
0.992  0.002151  108.176  
0.992  2.8e-05  121.603  
0.991  0.00195  135.028  
0.99  0.001224  148.454  
0.99  0.001815  161.903  
0.991  0.002304  175.339  
0.992  0.002288  188.762  
0.992  0.002116  202.275  
0.992  0.002514  215.83  
0.992  0.001631  229.07  
0.991  0.00165  242.488  
0.992  0.001109  255.933  
