samples: 1500
burn_in: 10
steps: 1000

0.828  0.013194  10.089  
0.942  0.005097  20.75  
0.973  0.004147  30.561  
0.981  0.003513  40.98  
0.985  0.001503  51.322  
0.987  0.001776  61.764  
0.99  0.00079  71.966  
0.99  0.003077  82.336  
0.991  0.001757  92.74  
0.99  0.00257  102.936  
0.991  0.003485  113.28  
0.989  0.002074  123.381  
0.989  0.001548  133.543  
0.991  0.002806  143.89  
0.991  0.00091  154.272  
0.99  0.001063  164.676  
0.99  0.002706  175.016  
0.991  0.002251  185.386  
0.99  0.002613  195.534  
0.99  0.001205  205.917  
0.991  0.000811  216.283  
0.992  0.003853  226.616  
0.991  0.002289  236.777  
0.99  0.001831  247.206  
0.99  0.002615  257.596  
