samples: 1500
burn_in: 1000
steps: 1000

0.808  0.014947  11.922  
0.931  0.003671  23.814  
0.968  0.00346  35.495  
0.982  0.002085  47.462  
0.986  0.002584  59.277  
0.99  0.002673  71.102  
0.99  0.002067  82.906  
0.991  0.002653  94.573  
0.991  0.000821  106.357  
0.991  0.002394  118.326  
0.991  0.003303  130.101  
0.991  0.001251  141.718  
0.991  0.001258  153.487  
0.99  0.001672  165.249  
0.989  0.001788  177.067  
0.99  0.001423  188.873  
0.991  0.001919  200.011  
0.992  0.001021  211.317  
0.992  0.001536  222.646  
0.993  0.001259  233.911  
0.993  0.001464  245.466  
0.991  0.001582  257.268  
