samples: 3000
burn_in: 10
steps: 10

0.856  0.015948  13.512  
0.946  0.005379  26.846  
0.974  0.004324  40.062  
0.983  0.004379  53.336  
0.987  0.002475  66.578  
0.988  0.002612  79.801  
0.989  0.001513  92.967  
0.989  0.002589  106.131  
0.99  0.002416  119.357  
0.99  0.002034  132.464  
0.99  0.003062  145.707  
0.989  0.0028  158.89  
0.989  0.00296  172.102  
0.989  0.002653  185.279  
0.988  0.002984  198.491  
0.99  0.001734  211.708  
0.99  0.002187  224.938  
0.99  0.003351  238.023  
0.991  0.003894  251.273  
