samples: 10000
burn_in: 1000
steps: 100
Exact H:-3.5
   Fidelity  ROE       Mean      Median    CI Width LL on CI  UL on CI  mmRatio  Min Err  Max Err
1  0.978230  0.002828  -3.49010  -3.49247  0.00326  -3.49337  -3.48684  0.99932  0.00190  0.00376  
2  0.990537  0.002027  -3.49291  -3.50000  0.00320  -3.49611  -3.48970  0.99797  0.00111  0.00294  
3  0.992332  0.001621  -3.49433  -3.49900  0.00323  -3.49756  -3.49109  0.99866  0.00070  0.00255  
4  0.993202  0.001568  -3.49451  -3.49545  0.00296  -3.49747  -3.49155  0.99973  0.00072  0.00241  
5  0.992367  0.001667  -3.49416  -3.49488  0.00309  -3.49725  -3.49108  0.99980  0.00078  0.00255  
6  0.991938  0.001917  -3.49329  -3.49659  0.00303  -3.49632  -3.49026  0.99906  0.00105  0.00278  
7  0.993001  0.001084  -3.49621  -3.49793  0.00309  -3.49929  -3.49312  0.99951  0.00020  0.00197  
8  0.993436  0.001742  -3.49390  -3.49754  0.00287  -3.49677  -3.49103  0.99896  0.00092  0.00256  
9  0.992539  0.001662  -3.49418  -3.49505  0.00323  -3.49741  -3.49096  0.99975  0.00074  0.00258  
10  0.993531  0.001321  -3.49537  -3.49382  0.00297  -3.49834  -3.49241  1.00044  0.00047  0.00217  
11  0.992439  0.001686  -3.49410  -3.49378  0.00302  -3.49712  -3.49107  1.00009  0.00082  0.00255  
12  0.992405  0.002043  -3.49285  -3.49378  0.00304  -3.49589  -3.48981  0.99973  0.00118  0.00291  
13  0.991620  0.001628  -3.49430  -3.49953  0.00297  -3.49727  -3.49133  0.99851  0.00078  0.00248  
14  0.992844  0.001339  -3.49531  -3.49542  0.00283  -3.49814  -3.49249  0.99997  0.00053  0.00215  
15  0.995333  0.001426  -3.49501  -3.49534  0.00265  -3.49766  -3.49236  0.99991  0.00067  0.00218  
16  0.993908  0.001660  -3.49419  -3.49636  0.00263  -3.49682  -3.49156  0.99938  0.00091  0.00241  
17  0.994874  0.001655  -3.49421  -3.49440  0.00263  -3.49684  -3.49158  0.99994  0.00090  0.00241  
18  0.993999  0.001490  -3.49479  -3.49456  0.00268  -3.49746  -3.49211  1.00006  0.00072  0.00225  
