samples: 1500
burn_in: 100
steps: 100

0.816  0.007503  10.627  
0.935  0.006385  21.027  
0.971  0.002744  31.573  
0.985  0.001288  42.066  
0.988  0.001344  52.572  
0.99  0.00295  63.07  
0.991  0.002081  73.595  
0.99  0.003389  83.88  
0.991  0.00331  94.409  
0.99  0.002405  104.867  
0.991  0.001758  115.329  
0.99  0.002051  125.132  
0.991  0.000327  135.251  
0.991  0.000675  145.68  
0.992  0.000874  155.947  
0.992  0.002422  166.42  
0.99  0.003549  176.868  
0.991  0.001578  187.317  
0.993  0.00214  197.744  
0.992  0.002297  208.201  
0.99  0.002271  218.534  
0.99  0.003316  228.987  
0.992  0.001967  239.436  
0.992  0.000419  249.91  
0.992  0.002349  260.29  
