Batch size is 16
Epoch & Fidelity & Runtime
100 0.606265 28.502711
200 0.742318 57.099201
300 0.800952 85.539079
400 0.83341 114.401021
500 0.857946 143.097048
600 0.873463 171.708396

Batch size is 32
Epoch & Fidelity & Runtime
100 0.566865 15.99293
200 0.648565 31.258752
300 0.731665 46.451827
400 0.776138 61.72759
500 0.802351 76.913913
600 0.820962 92.230416
700 0.831161 107.552004
800 0.839059 122.806795
900 0.849664 137.968687
1000 0.858251 153.186306
1100 0.861099 168.555195

Batch size is 64
Epoch & Fidelity & Runtime
100 0.435372 8.905641
200 0.554003 17.491167
300 0.608852 26.074566
400 0.667422 34.641869
500 0.7103 43.301976
600 0.738053 51.939329
700 0.758271 60.650275
800 0.772004 69.329435
900 0.782726 77.996779
1000 0.794405 86.628635
1100 0.799476 95.253709
1200 0.809312 103.893847
1300 0.813341 112.528253
1400 0.819053 121.209836
1500 0.820289 129.895988
1600 0.827691 138.574393
1700 0.831411 147.310646
1800 0.8371 156.01274
1900 0.838459 164.740339
2000 0.842582 173.407542

Batch size is 128
Epoch & Fidelity & Runtime
100 0.316531 5.425372
200 0.455988 10.759803
300 0.522555 16.059185
400 0.551753 21.400171
500 0.571571 26.753586
600 0.591784 32.101766
700 0.617974 37.473732
800 0.645336 42.842648
900 0.669643 48.215828
1000 0.689521 53.573046
1100 0.70603 58.983678
1200 0.721284 64.437673
1300 0.733331 69.859862
1400 0.744105 75.263112
1500 0.752903 80.694088
1600 0.759692 86.114208
1700 0.768538 91.499391
1800 0.775043 96.891882
1900 0.781749 102.280008
2000 0.784899 107.635152
2100 0.788407 113.032369
2200 0.793162 118.473366
2300 0.798059 123.88128
2400 0.801754 129.339363
2500 0.803248 134.726509
2600 0.808089 140.171857
2700 0.810791 145.560147
2800 0.811378 151.040203
2900 0.813474 156.399033
3000 0.815902 161.850182
3100 0.819471 167.29753
3200 0.821326 172.752198
3300 0.818312 178.235028

Batch size is 256
Epoch & Fidelity & Runtime
100 0.221979 3.802397
200 0.298139 7.546861
300 0.35412 11.280237
400 0.395548 14.990357
500 0.428928 18.679103
600 0.457888 22.412931
700 0.483461 26.167948
800 0.505905 29.896612
900 0.52568 33.62743
1000 0.542691 37.31893
1100 0.557224 41.056157
1200 0.570319 44.763768
1300 0.58232 48.522442
1400 0.594822 52.266339
1500 0.606932 56.032324
1600 0.617957 59.764334
1700 0.628561 63.519372
1800 0.638828 67.300722
1900 0.647018 71.114652
2000 0.655559 74.878627
2100 0.664055 78.641955
2200 0.671264 82.428665
2300 0.67679 86.244952
2400 0.682334 89.97547
2500 0.690202 93.72443
2600 0.693301 97.509044
2700 0.699829 101.287208
2800 0.703459 105.025043
2900 0.708917 108.754481
3000 0.713577 112.477373
3100 0.717873 116.296214
3200 0.723219 120.049243
3300 0.725106 123.80401
3400 0.73135 127.568099
3500 0.735378 131.359377
3600 0.738363 135.125966
3700 0.742657 138.928049
3800 0.746029 142.738635
3900 0.750742 146.522875
4000 0.754809 150.298434
4100 0.758008 154.084325
4200 0.760426 157.913046
4300 0.764472 161.676598
4400 0.768582 165.444269
4500 0.772602 169.234842
4600 0.774418 173.092771
4700 0.777535 176.896113
4800 0.779957 180.709053

Batch size is 512
Epoch & Fidelity & Runtime
100 0.17846 2.960746
200 0.239624 5.868333
300 0.280709 8.748092
400 0.317158 11.627051
500 0.349851 14.501801
600 0.379231 17.399611
700 0.405596 20.319837
800 0.431072 23.223723
900 0.455907 26.123619
1000 0.479126 29.034619
1100 0.498699 31.928277
1200 0.514617 34.830452
1300 0.52739 37.739869
1400 0.537309 40.595327
1500 0.545858 43.442785
1600 0.552497 46.307515
1700 0.558694 49.17489
1800 0.563962 52.07999
1900 0.568832 54.968908
2000 0.573523 57.835082
2100 0.578302 60.711755
2200 0.582655 63.595784
2300 0.587087 66.568029
2400 0.591619 69.455437
2500 0.596234 72.368238
2600 0.60071 75.279003
2700 0.605638 78.180182
2800 0.610325 81.114933
2900 0.61533 83.995245
3000 0.620111 86.894331
3100 0.624893 89.768345
3200 0.630067 92.681722
3300 0.634902 95.653896
3400 0.639384 98.586565
3500 0.644108 101.494609
3600 0.648486 104.391209
3700 0.652614 107.294494
3800 0.656961 110.222556
3900 0.661473 113.125402
4000 0.665096 116.005047
4100 0.668901 118.877783
4200 0.672131 121.783654
4300 0.676086 124.681112
4400 0.679509 127.611545
4500 0.682648 130.484513
4600 0.686018 133.37166
4700 0.689176 136.321733
4800 0.692317 139.226624
4900 0.6956 142.183958
5000 0.698099 145.084199
5100 0.700808 147.976545
5200 0.703778 150.880291
5300 0.706816 153.779042
5400 0.70955 156.723393
5500 0.711844 159.609981
5600 0.714845 162.486467
5700 0.717394 165.355969
5800 0.72002 168.221536
5900 0.722551 171.160302
6000 0.72524 174.06622
6100 0.728268 176.976295
6200 0.730676 179.883345
