k value is 1
Epoch & Fidelity & Runtime 
1 0.408927 32.705506
2 0.509956 65.411164
3 0.584569 98.226759
4 0.63054 131.021588
5 0.674561 163.922392
6 0.718085 196.950201
7 0.744206 229.833753
8 0.779141 262.950605
9 0.792518 295.92629
10 0.808624 328.904957
11 0.812255 362.156368
12 0.815992 395.170338
13 0.788016 428.530055
14 0.831551 461.698411
15 0.849473 495.160245
16 0.838371 528.325547
17 0.845612 561.901128
18 0.822816 595.509194
19 0.821636 628.7496
20 0.862524 662.094534
21 0.869962 695.421069
22 0.883268 729.212757
23 0.845659 762.98809
24 0.875824 796.83954
25 0.880118 830.250606

k value is 2
Epoch & Fidelity & Runtime 
1 0.430353 33.005009
2 0.517544 65.969405
3 0.580523 99.43185
4 0.646115 132.886851
5 0.71967 165.885277
6 0.763551 198.88529
7 0.806332 232.814176
8 0.803676 266.668519
9 0.82125 300.749098
10 0.81416 333.795616
11 0.841488 366.831458
12 0.849105 400.337457
13 0.86352 434.993919
14 0.860791 469.554555
15 0.87268 504.271121
16 0.853416 539.957607
17 0.895369 574.692333
18 0.907077 609.431519
19 0.870474 644.814474
20 0.898361 679.582996
21 0.899274 715.002846
22 0.893041 750.482145
23 0.898352 785.380949
24 0.89598 820.302955

k value is 4
Epoch & Fidelity & Runtime 
1 0.451078 36.711639
2 0.554297 72.202164
3 0.621879 108.273624
4 0.684473 144.35069
5 0.73337 180.473049
6 0.762426 215.894373
7 0.789057 251.747402
8 0.787306 288.647396
9 0.813231 324.662069
10 0.81741 360.736974
11 0.846683 396.508787
12 0.852825 433.347848
13 0.861959 471.766855
14 0.864631 509.512379
15 0.884812 546.623945
16 0.887534 585.249461
17 0.876558 622.384881
18 0.885169 660.235273
19 0.895282 697.220395
20 0.863728 735.005448
21 0.894716 772.069306
22 0.907196 810.000193

k value is 8
Epoch & Fidelity & Runtime 
1 0.451925 42.822149
2 0.548211 84.011354
3 0.610175 124.300391
4 0.671339 163.806205
5 0.723426 204.096041
6 0.758693 245.165761
7 0.802192 284.668238
8 0.818664 326.862049
9 0.831187 367.732457
10 0.847829 410.067083
11 0.859516 451.741156
12 0.865755 492.900116
13 0.874976 535.714383
14 0.861887 577.663121
15 0.881881 619.778945
16 0.878874 661.877634
17 0.889584 704.058993
18 0.877379 746.184983
19 0.906972 788.305717
20 0.890793 831.303849

k value is 16
Epoch & Fidelity & Runtime 
1 0.406994 51.055627
2 0.513731 99.537453
3 0.58088 149.771048
4 0.667283 198.130081
5 0.710432 246.565942
6 0.745472 296.343104
7 0.780607 346.416697
8 0.786855 395.904531
9 0.815945 446.309659
10 0.829171 497.816235
11 0.854092 548.732715
12 0.86626 601.456346
13 0.853057 652.558928
14 0.88355 705.494076
15 0.886166 757.413406
16 0.896095 809.539818

