k value is 1
Epoch & Fidelity & Runtime 
1 0.428106 31.897257
2 0.519872 63.801711
3 0.571177 95.666981
4 0.624773 127.92863
5 0.667191 160.394357
6 0.724721 192.884963
7 0.751591 225.333654
8 0.783831 257.865653
9 0.800193 290.360331
10 0.81763 323.175341
11 0.821256 356.047067
12 0.825109 389.137055
13 0.836037 421.843632
14 0.848599 454.59987
15 0.84622 487.38028
16 0.841861 520.428131

k value is 2
Epoch & Fidelity & Runtime 
1 0.42713 32.392559
2 0.529464 64.991407
3 0.601243 98.043016
4 0.679281 131.048668
5 0.724357 163.287169
6 0.772958 195.489182
7 0.785414 227.686589
8 0.808494 260.014215
9 0.830047 293.671371
10 0.815026 328.242631
11 0.82706 362.180864
12 0.832046 396.977446
13 0.846965 431.477989
14 0.871298 465.768612
15 0.85412 500.020708

k value is 4
Epoch & Fidelity & Runtime 
1 0.42568 35.977461
2 0.522063 71.049411
3 0.583619 105.779202
4 0.635276 140.765568
5 0.680731 176.347688
6 0.726466 211.73443
7 0.754089 247.855437
8 0.774615 284.898241
9 0.811831 321.285411
10 0.828122 358.190453
11 0.836877 395.211876
12 0.853202 432.51869
13 0.861064 469.392004
14 0.875182 507.429144

k value is 8
Epoch & Fidelity & Runtime 
1 0.442264 41.579149
2 0.554848 81.684934
3 0.620139 121.351216
4 0.66811 162.10225
5 0.707831 203.129347
6 0.755382 243.121929
7 0.784252 284.899652
8 0.822514 326.757144
9 0.826727 368.187359
10 0.841617 408.621145
11 0.86133 449.5863
12 0.868663 490.685808
13 0.862047 531.808929

k value is 16
Epoch & Fidelity & Runtime 
1 0.436817 50.335044
2 0.52296 99.029634
3 0.594506 147.182042
4 0.628114 196.196007
5 0.675427 245.179792
6 0.703783 294.80913
7 0.741629 345.668283
8 0.77237 396.873218
9 0.779285 448.8734
10 0.773245 500.32517

