Batch Sizes: 2 4 8 16 32 64 128 
Epoch & Fidelity & KL & Runtime 
1 0.866794 0.488105 25.056999
2 0.963756 0.285871 49.401598
3 0.985 0.244482 73.821453
4 0.988372 0.238109 98.14394
5 0.989404 0.236241 122.476656
6 0.99042 0.234397 146.679419
7 0.990916 0.233474 171.012477
8 0.992233 0.230782 195.485242
9 0.992169 0.231012 219.886734
10 0.991336 0.232644 244.307676
11 0.992646 0.229997 268.748997
12 0.99129 0.232655 293.167143
13 0.991763 0.231765 317.854415
14 0.992782 0.229726 342.356548
15 0.991098 0.233033 367.37685
16 0.992763 0.229777 392.237064
17 0.993079 0.229153 416.825746
18 0.99259 0.230149 441.671558
19 0.993622 0.22812 466.558419
20 0.992833 0.229677 491.227432
21 0.993737 0.227888 516.245966

Epoch & Fidelity & KL & Runtime 
1 0.755093 0.749754 25.27598
2 0.883819 0.450685 49.817633
3 0.937995 0.337144 74.772794
4 0.964467 0.284174 100.068135
5 0.976026 0.261604 124.674757
6 0.983711 0.246789 150.142517
7 0.987379 0.239862 175.239967
8 0.988974 0.236906 199.902077
9 0.99038 0.234257 225.028481
10 0.989906 0.235288 250.236236
11 0.990665 0.233848 274.950686
12 0.989842 0.235523 300.20848
13 0.989199 0.236868 325.950988
14 0.988985 0.237261 350.74763
15 0.98935 0.236547 376.06208
16 0.990221 0.234804 401.406576
17 0.990662 0.23397 426.77313
18 0.990776 0.233745 452.162623
19 0.99155 0.232179 477.609707
20 0.99142 0.232494 503.042333

Epoch & Fidelity & KL & Runtime 
1 0.522236 1.435328 24.686677
2 0.695014 0.902824 50.084605
3 0.799891 0.638411 75.469909
4 0.864785 0.490998 100.893568
5 0.90502 0.404756 126.383321
6 0.932326 0.348332 151.851448
7 0.951345 0.310082 176.655978
8 0.962436 0.288141 202.187165
9 0.970956 0.271446 227.710262
10 0.976751 0.26017 253.954882
11 0.981122 0.251774 278.85318
12 0.983494 0.247223 304.44769
13 0.985403 0.243611 330.055972
14 0.987334 0.239946 355.056005
15 0.988321 0.238125 380.713273
16 0.989423 0.236013 407.144746
17 0.990472 0.234013 432.147253
18 0.99084 0.233313 457.905856
19 0.991454 0.23215 483.682667
20 0.991899 0.231289 509.503019

Epoch & Fidelity & KL & Runtime 
1 0.562821 1.334286 24.868636
2 0.650447 1.052897 51.367599
3 0.716076 0.86586 77.158542
4 0.768904 0.727215 102.227148
5 0.809092 0.627906 128.081203
6 0.842806 0.548269 153.948068
7 0.869293 0.487888 179.817708
8 0.890753 0.440193 205.811903
9 0.907614 0.403569 231.745557
10 0.920586 0.375954 257.761792
11 0.931584 0.352821 283.751234
12 0.940404 0.334483 308.883351
13 0.948372 0.318008 335.847812
14 0.954908 0.304614 361.899453
15 0.960462 0.293316 387.138951
16 0.964881 0.284415 413.242618
17 0.968492 0.277202 439.361243
18 0.971806 0.270586 465.543878
19 0.974498 0.265227 490.695824
20 0.977088 0.260117 518.030633

Epoch & Fidelity & KL & Runtime 
1 0.439658 1.752044 25.967778
2 0.499491 1.515555 52.074393
3 0.551983 1.330261 77.18469
4 0.59889 1.178755 103.352173
5 0.640494 1.054009 130.392301
6 0.6779 0.948191 156.470991
7 0.709862 0.862126 181.634436
8 0.739214 0.786303 208.031285
9 0.765356 0.721167 234.414137
10 0.787593 0.667386 260.703287
11 0.806902 0.621822 287.11411
12 0.824787 0.580492 313.620456
13 0.840121 0.545761 340.196834
14 0.852922 0.517254 366.792856
15 0.865853 0.48885 392.327153
16 0.877398 0.463768 419.932533
17 0.887157 0.4428 446.521641
18 0.896656 0.422655 473.170534
19 0.905388 0.404323 498.738896
20 0.912419 0.389636 525.350371

Epoch & Fidelity & KL & Runtime 
1 0.494658 1.544032 26.574184
2 0.52303 1.439908 53.204135
3 0.549852 1.346371 80.916882
4 0.575133 1.262221 106.467046
5 0.598301 1.18822 133.084612
6 0.620907 1.118571 159.825401
7 0.640922 1.058932 186.485783
8 0.659945 1.00383 212.125733
9 0.678217 0.952349 239.967995
10 0.695244 0.905596 266.743481
11 0.711375 0.862317 293.514945
12 0.726363 0.82292 320.319587
13 0.740099 0.787528 346.026246
14 0.752959 0.754912 374.009276
15 0.765919 0.722585 400.772199
16 0.777382 0.69446 427.641565
17 0.788511 0.66755 453.29873
18 0.799589 0.641105 480.062646
19 0.809374 0.617992 508.151824

Epoch & Fidelity & KL & Runtime 
1 0.375746 2.055851 26.773241
2 0.393551 1.969861 53.604738
3 0.410428 1.89181 79.426589
4 0.42756 1.815809 106.489149
5 0.443723 1.746809 133.597168
6 0.459609 1.681338 160.670269
7 0.475121 1.619475 187.716177
8 0.490056 1.561757 213.626213
9 0.504644 1.506996 240.781182
10 0.519172 1.453994 269.173136
11 0.53306 1.404661 296.41902
12 0.546432 1.358315 323.66649
13 0.559431 1.314296 349.622983
14 0.571925 1.272906 378.083864
15 0.584165 1.233219 405.245637
16 0.595934 1.195802 432.481463
17 0.607236 1.160524 459.760736
18 0.618409 1.12628 487.02403
19 0.628928 1.09456 513.069876

