-0.0000000000 0.0000000000
-0.0000000000 0.0000000000
0.0000000000 0.0000000000
-0.0000000000 0.0000000000
0.0000000000 0.0000000000
0.0000000000 0.0000000000
-0.0000000000 0.0000000000
-0.0000000000 0.0000000000
-0.0000000000 0.0000000000
0.0000000000 0.0000000000
-0.0000000000 0.0000000000
0.0000000000 0.0000000000
0.0000000000 0.0000000000
0.0000000000 0.0000000000
-0.0000000000 0.0000000000
0.0000000000 0.0000000000
0.0000000000 0.0000000000
0.0000000000 0.0000000000
-0.0000000000 0.0000000000
-0.0000000000 0.0000000000
-0.0000000000 0.0000000000
0.0000000000 0.0000000000
-0.0000000000 0.0000000000
-0.0000000000 0.0000000000
0.0000000000 0.0000000000
0.0000000000 0.0000000000
0.0000000000 0.0000000000
0.0000000000 0.0000000000
-0.0000000000 0.0000000000
0.0000000000 0.0000000000
-0.0000000000 0.0000000000
0.0000000000 0.0000000000
-0.0000000000 0.0000000000
-0.0000000000 0.0000000000
-0.0000000000 0.0000000000
-0.0000000000 0.0000000000
-0.0000000000 0.0000000000
-0.0000000000 0.0000000000
-0.0000000000 0.0000000000
-0.0000000000 0.0000000000
-0.0000000000 0.0000000000
-0.0000000000 0.0000000000
-0.0000000000 0.0000000000
-0.0000000000 0.0000000000
-0.0000000000 0.0000000000
-0.0000000000 0.0000000000
-0.0000000000 0.0000000000
-0.0000078130 0.0000000000
-0.0000000000 0.0000000000
-0.0000000000 0.0000000000
-0.0000000000 0.0000000000
-0.0000000000 0.0000000000
-0.0000000000 0.0000000000
-0.0000000000 0.0000000000
-0.0000000000 0.0000000000
0.0000537015 0.0000000000
-0.0000000000 0.0000000000
0.0000000000 0.0000000000
0.0000000000 0.0000000000
-0.0001491910 0.0000000000
-0.0000000000 0.0000000000
0.0002029649 0.0000000000
-0.0000996624 0.0000000000
0.0000000000 0.0000000000
0.0000000000 0.0000000000
0.0000000000 0.0000000000
0.0000000000 0.0000000000
0.0000000000 0.0000000000
0.0000000000 0.0000000000
0.0000000000 0.0000000000
0.0000000000 0.0000000000
0.0000000000 0.0000000000
0.0000000000 0.0000000000
0.0000000000 0.0000000000
0.0000000000 0.0000000000
0.0000000000 0.0000000000
0.0000000000 0.0000000000
0.0000000000 0.0000000000
0.0000000000 0.0000000000
0.0000538763 0.0000000000
0.0000000000 0.0000000000
0.0000000000 0.0000000000
0.0000000000 0.0000000000
0.0000000000 0.0000000000
0.0000000000 0.0000000000
0.0000000000 0.0000000000
0.0000000000 0.0000000000
-0.0004038910 0.0000000000
0.0000000000 0.0000000000
0.0000000000 0.0000000000
-0.0000000000 0.0000000000
0.0012212516 0.0000000000
0.0000000000 0.0000000000
-0.0017814032 0.0000000000
0.0009101664 0.0000000000
-0.0000000000 0.0000000000
0.0000000000 0.0000000000
0.0000000000 0.0000000000
0.0000000000 0.0000000000
0.0000000000 0.0000000000
0.0000000000 0.0000000000
0.0000000000 0.0000000000
-0.0000000000 0.0000000000
0.0007276469 0.0000000000
0.0000000000 0.0000000000
-0.0000000000 0.0000000000
0.0000000000 0.0000000000
-0.0034634627 0.0000000000
-0.0000000000 0.0000000000
0.0058468659 0.0000000000
-0.0031571134 0.0000000000
-0.0000000000 0.0000000000
0.0000000000 0.0000000000
0.0000000000 0.0000000000
-0.0000000000 0.0000000000
0.0027786335 0.0000000000
-0.0000000000 0.0000000000
-0.0082364352 0.0000000000
0.0050803442 0.0000000000
0.0000000000 0.0000000000
-0.0000000000 0.0000000000
0.0031572552 0.0000000000
-0.0035444866 0.0000000000
0.0000000000 0.0000000000
0.0008107521 0.0000000000
0.0000000000 0.0000000000
0.0000000000 0.0000000000
-0.0000000000 0.0000000000
-0.0000000000 0.0000000000
-0.0000000000 0.0000000000
-0.0000000000 0.0000000000
-0.0000000000 0.0000000000
-0.0000000000 0.0000000000
-0.0000000000 0.0000000000
-0.0000000000 0.0000000000
-0.0000000000 0.0000000000
-0.0000000000 0.0000000000
-0.0000000000 0.0000000000
-0.0000000000 0.0000000000
-0.0000000000 0.0000000000
-0.0000000000 0.0000000000
-0.0000000000 0.0000000000
-0.0000000000 0.0000000000
-0.0001495675 0.0000000000
-0.0000000000 0.0000000000
-0.0000000000 0.0000000000
-0.0000000000 0.0000000000
-0.0000000000 0.0000000000
-0.0000000000 0.0000000000
0.0000000000 0.0000000000
-0.0000000000 0.0000000000
0.0012220030 0.0000000000
-0.0000000000 0.0000000000
-0.0000000000 0.0000000000
0.0000000000 0.0000000000
-0.0039678179 0.0000000000
-0.0000000000 0.0000000000
0.0060909488 0.0000000000
-0.0031955664 0.0000000000
0.0000000000 0.0000000000
-0.0000000000 0.0000000000
-0.0000000000 0.0000000000
-0.0000000000 0.0000000000
-0.0000000000 0.0000000000
-0.0000000000 0.0000000000
-0.0000000000 0.0000000000
0.0000000000 0.0000000000
-0.0034632746 0.0000000000
-0.0000000000 0.0000000000
0.0000000000 0.0000000000
-0.0000000000 0.0000000000
0.0171996299 0.0000000000
0.0000000000 0.0000000000
-0.0302160718 0.0000000000
0.0166370962 0.0000000000
0.0000000000 0.0000000000
-0.0000000000 0.0000000000
-0.0000000000 0.0000000000
0.0000000000 0.0000000000
-0.0160854682 0.0000000000
-0.0000000000 0.0000000000
0.0491576940 0.0000000000
-0.0308846552 0.0000000000
0.0000000000 0.0000000000
0.0000000000 0.0000000000
-0.0198877379 0.0000000000
0.0228905845 0.0000000000
-0.0000000000 0.0000000000
-0.0053477981 0.0000000000
-0.0000000000 0.0000000000
-0.0000000000 0.0000000000
0.0000000000 0.0000000000
0.0000000000 0.0000000000
0.0000000000 0.0000000000
0.0000000000 0.0000000000
0.0000000000 0.0000000000
0.0000000000 0.0000000000
0.0000000000 0.0000000000
-0.0000000000 0.0000000000
0.0027775813 0.0000000000
0.0000000000 0.0000000000
-0.0000000000 0.0000000000
0.0000000000 0.0000000000
-0.0160833877 0.0000000000
-0.0000000000 0.0000000000
0.0318295062 0.0000000000
-0.0184280071 0.0000000000
-0.0000000000 0.0000000000
0.0000000000 0.0000000000
0.0000000000 0.0000000000
-0.0000000000 0.0000000000
0.0279242713 0.0000000000
0.0000000000 0.0000000000
-0.0908180326 0.0000000000
0.0592980720 0.0000000000
-0.0000000000 0.0000000000
-0.0000000000 0.0000000000
0.0420846641 0.0000000000
-0.0511789843 0.0000000000
0.0000000000 0.0000000000
0.0125943199 0.0000000000
-0.0000000000 0.0000000000
0.0000000000 0.0000000000
-0.0000000000 0.0000000000
-0.0000000000 0.0000000000
-0.0000000000 0.0000000000
0.0000000000 0.0000000000
-0.0101847220 0.0000000000
-0.0000000000 0.0000000000
0.0371137038 0.0000000000
-0.0269709360 0.0000000000
-0.0000000000 0.0000000000
0.0000000000 0.0000000000
-0.0319805108 0.0000000000
0.0445124544 0.0000000000
-0.0000000000 0.0000000000
-0.0125934919 0.0000000000
0.0000000000 0.0000000000
-0.0000000000 0.0000000000
0.0000000000 0.0000000000
0.0000000000 0.0000000000
0.0074365917 0.0000000000
-0.0118693057 0.0000000000
-0.0000000000 0.0000000000
0.0053464812 0.0000000000
-0.0000000000 0.0000000000
0.0000000000 0.0000000000
0.0000000000 0.0000000000
-0.0008102630 0.0000000000
-0.0000000000 0.0000000000
-0.0000000000 0.0000000000
0.0000000000 0.0000000000
-0.0000000000 0.0000000000
0.0000000000 0.0000000000
0.0000000000 0.0000000000
0.0000000000 0.0000000000
-0.0000000000 0.0000000000
-0.0000000000 0.0000000000
-0.0000000000 0.0000000000
-0.0000000000 0.0000000000
-0.0000000000 0.0000000000
-0.0000000000 0.0000000000
-0.0000000000 0.0000000000
-0.0000000000 0.0000000000
-0.0000000000 0.0000000000
-0.0000000000 0.0000000000
-0.0000000000 0.0000000000
-0.0000000000 0.0000000000
-0.0000000000 0.0000000000
-0.0000000000 0.0000000000
-0.0000000000 0.0000000000
0.0002029101 0.0000000000
-0.0000000000 0.0000000000
-0.0000000000 0.0000000000
-0.0000000000 0.0000000000
-0.0000000000 0.0000000000
-0.0000000000 0.0000000000
-0.0000000000 0.0000000000
0.0000000000 0.0000000000
-0.0017813875 0.0000000000
-0.0000000000 0.0000000000
0.0000000000 0.0000000000
-0.0000000000 0.0000000000
0.0060911467 0.0000000000
0.0000000000 0.0000000000
-0.0096681928 0.0000000000
0.0051555238 0.0000000000
0.0000000000 0.0000000000
-0.0000000000 0.0000000000
-0.0000000000 0.0000000000
-0.0000000000 0.0000000000
-0.0000000000 0.0000000000
-0.0000000000 0.0000000000
0.0000000000 0.0000000000
-0.0000000000 0.0000000000
0.0058469302 0.0000000000
-0.0000000000 0.0000000000
-0.0000000000 0.0000000000
0.0000000000 0.0000000000
-0.0302161630 0.0000000000
-0.0000000000 0.0000000000
0.0550128967 0.0000000000
-0.0308387578 0.0000000000
0.0000000000 0.0000000000
-0.0000000000 0.0000000000
0.0000000000 0.0000000000
-0.0000000000 0.0000000000
0.0318291523 0.0000000000
0.0000000000 0.0000000000
-0.0996003971 0.0000000000
0.0636520013 0.0000000000
-0.0000000000 0.0000000000
0.0000000000 0.0000000000
0.0421834476 0.0000000000
-0.0497383922 0.0000000000
-0.0000000000 0.0000000000
0.0118692853 0.0000000000
-0.0000000000 0.0000000000
-0.0000000000 0.0000000000
0.0000000000 0.0000000000
-0.0000000000 0.0000000000
-0.0000000000 0.0000000000
-0.0000000000 0.0000000000
0.0000000000 0.0000000000
-0.0000000000 0.0000000000
-0.0000000000 0.0000000000
0.0000000000 0.0000000000
-0.0082362881 0.0000000000
-0.0000000000 0.0000000000
0.0000000000 0.0000000000
-0.0000000000 0.0000000000
0.0491575077 0.0000000000
0.0000000000 0.0000000000
-0.0996004865 0.0000000000
0.0584224798 0.0000000000
-0.0000000000 0.0000000000
-0.0000000000 0.0000000000
-0.0000000000 0.0000000000
0.0000000000 0.0000000000
-0.0908180624 0.0000000000
-0.0000000000 0.0000000000
0.2989536524 0.0000000000
-0.1977140158 0.0000000000
0.0000000000 0.0000000000
0.0000000000 0.0000000000
-0.1433906257 0.0000000000
0.1777387857 0.0000000000
-0.0000000000 0.0000000000
-0.0445129387 0.0000000000
0.0000000000 0.0000000000
-0.0000000000 0.0000000000
0.0000000000 0.0000000000
-0.0000000000 0.0000000000
0.0000000000 0.0000000000
-0.0000000000 0.0000000000
0.0371135063 0.0000000000
0.0000000000 0.0000000000
-0.1375851482 0.0000000000
0.1021333560 0.0000000000
-0.0000000000 0.0000000000
-0.0000000000 0.0000000000
0.1251472235 0.0000000000
-0.1777386069 0.0000000000
0.0000000000 0.0000000000
0.0511786491 0.0000000000
-0.0000000000 0.0000000000
0.0000000000 0.0000000000
0.0000000000 0.0000000000
0.0000000000 0.0000000000
-0.0306416098 0.0000000000
0.0497383811 0.0000000000
-0.0000000000 0.0000000000
-0.0228900611 0.0000000000
0.0000000000 0.0000000000
-0.0000000000 0.0000000000
0.0000000000 0.0000000000
0.0035443143 0.0000000000
-0.0000000000 0.0000000000
-0.0000000000 0.0000000000
0.0000000000 0.0000000000
-0.0000000000 0.0000000000
0.0000000000 0.0000000000
0.0000000000 0.0000000000
0.0000000000 0.0000000000
-0.0000000000 0.0000000000
-0.0000000000 0.0000000000
-0.0000000000 0.0000000000
-0.0000000000 0.0000000000
-0.0000000000 0.0000000000
-0.0000000000 0.0000000000
-0.0000000000 0.0000000000
0.0031575719 0.0000000000
-0.0000000000 0.0000000000
-0.0000000000 0.0000000000
0.0000000000 0.0000000000
-0.0198889188 0.0000000000
-0.0000000000 0.0000000000
0.0421835668 0.0000000000
-0.0255055632 0.0000000000
-0.0000000000 0.0000000000
-0.0000000000 0.0000000000
0.0000000000 0.0000000000
-0.0000000000 0.0000000000
0.0420856625 0.0000000000
0.0000000000 0.0000000000
-0.1433912218 0.0000000000
0.0987073705 0.0000000000
-0.0000000000 0.0000000000
0.0000000000 0.0000000000
0.0778132975 0.0000000000
-0.1021333709 0.0000000000
0.0000000000 0.0000000000
0.0269716028 0.0000000000
-0.0000000000 0.0000000000
-0.0000000000 0.0000000000
0.0000000000 0.0000000000
-0.0000000000 0.0000000000
-0.0000000000 0.0000000000
0.0000000000 0.0000000000
-0.0319791026 0.0000000000
-0.0000000000 0.0000000000
0.1251467466 0.0000000000
-0.0987088680 0.0000000000
0.0000000000 0.0000000000
0.0000000000 0.0000000000
-0.1328293383 0.0000000000
0.1977138966 0.0000000000
-0.0000000000 0.0000000000
-0.0592978001 0.0000000000
0.0000000000 0.0000000000
-0.0000000000 0.0000000000
0.0000000000 0.0000000000
0.0000000000 0.0000000000
0.0378013998 0.0000000000
-0.0636516437 0.0000000000
0.0000000000 0.0000000000
0.0308857858 0.0000000000
-0.0000000000 0.0000000000
-0.0000000000 0.0000000000
0.0000000000 0.0000000000
-0.0050810743 0.0000000000
-0.0000000000 0.0000000000
-0.0000000000 0.0000000000
0.0000000000 0.0000000000
-0.0000000000 0.0000000000
0.0000000000 0.0000000000
0.0000000000 0.0000000000
0.0000000000 0.0000000000
-0.0000000000 0.0000000000
0.0000000000 0.0000000000
-0.0000000000 0.0000000000
0.0074355411 0.0000000000
0.0000000000 0.0000000000
-0.0306411460 0.0000000000
0.0255067404 0.0000000000
-0.0000000000 0.0000000000
0.0000000000 0.0000000000
0.0378017314 0.0000000000
-0.0584224761 0.0000000000
0.0000000000 0.0000000000
0.0184268281 0.0000000000
-0.0000000000 0.0000000000
-0.0000000000 0.0000000000
0.0000000000 0.0000000000
0.0000000000 0.0000000000
-0.0174662508 0.0000000000
0.0308388416 0.0000000000
-0.0000000000 0.0000000000
-0.0166370012 0.0000000000
0.0000000000 0.0000000000
-0.0000000000 0.0000000000
0.0000000000 0.0000000000
0.0031571912 0.0000000000
-0.0000000000 0.0000000000
-0.0000000000 0.0000000000
0.0000000000 0.0000000000
-0.0000000000 0.0000000000
0.0000000000 0.0000000000
0.0000000000 0.0000000000
0.0000000000 0.0000000000
0.0000000000 0.0000000000
0.0027704616 0.0000000000
-0.0051556826 0.0000000000
-0.0000000000 0.0000000000
0.0031953892 0.0000000000
-0.0000000000 0.0000000000
-0.0000000000 0.0000000000
0.0000000000 0.0000000000
-0.0009095740 0.0000000000
-0.0000000000 0.0000000000
-0.0000000000 0.0000000000
0.0000000000 0.0000000000
-0.0000000000 0.0000000000
0.0000000000 0.0000000000
0.0000000000 0.0000000000
0.0000000000 0.0000000000
0.0000994059 0.0000000000
-0.0000000000 0.0000000000
-0.0000000000 0.0000000000
0.0000000000 0.0000000000
-0.0000000000 0.0000000000
0.0000000000 0.0000000000
0.0000000000 0.0000000000
0.0000000000 0.0000000000
-0.0000000000 0.0000000000
0.0000000000 0.0000000000
0.0000000000 0.0000000000
0.0000000000 0.0000000000
0.0000000000 0.0000000000
0.0000000000 0.0000000000
-0.0000000000 0.0000000000
0.0000000000 0.0000000000
0.0000000000 0.0000000000
0.0000000000 0.0000000000
0.0000000000 0.0000000000
0.0000000000 0.0000000000
0.0000000000 0.0000000000
0.0000000000 0.0000000000
0.0000000000 0.0000000000
0.0000000000 0.0000000000
0.0000000000 0.0000000000
0.0000000000 0.0000000000
0.0000000000 0.0000000000
0.0000000000 0.0000000000
0.0000000000 0.0000000000
0.0000000000 0.0000000000
0.0000000000 0.0000000000
-0.0000994059 0.0000000000
0.0000000000 0.0000000000
0.0000000000 0.0000000000
0.0000000000 0.0000000000
0.0000000000 0.0000000000
0.0000000000 0.0000000000
0.0000000000 0.0000000000
-0.0000000000 0.0000000000
0.0009095740 0.0000000000
0.0000000000 0.0000000000
0.0000000000 0.0000000000
0.0000000000 0.0000000000
-0.0031953892 0.0000000000
-0.0000000000 0.0000000000
0.0051556826 0.0000000000
-0.0027704616 0.0000000000
-0.0000000000 0.0000000000
0.0000000000 0.0000000000
0.0000000000 0.0000000000
0.0000000000 0.0000000000
0.0000000000 0.0000000000
0.0000000000 0.0000000000
-0.0000000000 0.0000000000
0.0000000000 0.0000000000
-0.0031571912 0.0000000000
0.0000000000 0.0000000000
0.0000000000 0.0000000000
-0.0000000000 0.0000000000
0.0166370012 0.0000000000
0.0000000000 0.0000000000
-0.0308388416 0.0000000000
0.0174662508 0.0000000000
-0.0000000000 0.0000000000
0.0000000000 0.0000000000
-0.0000000000 0.0000000000
0.0000000000 0.0000000000
-0.0184268281 0.0000000000
-0.0000000000 0.0000000000
0.0584224761 0.0000000000
-0.0378017314 0.0000000000
0.0000000000 0.0000000000
-0.0000000000 0.0000000000
-0.0255067404 0.0000000000
0.0306411460 0.0000000000
-0.0000000000 0.0000000000
-0.0074355411 0.0000000000
0.0000000000 0.0000000000
0.0000000000 0.0000000000
-0.0000000000 0.0000000000
0.0000000000 0.0000000000
0.0000000000 0.0000000000
0.0000000000 0.0000000000
0.0000000000 0.0000000000
0.0000000000 0.0000000000
0.0000000000 0.0000000000
-0.0000000000 0.0000000000
0.0050810743 0.0000000000
0.0000000000 0.0000000000
-0.0000000000 0.0000000000
0.0000000000 0.0000000000
-0.0308857858 0.0000000000
-0.0000000000 0.0000000000
0.0636516437 0.0000000000
-0.0378013998 0.0000000000
0.0000000000 0.0000000000
0.0000000000 0.0000000000
0.0000000000 0.0000000000
-0.0000000000 0.0000000000
0.0592978001 0.0000000000
0.0000000000 0.0000000000
-0.1977138966 0.0000000000
0.1328293383 0.0000000000
-0.0000000000 0.0000000000
-0.0000000000 0.0000000000
0.0987088680 0.0000000000
-0.1251467466 0.0000000000
0.0000000000 0.0000000000
0.0319791026 0.0000000000
-0.0000000000 0.0000000000
0.0000000000 0.0000000000
-0.0000000000 0.0000000000
0.0000000000 0.0000000000
-0.0000000000 0.0000000000
0.0000000000 0.0000000000
-0.0269716028 0.0000000000
-0.0000000000 0.0000000000
0.1021333709 0.0000000000
-0.0778132975 0.0000000000
0.0000000000 0.0000000000
-0.0000000000 0.0000000000
-0.0987073705 0.0000000000
0.1433912218 0.0000000000
-0.0000000000 0.0000000000
-0.0420856625 0.0000000000
0.0000000000 0.0000000000
0.0000000000 0.0000000000
-0.0000000000 0.0000000000
-0.0000000000 0.0000000000
0.0255055632 0.0000000000
-0.0421835668 0.0000000000
0.0000000000 0.0000000000
0.0198889188 0.0000000000
-0.0000000000 0.0000000000
0.0000000000 0.0000000000
-0.0000000000 0.0000000000
-0.0031575719 0.0000000000
0.0000000000 0.0000000000
0.0000000000 0.0000000000
-0.0000000000 0.0000000000
0.0000000000 0.0000000000
-0.0000000000 0.0000000000
-0.0000000000 0.0000000000
-0.0000000000 0.0000000000
0.0000000000 0.0000000000
0.0000000000 0.0000000000
0.0000000000 0.0000000000
0.0000000000 0.0000000000
0.0000000000 0.0000000000
-0.0000000000 0.0000000000
0.0000000000 0.0000000000
-0.0035443143 0.0000000000
0.0000000000 0.0000000000
0.0000000000 0.0000000000
-0.0000000000 0.0000000000
0.0228900611 0.0000000000
0.0000000000 0.0000000000
-0.0497383811 0.0000000000
0.0306416098 0.0000000000
-0.0000000000 0.0000000000
0.0000000000 0.0000000000
-0.0000000000 0.0000000000
0.0000000000 0.0000000000
-0.0511786491 0.0000000000
-0.0000000000 0.0000000000
0.1777386069 0.0000000000
-0.1251472235 0.0000000000
0.0000000000 0.0000000000
0.0000000000 0.0000000000
-0.1021333560 0.0000000000
0.1375851482 0.0000000000
-0.0000000000 0.0000000000
-0.0371135063 0.0000000000
0.0000000000 0.0000000000
-0.0000000000 0.0000000000
-0.0000000000 0.0000000000
0.0000000000 0.0000000000
0.0000000000 0.0000000000
-0.0000000000 0.0000000000
0.0445129387 0.0000000000
0.0000000000 0.0000000000
-0.1777387857 0.0000000000
0.1433906257 0.0000000000
-0.0000000000 0.0000000000
-0.0000000000 0.0000000000
0.1977140158 0.0000000000
-0.2989536524 0.0000000000
0.0000000000 0.0000000000
0.0908180624 0.0000000000
-0.0000000000 0.0000000000
0.0000000000 0.0000000000
-0.0000000000 0.0000000000
-0.0000000000 0.0000000000
-0.0584224798 0.0000000000
0.0996004865 0.0000000000
-0.0000000000 0.0000000000
-0.0491575077 0.0000000000
0.0000000000 0.0000000000
-0.0000000000 0.0000000000
-0.0000000000 0.0000000000
0.0082362881 0.0000000000
-0.0000000000 0.0000000000
0.0000000000 0.0000000000
-0.0000000000 0.0000000000
0.0000000000 0.0000000000
-0.0000000000 0.0000000000
-0.0000000000 0.0000000000
-0.0000000000 0.0000000000
0.0000000000 0.0000000000
-0.0000000000 0.0000000000
-0.0000000000 0.0000000000
-0.0118692853 0.0000000000
-0.0000000000 0.0000000000
0.0497383922 0.0000000000
-0.0421834476 0.0000000000
0.0000000000 0.0000000000
-0.0000000000 0.0000000000
-0.0636520013 0.0000000000
0.0996003971 0.0000000000
-0.0000000000 0.0000000000
-0.0318291523 0.0000000000
0.0000000000 0.0000000000
-0.0000000000 0.0000000000
-0.0000000000 0.0000000000
-0.0000000000 0.0000000000
0.0308387578 0.0000000000
-0.0550128967 0.0000000000
0.0000000000 0.0000000000
0.0302161630 0.0000000000
-0.0000000000 0.0000000000
0.0000000000 0.0000000000
-0.0000000000 0.0000000000
-0.0058469302 0.0000000000
0.0000000000 0.0000000000
0.0000000000 0.0000000000
-0.0000000000 0.0000000000
0.0000000000 0.0000000000
-0.0000000000 0.0000000000
-0.0000000000 0.0000000000
-0.0000000000 0.0000000000
-0.0000000000 0.0000000000
-0.0051555238 0.0000000000
0.0096681928 0.0000000000
0.0000000000 0.0000000000
-0.0060911467 0.0000000000
0.0000000000 0.0000000000
0.0000000000 0.0000000000
-0.0000000000 0.0000000000
0.0017813875 0.0000000000
0.0000000000 0.0000000000
0.0000000000 0.0000000000
-0.0000000000 0.0000000000
0.0000000000 0.0000000000
-0.0000000000 0.0000000000
-0.0000000000 0.0000000000
-0.0000000000 0.0000000000
-0.0002029101 0.0000000000
0.0000000000 0.0000000000
0.0000000000 0.0000000000
-0.0000000000 0.0000000000
0.0000000000 0.0000000000
-0.0000000000 0.0000000000
-0.0000000000 0.0000000000
-0.0000000000 0.0000000000
0.0000000000 0.0000000000
-0.0000000000 0.0000000000
-0.0000000000 0.0000000000
-0.0000000000 0.0000000000
-0.0000000000 0.0000000000
0.0000000000 0.0000000000
0.0000000000 0.0000000000
-0.0000000000 0.0000000000
0.0000000000 0.0000000000
0.0000000000 0.0000000000
0.0000000000 0.0000000000
0.0000000000 0.0000000000
0.0000000000 0.0000000000
0.0000000000 0.0000000000
-0.0000000000 0.0000000000
0.0008102630 0.0000000000
0.0000000000 0.0000000000
0.0000000000 0.0000000000
0.0000000000 0.0000000000
-0.0053464812 0.0000000000
-0.0000000000 0.0000000000
0.0118693057 0.0000000000
-0.0074365917 0.0000000000
-0.0000000000 0.0000000000
0.0000000000 0.0000000000
0.0000000000 0.0000000000
-0.0000000000 0.0000000000
0.0125934919 0.0000000000
0.0000000000 0.0000000000
-0.0445124544 0.0000000000
0.0319805108 0.0000000000
-0.0000000000 0.0000000000
-0.0000000000 0.0000000000
0.0269709360 0.0000000000
-0.0371137038 0.0000000000
0.0000000000 0.0000000000
0.0101847220 0.0000000000
-0.0000000000 0.0000000000
0.0000000000 0.0000000000
-0.0000000000 0.0000000000
-0.0000000000 0.0000000000
-0.0000000000 0.0000000000
0.0000000000 0.0000000000
-0.0125943199 0.0000000000
-0.0000000000 0.0000000000
0.0511789843 0.0000000000
-0.0420846641 0.0000000000
0.0000000000 0.0000000000
0.0000000000 0.0000000000
-0.0592980720 0.0000000000
0.0908180326 0.0000000000
-0.0000000000 0.0000000000
-0.0279242713 0.0000000000
0.0000000000 0.0000000000
-0.0000000000 0.0000000000
0.0000000000 0.0000000000
0.0000000000 0.0000000000
0.0184280071 0.0000000000
-0.0318295062 0.0000000000
0.0000000000 0.0000000000
0.0160833877 0.0000000000
-0.0000000000 0.0000000000
0.0000000000 0.0000000000
0.0000000000 0.0000000000
-0.0027775813 0.0000000000
0.0000000000 0.0000000000
-0.0000000000 0.0000000000
0.0000000000 0.0000000000
-0.0000000000 0.0000000000
0.0000000000 0.0000000000
0.0000000000 0.0000000000
0.0000000000 0.0000000000
0.0000000000 0.0000000000
-0.0000000000 0.0000000000
-0.0000000000 0.0000000000
0.0053477981 0.0000000000
-0.0000000000 0.0000000000
-0.0228905845 0.0000000000
0.0198877379 0.0000000000
0.0000000000 0.0000000000
-0.0000000000 0.0000000000
0.0308846552 0.0000000000
-0.0491576940 0.0000000000
0.0000000000 0.0000000000
0.0160854682 0.0000000000
-0.0000000000 0.0000000000
0.0000000000 0.0000000000
-0.0000000000 0.0000000000
-0.0000000000 0.0000000000
-0.0166370962 0.0000000000
0.0302160718 0.0000000000
-0.0000000000 0.0000000000
-0.0171996299 0.0000000000
0.0000000000 0.0000000000
-0.0000000000 0.0000000000
-0.0000000000 0.0000000000
0.0034632746 0.0000000000
-0.0000000000 0.0000000000
0.0000000000 0.0000000000
-0.0000000000 0.0000000000
0.0000000000 0.0000000000
-0.0000000000 0.0000000000
-0.0000000000 0.0000000000
-0.0000000000 0.0000000000
-0.0000000000 0.0000000000
0.0031955664 0.0000000000
-0.0060909488 0.0000000000
0.0000000000 0.0000000000
0.0039678179 0.0000000000
-0.0000000000 0.0000000000
0.0000000000 0.0000000000
-0.0000000000 0.0000000000
-0.0012220030 0.0000000000
0.0000000000 0.0000000000
0.0000000000 0.0000000000
-0.0000000000 0.0000000000
0.0000000000 0.0000000000
-0.0000000000 0.0000000000
-0.0000000000 0.0000000000
-0.0000000000 0.0000000000
0.0001495675 0.0000000000
0.0000000000 0.0000000000
0.0000000000 0.0000000000
-0.0000000000 0.0000000000
0.0000000000 0.0000000000
-0.0000000000 0.0000000000
-0.0000000000 0.0000000000
-0.0000000000 0.0000000000
0.0000000000 0.0000000000
-0.0000000000 0.0000000000
-0.0000000000 0.0000000000
-0.0000000000 0.0000000000
-0.0000000000 0.0000000000
0.0000000000 0.0000000000
0.0000000000 0.0000000000
-0.0000000000 0.0000000000
-0.0000000000 0.0000000000
0.0000000000 0.0000000000
0.0000000000 0.0000000000
-0.0008107521 0.0000000000
0.0000000000 0.0000000000
0.0035444866 0.0000000000
-0.0031572552 0.0000000000
-0.0000000000 0.0000000000
0.0000000000 0.0000000000
-0.0050803442 0.0000000000
0.0082364352 0.0000000000
-0.0000000000 0.0000000000
-0.0027786335 0.0000000000
-0.0000000000 0.0000000000
-0.0000000000 0.0000000000
0.0000000000 0.0000000000
0.0000000000 0.0000000000
0.0031571134 0.0000000000
-0.0058468659 0.0000000000
-0.0000000000 0.0000000000
0.0034634627 0.0000000000
-0.0000000000 0.0000000000
0.0000000000 0.0000000000
0.0000000000 0.0000000000
-0.0007276469 0.0000000000
-0.0000000000 0.0000000000
-0.0000000000 0.0000000000
0.0000000000 0.0000000000
-0.0000000000 0.0000000000
0.0000000000 0.0000000000
0.0000000000 0.0000000000
0.0000000000 0.0000000000
0.0000000000 0.0000000000
-0.0009101664 0.0000000000
0.0017814032 0.0000000000
-0.0000000000 0.0000000000
-0.0012212516 0.0000000000
-0.0000000000 0.0000000000
-0.0000000000 0.0000000000
0.0000000000 0.0000000000
0.0004038910 0.0000000000
-0.0000000000 0.0000000000
-0.0000000000 0.0000000000
0.0000000000 0.0000000000
-0.0000000000 0.0000000000
0.0000000000 0.0000000000
0.0000000000 0.0000000000
0.0000000000 0.0000000000
-0.0000538763 0.0000000000
-0.0000000000 0.0000000000
-0.0000000000 0.0000000000
0.0000000000 0.0000000000
-0.0000000000 0.0000000000
0.0000000000 0.0000000000
0.0000000000 0.0000000000
0.0000000000 0.0000000000
-0.0000000000 0.0000000000
0.0000000000 0.0000000000
0.0000000000 0.0000000000
0.0000000000 0.0000000000
0.0000000000 0.0000000000
-0.0000000000 0.0000000000
-0.0000000000 0.0000000000
0.0000000000 0.0000000000
-0.0000000000 0.0000000000
0.0000996624 0.0000000000
-0.0002029649 0.0000000000
0.0000000000 0.0000000000
0.0001491910 0.0000000000
0.0000000000 0.0000000000
0.0000000000 0.0000000000
-0.0000000000 0.0000000000
-0.0000537015 0.0000000000
0.0000000000 0.0000000000
0.0000000000 0.0000000000
-0.0000000000 0.0000000000
0.0000000000 0.0000000000
-0.0000000000 0.0000000000
-0.0000000000 0.0000000000
-0.0000000000 0.0000000000
0.0000078130 0.0000000000
0.0000000000 0.0000000000
0.0000000000 0.0000000000
-0.0000000000 0.0000000000
0.0000000000 0.0000000000
-0.0000000000 0.0000000000
0.0000000000 0.0000000000
-0.0000000000 0.0000000000
0.0000000000 0.0000000000
-0.0000000000 0.0000000000
-0.0000000000 0.0000000000
-0.0000000000 0.0000000000
-0.0000000000 0.0000000000
-0.0000000000 0.0000000000
0.0000000000 0.0000000000
-0.0000000000 0.0000000000
0.0000000000 0.0000000000
-0.0000000000 0.0000000000
0.0000000000 0.0000000000
-0.0000000000 0.0000000000
0.0000000000 0.0000000000
-0.0000000000 0.0000000000
0.0000000000 0.0000000000
0.0000000000 0.0000000000
-0.0000000000 0.0000000000
-0.0000000000 0.0000000000
0.0000000000 0.0000000000
-0.0000000000 0.0000000000
0.0000000000 0.0000000000
-0.0000000000 0.0000000000
0.0000000000 0.0000000000
0.0000000000 0.0000000000
0.0000000000 0.0000000000
-0.0000000000 0.0000000000
0.0000000000 0.0000000000
0.0000000000 0.0000000000
0.0000000000 0.0000000000
-0.0000000000 0.0000000000
0.0000000000 0.0000000000
-0.0000000000 0.0000000000
-0.0000000000 0.0000000000
-0.0000000000 0.0000000000
0.0000000000 0.0000000000
0.0000000000 0.0000000000
0.0000000000 0.0000000000
0.0000000000 0.0000000000
-0.0000000000 0.0000000000
-0.0000000000 0.0000000000
