k Values: 1 2 4 8 16 
Epoch & Fidelity & KL & Runtime 
1 0.626974 0.803573 1.077046
2 0.806507 0.376321 2.14341
3 0.889272 0.209436 3.204469
4 0.92867 0.135492 4.268896
5 0.952178 0.092882 5.329651
6 0.963091 0.073368 6.390197
7 0.97214 0.057613 7.452341
8 0.975669 0.051729 8.51214
9 0.978788 0.046577 9.572285
10 0.980577 0.043557 10.635794
11 0.980835 0.043158 11.695666
12 0.981513 0.042189 12.755013
13 0.982092 0.041099 13.830073
14 0.982184 0.04107 14.892234
15 0.98447 0.037031 15.952012
16 0.983891 0.037977 17.010879
17 0.984674 0.036552 18.070385
18 0.985388 0.035473 19.13404
19 0.985553 0.035281 20.194226
20 0.985479 0.035343 21.25447
21 0.986065 0.034373 22.312623
22 0.985758 0.03514 23.374501
23 0.986038 0.034557 24.435912
24 0.986306 0.033987 25.495295
25 0.986183 0.034132 26.554088
26 0.985767 0.034918 27.613737
27 0.986087 0.034413 28.696789
28 0.985956 0.034782 29.753296
29 0.986421 0.033936 30.810443
30 0.986297 0.034168 31.86913
31 0.985678 0.035248 32.930275
32 0.986067 0.03434 33.993716
33 0.985817 0.034885 35.053167
34 0.986377 0.034009 36.116616
35 0.986259 0.034272 37.179566
36 0.986636 0.033444 38.239478
37 0.986411 0.033927 39.302268
38 0.98643 0.033965 40.362411
39 0.986169 0.034489 41.423995
40 0.986335 0.034081 42.483167
41 0.986811 0.033238 43.604208
42 0.986596 0.033739 44.668222
43 0.986215 0.034329 45.730445
44 0.986675 0.033414 46.794492
45 0.986132 0.034571 47.857124
46 0.986969 0.032987 48.922145
47 0.986949 0.032776 49.98845
48 0.987374 0.031963 51.050298
49 0.986763 0.033131 52.112387
50 0.987437 0.032038 53.174277
51 0.986959 0.032851 54.235938
52 0.986573 0.033501 55.300589
53 0.986345 0.034004 56.362388
54 0.986446 0.033785 57.422451
55 0.986341 0.0341 58.526871
56 0.987369 0.032154 59.586029
57 0.987434 0.032069 60.647465
58 0.988024 0.030939 61.706733
59 0.988241 0.030609 62.765922
60 0.987815 0.031293 63.827108
61 0.987545 0.031705 64.887191
62 0.988144 0.0306 65.950542
63 0.988414 0.030185 67.011462
64 0.988494 0.030104 68.073229
65 0.988151 0.030849 69.134644
66 0.988073 0.031034 70.198405
67 0.98799 0.031096 71.258706
68 0.987735 0.031595 72.319743
69 0.988096 0.030826 73.436589
70 0.988166 0.030763 74.497174
71 0.98859 0.029975 75.560562
72 0.988876 0.029431 76.62095
73 0.988743 0.029621 77.682025
74 0.988283 0.030527 78.744158
75 0.988271 0.030507 79.805521
76 0.9877 0.031519 80.869023
77 0.988126 0.030702 81.929561
78 0.988451 0.029981 82.992383
79 0.989102 0.02885 84.053949
80 0.988752 0.029508 85.114324
81 0.98863 0.029817 86.178447
82 0.988696 0.029668 87.240334
83 0.988258 0.030503 88.366914
84 0.987976 0.030808 89.429334
85 0.988911 0.029241 90.493636
86 0.988622 0.029836 91.557053
87 0.988685 0.029653 92.615575
88 0.988777 0.029507 93.674605
89 0.988264 0.030519 94.735847
90 0.988849 0.029322 95.799139
91 0.988987 0.029132 96.864561
92 0.989237 0.028687 97.927834
93 0.989032 0.029089 98.99106
94 0.989407 0.02836 100.052317
95 0.98946 0.028255 101.11273
96 0.989076 0.029108 102.175458
97 0.989229 0.028808 103.237763
98 0.989508 0.02816 104.375947
99 0.988645 0.029896 105.443926
100 0.988605 0.029901 106.505544
101 0.988776 0.029779 107.56962
102 0.989326 0.02879 108.630489
103 0.988495 0.030191 109.691788
104 0.988921 0.029538 110.753803
105 0.988867 0.02959 111.818115
106 0.989229 0.02899 112.882974
107 0.989113 0.029296 113.943259
108 0.989645 0.028285 115.018378
109 0.98886 0.029722 116.082598
110 0.989402 0.028607 117.149568
111 0.988987 0.029352 118.21434
112 0.988849 0.029672 119.359583
113 0.989311 0.028753 120.42168
114 0.988965 0.0293 121.482432
115 0.989538 0.028327 122.545539
116 0.988226 0.03088 123.606476
117 0.988945 0.029493 124.666198
118 0.988845 0.029641 125.728225
119 0.989224 0.028969 126.791337
120 0.9895 0.028467 127.855022
121 0.990002 0.027533 128.915271
122 0.989797 0.027903 129.976079
123 0.990264 0.027007 131.038012
124 0.990304 0.026952 132.099213
125 0.988459 0.03046 133.163158
126 0.988546 0.030221 134.320624
127 0.989643 0.028076 135.384545
128 0.98972 0.027963 136.446416
129 0.988506 0.030228 137.509517
130 0.989235 0.0288 138.57193
131 0.989265 0.028776 139.633716
132 0.989688 0.028063 140.696256
133 0.990045 0.027433 141.758122
134 0.989442 0.028678 142.822922
135 0.989967 0.027493 143.889127
136 0.990256 0.026917 144.951288
137 0.989953 0.027561 146.013121
138 0.989596 0.028156 147.076174
139 0.990471 0.026582 148.24502
140 0.990424 0.026778 149.412542
141 0.990301 0.026978 150.476408
142 0.989979 0.027722 151.541441
143 0.989642 0.028359 152.603381
144 0.990628 0.02636 153.66406
145 0.990406 0.02682 154.727194
146 0.989985 0.02767 155.791247
147 0.99018 0.027278 156.85227
148 0.990303 0.026919 157.91522
149 0.989957 0.027659 158.978111
150 0.990297 0.026946 160.039044
151 0.989622 0.028113 161.098681
152 0.990226 0.027116 162.160112
153 0.990112 0.027377 163.225089
154 0.989991 0.027599 164.404959
155 0.990149 0.027361 165.470874
156 0.990841 0.026092 166.534251
157 0.990302 0.02703 167.597557
158 0.990694 0.026348 168.659338
159 0.990634 0.02638 169.728023
160 0.990572 0.026357 170.790447
161 0.990265 0.026963 171.85326
162 0.990705 0.026185 172.917757
163 0.990767 0.02601 173.979916
164 0.990921 0.025808 175.046839
165 0.991371 0.024949 176.109943
166 0.991305 0.025072 177.171741
167 0.991014 0.025742 178.235285
168 0.990882 0.025953 179.419216
169 0.990404 0.026846 180.484213
170 0.99033 0.027079 181.546443
171 0.990193 0.02736 182.608195
172 0.990325 0.027033 183.66931
173 0.99069 0.026289 184.730846
174 0.990204 0.027335 185.795076
175 0.990416 0.026958 186.8557
176 0.990809 0.026133 187.917199
177 0.990699 0.026226 188.975957
178 0.990317 0.026989 190.035585
179 0.990764 0.02601 191.098063
180 0.990069 0.027384 192.169545
181 0.990028 0.027509 193.232889
182 0.990164 0.027226 194.426525
183 0.98999 0.027587 195.488717
184 0.98968 0.028212 196.552011
185 0.990245 0.027302 197.614839
186 0.989999 0.027857 198.676277
187 0.989428 0.02872 199.740982
188 0.990401 0.026871 200.80576
189 0.989698 0.028222 201.867437
190 0.990389 0.026743 202.931155
191 0.990313 0.026886 203.991961
192 0.990396 0.026764 205.054093
193 0.990257 0.02685 206.118128
194 0.990988 0.025644 207.180609
195 0.991501 0.024677 208.243076
196 0.991199 0.025409 209.449301
197 0.990663 0.026391 210.511178
198 0.990401 0.026996 211.576586
199 0.990324 0.027103 212.638285
200 0.990314 0.026991 213.69918
201 0.990403 0.026948 214.760519
202 0.990285 0.027227 215.82233
203 0.990299 0.027128 216.886348
204 0.990272 0.027116 217.948314
205 0.990747 0.026252 219.008211
206 0.990602 0.026559 220.070497
207 0.990781 0.02622 221.129589
208 0.990458 0.026934 222.191062
209 0.990662 0.026405 223.25387
210 0.990164 0.027312 224.469462
211 0.9908 0.026019 225.531351
212 0.990398 0.02675 226.593135
213 0.990372 0.026942 227.656724
214 0.991429 0.025 228.722221
215 0.991148 0.02553 229.785063
216 0.990649 0.026513 230.846797
217 0.990418 0.026885 231.910068
218 0.990209 0.027279 232.977036
219 0.989457 0.02886 234.038534
220 0.989871 0.027834 235.100901
221 0.989623 0.028419 236.161952
222 0.989643 0.028319 237.22366
223 0.989752 0.028119 238.446364
224 0.98958 0.028454 239.507925
225 0.990266 0.027086 240.569721
226 0.990066 0.027394 241.630685
227 0.990206 0.02731 242.693441
228 0.990181 0.027404 243.757578
229 0.990446 0.026834 244.818482
230 0.990211 0.027335 245.879444
231 0.990416 0.026916 246.942184
232 0.989609 0.028595 248.005813
233 0.989743 0.028345 249.066852
234 0.990769 0.02636 250.126851
235 0.990432 0.026964 251.186207
236 0.990749 0.026354 252.244772
237 0.990647 0.02651 253.468915
238 0.990831 0.026134 254.529343
239 0.990614 0.026503 255.59155
240 0.990011 0.027749 256.651799
241 0.990625 0.026674 257.714305
242 0.99068 0.026505 258.778367
243 0.990867 0.026136 259.839482
244 0.990708 0.026346 260.900379
245 0.990444 0.026943 261.961571
246 0.990441 0.026911 263.022529
247 0.990232 0.027409 264.102247
248 0.990661 0.026633 265.164721
249 0.990548 0.026787 266.227757
250 0.99074 0.02621 267.288353
251 0.990076 0.027403 268.52353
252 0.989981 0.027468 269.587755
253 0.990274 0.026951 270.648543
254 0.989745 0.028126 271.712116
255 0.99088 0.026084 272.773392
256 0.991118 0.025566 273.834808
257 0.99048 0.026876 274.899017
258 0.989882 0.027931 275.960346
259 0.990669 0.026478 277.023488
260 0.990998 0.025791 278.086528
261 0.990323 0.027205 279.1486
262 0.99017 0.027524 280.2125
263 0.990075 0.0277 281.273215
264 0.990086 0.027603 282.332991
265 0.990148 0.027439 283.570498
266 0.989375 0.028858 284.628824
267 0.989704 0.028249 285.694573
268 0.989977 0.027807 286.758098
269 0.99041 0.026931 287.819428
270 0.990634 0.026463 289.068595
271 0.990063 0.02762 290.132164
272 0.99049 0.026808 291.194231
273 0.990321 0.027129 292.25602
274 0.990314 0.027095 293.316957
275 0.989915 0.027808 294.379388
276 0.990198 0.027301 295.443952
277 0.990245 0.027186 296.50637
278 0.990678 0.026365 297.567782
279 0.990971 0.02585 298.818734
280 0.990706 0.026385 299.880984
281 0.990491 0.026832 300.946539

Epoch & Fidelity & KL & Runtime 
1 0.663244 0.719988 1.104028
2 0.828748 0.334687 2.208668
3 0.907052 0.177962 3.312884
4 0.945939 0.105178 4.417958
5 0.964574 0.071533 5.526473
6 0.97417 0.054562 6.632104
7 0.978431 0.047059 7.737709
8 0.981857 0.041195 8.844485
9 0.982621 0.039954 9.951132
10 0.983159 0.039134 11.0567
11 0.984048 0.037705 12.162818
12 0.984769 0.036449 13.458694
13 0.98533 0.035688 14.563114
14 0.986305 0.033792 15.668076
15 0.986841 0.032716 16.771462
16 0.986499 0.033277 17.87724
17 0.986888 0.032737 18.980962
18 0.987159 0.032306 20.086294
19 0.987035 0.032594 21.193655
20 0.98674 0.033311 22.298588
21 0.986437 0.033864 23.405891
22 0.987267 0.032273 24.511469
23 0.986497 0.033822 25.619285
24 0.987063 0.032566 26.726536
25 0.987393 0.032016 28.034321
26 0.9879 0.031012 29.139994
27 0.987493 0.031876 30.245205
28 0.987576 0.031665 31.352977
29 0.987865 0.031179 32.458626
30 0.987782 0.031332 33.578274
31 0.98742 0.032036 34.684426
32 0.987978 0.030988 35.791002
33 0.988003 0.030908 36.900355
34 0.987641 0.031567 38.007044
35 0.987887 0.031145 39.113855
36 0.98776 0.031536 40.220149
37 0.98767 0.03178 41.326283
38 0.987944 0.031168 42.644333
39 0.987521 0.031856 43.746628
40 0.987224 0.032348 44.850448
41 0.987383 0.032135 45.953776
42 0.98856 0.029928 47.060115
43 0.988306 0.030449 48.168691
44 0.988154 0.030707 49.276943
45 0.987737 0.031608 50.382756
46 0.987904 0.031297 51.48749
47 0.988517 0.029962 52.595842
48 0.988167 0.030607 53.701304
49 0.988703 0.029605 54.806751
50 0.989599 0.02794 55.912136
51 0.98953 0.028139 57.020509
52 0.989239 0.028796 58.348803
53 0.9895 0.028236 59.456939
54 0.989518 0.028181 60.56408
55 0.989622 0.027971 61.671631
56 0.989686 0.027769 62.780263
57 0.989601 0.027807 63.889001
58 0.989803 0.027473 64.995788
59 0.990005 0.027133 66.103183
60 0.989701 0.027838 67.210458
61 0.989364 0.028493 68.320145
62 0.989643 0.027821 69.426869
63 0.988817 0.029468 70.531327
64 0.988851 0.029272 71.637796
65 0.989588 0.027868 72.967635
66 0.989387 0.028222 74.074987
67 0.989601 0.027858 75.17921
68 0.988821 0.029314 76.283329
69 0.989604 0.027999 77.386331
70 0.98961 0.027998 78.491654
71 0.989566 0.028104 79.600301
72 0.989786 0.027622 80.707007
73 0.990023 0.027221 81.813164
74 0.990173 0.026984 82.918451
75 0.990384 0.026673 84.026369
76 0.990205 0.027086 85.131814
77 0.990267 0.027065 86.238599
78 0.990646 0.02629 87.575705
79 0.99034 0.026852 88.682834
80 0.990377 0.026673 89.791945
81 0.99043 0.02648 90.899633
82 0.990174 0.027004 92.00755
83 0.990186 0.026843 93.115661
84 0.989486 0.028215 94.223174
85 0.989721 0.027794 95.33319
86 0.989808 0.02759 96.442167
87 0.990414 0.026613 97.551472
88 0.990604 0.026374 98.659698
89 0.990331 0.026864 99.76689
90 0.990233 0.026957 100.875738
91 0.990289 0.026906 101.981933
92 0.990353 0.026793 103.327353
93 0.990008 0.027422 104.434038
94 0.9899 0.027672 105.545594
95 0.990051 0.027321 106.651402
96 0.990669 0.026074 107.755105
97 0.990148 0.027083 108.857889
98 0.990556 0.026207 109.963792
99 0.990274 0.026732 111.071678
100 0.99024 0.026856 112.177479
101 0.990184 0.026896 113.283126
102 0.99079 0.025975 114.402934
103 0.990746 0.025939 115.512733
104 0.990793 0.025912 116.621925
105 0.990874 0.025715 117.976522
106 0.991188 0.02517 119.085093
107 0.991036 0.025317 120.193284
108 0.99093 0.025584 121.303922
109 0.990655 0.026202 122.410118
110 0.989852 0.027664 123.51475
111 0.989389 0.028648 124.621772
112 0.990008 0.027569 125.726462
113 0.990644 0.026375 126.832458
114 0.990361 0.026858 127.938387
115 0.990533 0.026548 129.044147
116 0.991079 0.025455 130.148791
117 0.991136 0.025334 131.256173
118 0.990251 0.027081 132.613295
119 0.990347 0.026764 133.718363
120 0.991133 0.025272 134.825535
121 0.99123 0.025152 135.932778
122 0.991632 0.024371 137.040668
123 0.991507 0.02463 138.14971
124 0.990919 0.025806 139.259687
125 0.990587 0.026474 140.371163
126 0.990361 0.026893 141.478083
127 0.990561 0.0264 142.589188
128 0.990722 0.026124 143.69784
129 0.990684 0.026146 144.806054
130 0.991219 0.025206 145.911137
131 0.9906 0.026439 147.279732
132 0.990965 0.025624 148.649113
133 0.990996 0.025605 149.756058
134 0.990494 0.026585 150.862128
135 0.990717 0.026175 151.968082
136 0.990352 0.02692 153.07641
137 0.990886 0.025868 154.181986
138 0.990934 0.025869 155.288666
139 0.990539 0.026548 156.396664
140 0.99052 0.026658 157.503409
141 0.990872 0.025989 158.612641
142 0.990981 0.025822 159.718707
143 0.990514 0.026771 160.827786
144 0.990945 0.025914 161.937298
145 0.990584 0.026567 163.315963
146 0.990917 0.025863 164.421448
147 0.990998 0.025652 165.526799
148 0.99116 0.025289 166.631932
149 0.991214 0.025183 167.736083
150 0.990947 0.025729 168.842721
151 0.990755 0.026112 169.947781
152 0.991052 0.025367 171.053711
153 0.990966 0.025595 172.157063
154 0.990421 0.026584 173.26228
155 0.990743 0.026021 174.370697
156 0.990957 0.025652 175.475506
157 0.991097 0.025458 176.579705
158 0.991459 0.024795 177.959122
159 0.991199 0.025293 179.068835
160 0.990846 0.02594 180.179793
161 0.989884 0.027804 181.285576
162 0.990741 0.026242 182.390253
163 0.990836 0.025954 183.495093
164 0.990984 0.0256 184.603396
165 0.991313 0.025064 185.709344
166 0.990306 0.02704 186.815185
167 0.990404 0.026817 187.922573
168 0.991045 0.025589 189.027651
169 0.990566 0.026538 190.149714
170 0.990868 0.026023 191.254281
171 0.990871 0.025933 192.639851
172 0.991122 0.025477 193.747858
173 0.990984 0.025657 194.853809
174 0.990992 0.025699 195.96162
175 0.991104 0.025603 197.067359
176 0.991053 0.025659 198.174545
177 0.990955 0.025684 199.279624
178 0.990739 0.026138 200.385198
179 0.990579 0.026605 201.489354
180 0.990495 0.026794 202.591505
181 0.989937 0.027867 203.696935
182 0.990163 0.02755 204.80423
183 0.989994 0.02791 205.911978
184 0.989215 0.029293 207.01633
185 0.989177 0.029274 208.411878
186 0.990286 0.027114 209.520678
187 0.990404 0.026927 210.627195
188 0.99059 0.026584 211.734805
189 0.990793 0.026138 212.841531
190 0.990999 0.025748 213.946444
191 0.991205 0.025316 215.052428
192 0.99107 0.025627 216.160212
193 0.990838 0.025887 217.266515
194 0.990777 0.026159 218.373399
195 0.990904 0.025874 219.478647
196 0.990957 0.025802 220.584597
197 0.990433 0.026921 221.694011
198 0.991019 0.025752 223.096025
199 0.990349 0.027094 224.201997
200 0.990934 0.025947 225.308425
201 0.990276 0.027073 226.415559
202 0.989849 0.027792 227.522896
203 0.989577 0.028312 228.626983
204 0.989878 0.027703 229.730632
205 0.990273 0.027054 230.834953
206 0.990118 0.027318 231.941654
207 0.990764 0.026167 233.047356
208 0.990878 0.025953 234.153992
209 0.99126 0.02518 235.261001
210 0.990757 0.026128 236.367959
211 0.990225 0.027167 237.779139
212 0.990089 0.027445 238.884905
213 0.989903 0.027894 239.991873
214 0.989734 0.02818 241.096859
215 0.990868 0.026091 242.203564
216 0.990352 0.027068 243.313736
217 0.990133 0.027549 244.420807
218 0.989869 0.028145 245.527404
219 0.989856 0.0282 246.633044
220 0.990052 0.027727 247.740955
221 0.990325 0.027143 248.846761
222 0.990744 0.026269 249.952077
223 0.990429 0.026793 251.058949
224 0.990003 0.027508 252.165984
225 0.990153 0.027265 253.58647
226 0.991164 0.025478 254.693452
227 0.990331 0.027114 255.798819
228 0.990027 0.027681 256.903094
229 0.990882 0.026153 258.010538
230 0.990527 0.026845 259.119463
231 0.990889 0.026115 260.22773
232 0.991187 0.025489 261.332988
233 0.991374 0.025171 262.440938
234 0.990768 0.026362 263.546025
235 0.990915 0.026075 264.657082
236 0.990383 0.027057 265.76217
237 0.990734 0.02631 266.866349
238 0.990415 0.026897 268.279055
239 0.990057 0.027524 269.385875
240 0.990849 0.026005 270.489923
241 0.990952 0.025849 271.608654
242 0.991502 0.024825 272.714293
243 0.990899 0.026071 273.818559
244 0.990692 0.026549 274.925933
245 0.990377 0.027243 276.032223
246 0.99045 0.026979 277.136214
247 0.990038 0.027655 278.240129
248 0.990458 0.026995 279.347319
249 0.990953 0.025959 280.455893
250 0.99088 0.026014 281.563392
251 0.990903 0.025934 282.993779
252 0.99077 0.026302 284.098351
253 0.990855 0.02621 285.205583
254 0.990937 0.026108 286.310469
255 0.990673 0.026525 287.415043
256 0.990618 0.026554 288.521791
257 0.990223 0.027379 289.954716
258 0.990324 0.027258 291.062978
259 0.989863 0.028166 292.170563
260 0.990183 0.027538 293.276171
261 0.990075 0.027712 294.384107
262 0.990232 0.027402 295.490406
263 0.990292 0.027277 296.596954
264 0.99012 0.027637 298.024082
265 0.989878 0.028201 299.127492
266 0.990271 0.027383 300.234647

Epoch & Fidelity & KL & Runtime 
1 0.664437 0.708916 1.192944
2 0.838578 0.310867 2.382669
3 0.914056 0.162912 3.573009
4 0.948801 0.098785 4.763555
5 0.966663 0.066891 5.955748
6 0.974313 0.053555 7.149542
7 0.979871 0.043997 8.338562
8 0.981828 0.040609 9.5272
9 0.982321 0.039912 10.717765
10 0.984096 0.037067 11.909711
11 0.984621 0.036264 13.439874
12 0.985362 0.034935 14.627764
13 0.985894 0.034003 15.815293
14 0.985556 0.034647 17.00358
15 0.98581 0.034268 18.192697
16 0.985774 0.034389 19.379732
17 0.986269 0.033673 20.565274
18 0.985868 0.034326 21.750586
19 0.985577 0.034744 22.942539
20 0.986378 0.033414 24.129767
21 0.985548 0.034827 25.319242
22 0.984535 0.03673 26.508813
23 0.98554 0.035225 28.044513
24 0.98677 0.032892 29.237057
25 0.986784 0.03286 30.421435
26 0.98685 0.032769 31.60564
27 0.986412 0.033709 32.792915
28 0.987214 0.032097 33.980413
29 0.987805 0.031029 35.170913
30 0.988055 0.030591 36.360714
31 0.988109 0.030447 37.550834
32 0.988131 0.030508 38.743734
33 0.988158 0.030412 39.933741
34 0.988187 0.030318 41.126108
35 0.988333 0.030294 42.666294
36 0.98853 0.029761 43.856271
37 0.988128 0.03059 45.0446
38 0.98758 0.031569 46.230094
39 0.987565 0.031595 47.432177
40 0.987937 0.030817 48.630521
41 0.988193 0.03022 49.820692
42 0.987186 0.032282 51.008715
43 0.987637 0.031415 52.200258
44 0.987659 0.031164 53.388468
45 0.987579 0.031476 54.580435
46 0.987888 0.03089 55.768461
47 0.988418 0.029887 56.957446
48 0.987935 0.030682 58.506231
49 0.988617 0.029539 59.696851
50 0.988745 0.029271 60.88615
51 0.988603 0.029629 62.076447
52 0.98904 0.028885 63.267658
53 0.988941 0.029102 64.456647
54 0.988987 0.028991 65.645193
55 0.988943 0.028994 66.832482
56 0.988823 0.029245 68.020295
57 0.989051 0.02899 69.209849
58 0.988126 0.030685 70.40082
59 0.988458 0.029864 71.5896
60 0.988533 0.029613 73.140146
61 0.989129 0.028621 74.328354
62 0.989335 0.028331 75.517341
63 0.98996 0.027139 76.708166
64 0.989379 0.028215 77.897232
65 0.989224 0.028465 79.084711
66 0.988979 0.02908 80.270624
67 0.989334 0.028365 81.464971
68 0.988913 0.029103 82.654802
69 0.988668 0.029548 83.841577
70 0.988732 0.029414 85.030492
71 0.989405 0.028014 86.223268
72 0.989371 0.028053 87.781692
73 0.989241 0.02846 88.969741
74 0.989414 0.028121 90.157573
75 0.98898 0.028794 91.719362
76 0.988922 0.028995 92.908824
77 0.988939 0.028978 94.098953
78 0.989837 0.027415 95.291344
79 0.989801 0.027461 96.482782
80 0.990112 0.02695 97.672113
81 0.98993 0.027258 98.858516
82 0.989979 0.027173 100.04544
83 0.989658 0.027788 101.233254
84 0.990024 0.02696 102.797088
85 0.990128 0.026821 103.986339
86 0.990287 0.026427 105.176787
87 0.989588 0.027789 106.365018
88 0.989461 0.028043 107.557898
89 0.989609 0.027661 108.747631
90 0.989944 0.027126 109.935223
91 0.99033 0.026509 111.125424
92 0.989454 0.028198 112.314267
93 0.990705 0.025877 113.50439
94 0.990312 0.026547 114.695791
95 0.989956 0.027226 115.884247
96 0.989539 0.028064 117.451606
97 0.990382 0.026581 118.64374
98 0.991003 0.025418 119.83118
99 0.991069 0.025379 121.023309
100 0.991237 0.02506 122.218288
101 0.991137 0.025212 123.410681
102 0.990616 0.026187 124.600227
103 0.990315 0.026771 125.786322
104 0.990683 0.025968 126.97438
105 0.989949 0.027324 128.163859
106 0.990444 0.026349 129.368921
107 0.989881 0.027327 130.553736
108 0.99033 0.026595 131.739497
109 0.990617 0.026131 133.305613
110 0.990313 0.026784 134.498343
111 0.990019 0.027296 135.688499
112 0.990073 0.027096 136.879261
113 0.990582 0.026111 138.068797
114 0.990363 0.026663 139.257654
115 0.990362 0.026635 140.452214
116 0.99091 0.025672 141.642654
117 0.990503 0.026352 142.834848
118 0.990714 0.025926 144.02248
119 0.991191 0.02512 145.215897
120 0.99106 0.025316 146.798728
121 0.991391 0.02477 148.383276
122 0.991124 0.02521 149.572927
123 0.991338 0.02471 150.761972
124 0.991799 0.023871 151.952553
125 0.991792 0.02397 153.140944
126 0.991499 0.024591 154.330267
127 0.991176 0.025237 155.519215
128 0.990756 0.02603 156.709336
129 0.991108 0.025205 157.897295
130 0.991251 0.024933 159.086783
131 0.991039 0.025303 160.275047
132 0.990658 0.025955 161.466974
133 0.991093 0.025188 163.045114
134 0.991869 0.023725 164.235374
135 0.99135 0.024786 165.42334
136 0.991042 0.025371 166.618811
137 0.991271 0.024964 167.809397
138 0.991776 0.024026 168.998456
139 0.992074 0.023545 170.186982
140 0.991663 0.02438 171.375404
141 0.991755 0.024179 172.567374
142 0.991932 0.023866 173.756708
143 0.992161 0.023349 174.945996
144 0.991643 0.024136 176.134675
145 0.991293 0.024936 177.730653
146 0.991096 0.025229 178.920295
147 0.991382 0.024748 180.10866
148 0.991208 0.025153 181.298614
149 0.991574 0.024393 182.487756
150 0.991874 0.023793 183.676709
151 0.991716 0.024077 184.861482
152 0.991971 0.023649 186.048421
153 0.992042 0.02352 187.236637
154 0.991656 0.024347 188.430389
155 0.992158 0.023392 189.621142
156 0.992006 0.023677 190.806992
157 0.991999 0.023708 191.993282
158 0.991355 0.024824 193.587621
159 0.991345 0.024856 194.777316
160 0.991811 0.023936 195.964823
161 0.99143 0.024702 197.155458
162 0.991139 0.02535 198.344864
163 0.991 0.025547 199.538337
164 0.99114 0.025281 200.728729
165 0.99174 0.024197 201.918757
166 0.99194 0.023775 203.109288
167 0.99188 0.023932 204.299085
168 0.992041 0.023672 205.486616
169 0.991458 0.024748 206.675813
170 0.991501 0.024558 208.283704
171 0.99158 0.024427 209.475409
172 0.991438 0.024684 210.668036
173 0.99192 0.02384 211.858297
174 0.991466 0.024729 213.045335
175 0.991333 0.024898 214.233809
176 0.991207 0.025053 215.423413
177 0.991268 0.024948 216.609823
178 0.991039 0.025343 217.811769
179 0.991841 0.02392 218.998758
180 0.991544 0.024514 220.188478
181 0.991125 0.025288 221.37392
182 0.991528 0.024421 222.977475
183 0.990888 0.025772 224.168
184 0.991361 0.024872 225.360083
185 0.992124 0.023395 226.553195
186 0.992392 0.022922 227.741382
187 0.991649 0.024261 228.930316
188 0.991998 0.023574 230.11887
189 0.991272 0.025035 231.308891
190 0.991344 0.024863 232.49974
191 0.991793 0.024152 233.688656
192 0.991552 0.024516 234.874725
193 0.992047 0.023552 236.067115
194 0.992157 0.023345 237.683256
195 0.991863 0.023762 238.87175
196 0.991987 0.023632 240.064504
197 0.991419 0.02482 241.255959
198 0.991266 0.025133 242.44795
199 0.991665 0.024359 243.639693
200 0.992195 0.023377 244.828477
201 0.992119 0.02355 246.016577
202 0.991191 0.025314 247.209295
203 0.990733 0.026222 248.397658
204 0.991111 0.025426 249.586271
205 0.990959 0.025763 250.774963
206 0.990709 0.026319 251.964842
207 0.990939 0.025887 253.582255
208 0.991715 0.024298 254.767923
209 0.991538 0.024706 255.955932
210 0.992005 0.023952 257.146449
211 0.991302 0.025319 258.337564
212 0.991828 0.024161 259.52973
213 0.992291 0.023301 260.721766
214 0.991551 0.024818 261.909729
215 0.991501 0.024826 263.098482
216 0.991858 0.024022 264.285769
217 0.991723 0.024146 265.472575
218 0.992311 0.02313 266.658379
219 0.992519 0.022849 268.292389
220 0.991926 0.023967 269.483217
221 0.991691 0.024464 270.672158
222 0.992106 0.023661 271.861736
223 0.991987 0.023934 273.048968
224 0.991753 0.024381 274.239372
225 0.991936 0.024008 275.431783
226 0.991785 0.02426 276.621202
227 0.991781 0.024098 277.807305
228 0.991588 0.024478 279.000205
229 0.991396 0.024866 280.187229
230 0.991993 0.023916 281.374144
231 0.991794 0.024224 283.010079
232 0.992012 0.023843 284.203393
233 0.991889 0.024069 285.388878
234 0.991284 0.025182 286.575638
235 0.990548 0.026615 287.761693
236 0.990295 0.027146 288.950557
237 0.991255 0.025241 290.140746
238 0.990781 0.026085 291.783123
239 0.991395 0.024931 292.972006
240 0.990918 0.025936 294.159251
241 0.991702 0.024463 295.345282
242 0.992389 0.022996 296.537342
243 0.992224 0.023508 298.181414
244 0.991924 0.024075 299.370615
245 0.991999 0.023849 300.583905

Epoch & Fidelity & KL & Runtime 
1 0.690034 0.650089 1.36492
2 0.84042 0.309233 2.720073
3 0.910431 0.170562 4.077174
4 0.942757 0.110344 5.426541
5 0.961347 0.07665 6.784184
6 0.970872 0.060089 8.137496
7 0.976785 0.049804 9.493688
8 0.97978 0.044615 10.849111
9 0.982184 0.04036 12.667459
10 0.983104 0.038866 14.023842
11 0.983778 0.037836 15.379784
12 0.984807 0.036233 16.731966
13 0.984845 0.036134 18.08895
14 0.98515 0.035621 19.439383
15 0.98557 0.034966 20.79293
16 0.985674 0.034939 22.152637
17 0.985774 0.03477 23.508641
18 0.986196 0.034027 24.865843
19 0.9859 0.034623 26.217357
20 0.98568 0.035 28.04425
21 0.985484 0.035123 29.398052
22 0.985853 0.034413 30.75115
23 0.985337 0.035455 32.106449
24 0.985366 0.035314 33.461986
25 0.98574 0.034641 34.813541
26 0.985846 0.034493 36.169173
27 0.986054 0.034171 37.526927
28 0.984685 0.036677 38.885963
29 0.985561 0.03516 40.243022
30 0.986006 0.034518 42.069811
31 0.98667 0.033199 43.427458
32 0.987291 0.032064 44.780933
33 0.987208 0.032171 46.134686
34 0.987913 0.03077 47.485308
35 0.9871 0.032332 48.841407
36 0.987572 0.031422 50.194945
37 0.987126 0.032378 51.548989
38 0.987844 0.031034 52.901446
39 0.986854 0.032997 54.255311
40 0.986353 0.034017 55.608646
41 0.98718 0.032397 57.43957
42 0.987869 0.031275 58.79565
43 0.98743 0.032099 60.14798
44 0.987629 0.031596 61.502851
45 0.98768 0.031471 62.857498
46 0.988064 0.030737 64.213275
47 0.988201 0.030545 65.566953
48 0.988233 0.030592 66.922231
49 0.988148 0.030738 68.278364
50 0.988263 0.030528 69.632704
51 0.988856 0.02943 70.988496
52 0.989044 0.028921 72.844866
53 0.989043 0.028736 74.212116
54 0.989121 0.028652 75.591701
55 0.989394 0.028207 76.972882
56 0.988806 0.029268 78.352767
57 0.988852 0.029129 79.714747
58 0.989062 0.028882 81.089779
59 0.988731 0.02947 82.462637
60 0.988436 0.030004 83.826168
61 0.988342 0.030193 85.199297
62 0.988108 0.030726 87.061265
63 0.987873 0.031253 88.437886
64 0.988654 0.029731 89.82186
65 0.98789 0.031223 91.176758
66 0.98791 0.031158 92.537371
67 0.987924 0.031082 94.389265
68 0.98759 0.031852 95.746776
69 0.98747 0.031929 97.107887
70 0.987863 0.031199 98.466138
71 0.987958 0.031082 99.82514
72 0.988163 0.030585 101.182371
73 0.988645 0.029745 103.038239
74 0.98937 0.028389 104.392071
75 0.989398 0.0283 105.745026
76 0.988814 0.029409 107.100693
77 0.989091 0.028924 108.455577
78 0.989263 0.028681 109.809826
79 0.989227 0.028697 111.166258
80 0.988939 0.02931 112.522544
81 0.989689 0.027834 113.876396
82 0.98936 0.0284 115.230655
83 0.989204 0.02871 117.081611
84 0.989306 0.028673 118.437306
85 0.989439 0.0285 119.793564
86 0.989946 0.027397 121.149801
87 0.989319 0.028571 122.507361
88 0.990476 0.026455 123.864284
89 0.990232 0.026889 125.22144
90 0.989994 0.027207 126.574963
91 0.989698 0.027754 127.931717
92 0.989948 0.027431 129.293504
93 0.990244 0.026781 130.653015
94 0.989864 0.027501 132.516346
95 0.990343 0.026662 133.873915
96 0.99061 0.02609 135.228074
97 0.990736 0.025823 136.58445
98 0.990087 0.027115 137.941233
99 0.989914 0.027433 139.296037
100 0.989548 0.028104 140.651732
101 0.989719 0.027773 142.009598
102 0.98925 0.028679 143.363862
103 0.989524 0.028161 144.717474
104 0.990043 0.027385 146.075346
105 0.990005 0.027372 148.432659
106 0.989521 0.028252 149.787356
107 0.98878 0.029573 151.139935
108 0.988305 0.03045 152.494111
109 0.98817 0.030649 153.847565
110 0.989022 0.029164 155.202659
111 0.988477 0.030267 156.55465
112 0.988395 0.03052 157.908861
113 0.988014 0.031309 159.268501
114 0.988752 0.029883 160.637284
115 0.989031 0.029252 162.509573
116 0.989136 0.029064 163.86339
117 0.989608 0.028215 165.223577
118 0.989101 0.029024 166.594478
119 0.989063 0.029047 167.972028
120 0.988506 0.030136 169.338805
121 0.989064 0.029069 170.71512
122 0.98983 0.027786 172.093273
123 0.989529 0.028371 173.471964
124 0.989587 0.028223 174.84781
125 0.990076 0.027348 176.224852
126 0.990087 0.027452 178.106071
127 0.990308 0.027056 179.481929
128 0.990645 0.026406 180.851381
129 0.990979 0.025714 182.218726
130 0.991148 0.025315 183.583649
131 0.990815 0.025945 184.954414
132 0.990807 0.025881 186.305277
133 0.990011 0.027442 187.677896
134 0.990028 0.027477 189.057814
135 0.990303 0.026891 190.42179
136 0.989651 0.028069 192.334271
137 0.989819 0.027716 193.69746
138 0.98972 0.02803 195.057948
139 0.989423 0.028583 196.419164
140 0.988565 0.030205 197.777135
141 0.989478 0.02853 199.138734
142 0.989845 0.027719 200.499078
143 0.989944 0.027572 201.859869
144 0.989959 0.027447 203.223564
145 0.990184 0.02705 204.583783
146 0.990047 0.027228 205.944351
147 0.990432 0.026628 207.825438
148 0.990386 0.026662 209.182729
149 0.989928 0.027578 210.540932
150 0.98972 0.028057 211.897253
151 0.989758 0.027897 213.255415
152 0.989307 0.02865 214.617337
153 0.989579 0.028221 215.976622
154 0.988973 0.029348 217.338223
155 0.989182 0.028964 218.696531
156 0.989291 0.028859 220.054956
157 0.989817 0.027969 221.416328
158 0.98996 0.027693 223.319234
159 0.989968 0.02737 224.680228
160 0.990296 0.026899 226.040852
161 0.991048 0.025509 227.399871
162 0.990441 0.026685 228.758511
163 0.990357 0.026746 230.117049
164 0.990673 0.026234 231.474714
165 0.991014 0.02556 232.838405
166 0.991233 0.025084 234.201719
167 0.991188 0.025303 235.559323
168 0.990418 0.026789 237.457229
169 0.990667 0.026337 238.813474
170 0.98995 0.027722 240.168258
171 0.989952 0.027751 241.52251
172 0.99014 0.027379 242.88165
173 0.990251 0.027112 244.242591
174 0.990858 0.025946 245.60056
175 0.990652 0.02639 246.961249
176 0.990658 0.026392 248.324888
177 0.990698 0.026304 249.684195
178 0.990299 0.027183 251.042009
179 0.990802 0.026132 252.947841
180 0.990925 0.025878 254.304259
181 0.991019 0.025702 255.661414
182 0.990314 0.027036 257.016658
183 0.990077 0.027462 258.376441
184 0.990562 0.026591 259.732339
185 0.99057 0.026621 261.091259
186 0.990497 0.026856 262.448847
187 0.989796 0.028116 263.827732
188 0.990145 0.027316 265.20667
189 0.989577 0.028448 267.141111
190 0.990189 0.027141 268.524211
191 0.990745 0.02612 269.900753
192 0.991724 0.024352 271.265232
193 0.991404 0.02496 272.638941
194 0.991517 0.024738 274.012059
195 0.99126 0.025193 275.376622
196 0.991563 0.024653 276.741366
197 0.991004 0.025811 278.111002
198 0.991192 0.025411 279.48455
199 0.991114 0.025508 280.842982
200 0.990909 0.025875 282.77224
201 0.990142 0.027285 284.151553
202 0.989744 0.028065 285.532124
203 0.989904 0.027755 286.918451
204 0.990187 0.027269 288.282547
205 0.990598 0.026422 289.640302
206 0.990752 0.026143 291.000332
207 0.990751 0.026089 292.358816
208 0.990533 0.026471 294.28343
209 0.989896 0.027711 295.645032
210 0.989968 0.027535 297.566353
211 0.98991 0.027679 298.9276
212 0.990489 0.026672 300.28599

Epoch & Fidelity & KL & Runtime 
1 0.627777 0.819628 1.691113
2 0.80877 0.379799 3.37617
3 0.89457 0.203556 5.069555
4 0.937045 0.122322 6.761712
5 0.958634 0.082557 8.449851
6 0.970637 0.060767 10.142335
7 0.97899 0.046077 12.395721
8 0.982289 0.040597 14.087952
9 0.983948 0.03762 15.779446
10 0.985066 0.035601 17.469895
11 0.985598 0.034742 19.155167
12 0.986271 0.033577 20.846833
13 0.986076 0.034044 22.533968
14 0.98647 0.033468 24.218761
15 0.986466 0.033296 25.905424
16 0.987161 0.032158 28.173239
17 0.987395 0.031729 29.860802
18 0.987694 0.031267 31.542657
19 0.987422 0.031777 33.227332
20 0.987658 0.031282 34.910205
21 0.987761 0.031097 36.589779
22 0.987282 0.03195 38.276227
23 0.987181 0.032402 39.956608
24 0.987085 0.032551 42.212654
25 0.986859 0.032954 43.899401
26 0.987377 0.031872 45.58474
27 0.988617 0.029631 47.271152
28 0.988611 0.029797 48.957504
29 0.988515 0.029938 50.641044
30 0.988927 0.029038 52.328469
31 0.989016 0.02893 54.012807
32 0.989547 0.028014 55.696887
33 0.989324 0.028509 57.968224
34 0.988889 0.029279 59.679705
35 0.988895 0.029308 61.372258
36 0.988918 0.029143 63.085727
37 0.988753 0.029586 64.785959
38 0.988685 0.029817 66.486003
39 0.988795 0.029624 68.200926
40 0.989635 0.027854 69.901203
41 0.989525 0.028033 72.18374
42 0.989703 0.027767 73.892181
43 0.989827 0.027521 75.58163
44 0.990174 0.026841 77.259788
45 0.989828 0.027461 78.968469
46 0.989779 0.027407 80.667333
47 0.990126 0.026703 82.386072
48 0.990143 0.026669 84.088898
49 0.990359 0.026321 85.804335
50 0.99016 0.026676 88.091672
51 0.989755 0.027394 89.79225
52 0.989995 0.027058 91.487999
53 0.990148 0.026854 93.762128
54 0.990018 0.027027 95.46472
55 0.990239 0.026687 97.172859
56 0.989816 0.027496 98.86528
57 0.989367 0.028469 100.560976
58 0.990128 0.02705 102.841655
59 0.989787 0.027714 104.524179
60 0.989708 0.027707 106.21362
61 0.989828 0.027558 107.906805
62 0.989632 0.027868 109.600913
63 0.989375 0.028226 111.296804
64 0.989746 0.027719 112.988971
65 0.990025 0.027225 114.681348
66 0.990212 0.027 116.955822
67 0.990788 0.025907 118.646896
68 0.991042 0.025397 120.331578
69 0.990846 0.025711 122.015833
70 0.990876 0.025665 123.706519
71 0.990352 0.026642 125.388556
72 0.990917 0.025524 127.071473
73 0.990103 0.027168 128.756161
74 0.990118 0.026992 130.443314
75 0.990526 0.026212 132.725559
76 0.990347 0.026608 134.407578
77 0.990004 0.027353 136.095004
78 0.990124 0.027113 137.781211
79 0.989473 0.028199 139.469406
80 0.989886 0.02739 141.153204
81 0.990165 0.027083 142.833881
82 0.989508 0.028441 144.518852
83 0.99022 0.026973 146.796592
84 0.990318 0.02676 149.076455
85 0.990474 0.026453 150.756144
86 0.990493 0.026477 152.435068
87 0.990551 0.026266 154.115715
88 0.990175 0.027 155.793521
89 0.990086 0.027074 157.46763
90 0.990376 0.026579 159.157251
91 0.990525 0.02626 160.843746
92 0.990768 0.025926 163.138985
93 0.990531 0.026418 164.830008
94 0.990646 0.026078 166.516575
95 0.990289 0.026782 168.22777
96 0.990591 0.02633 169.930363
97 0.9905 0.026421 171.60993
98 0.990546 0.026353 173.297361
99 0.990953 0.025615 175.019732
100 0.991117 0.025246 177.320503
101 0.990781 0.025903 179.025637
102 0.991016 0.025385 180.745926
103 0.990964 0.025579 182.455611
104 0.991521 0.024576 184.174215
105 0.991386 0.024853 185.889288
106 0.991221 0.025068 187.587313
107 0.991257 0.024932 189.29072
108 0.991081 0.025301 191.004424
109 0.991497 0.02456 193.320556
110 0.9918 0.024094 195.007107
111 0.991601 0.024397 196.707809
112 0.991064 0.025415 198.409577
113 0.991053 0.025388 200.110779
114 0.991481 0.024509 201.83033
115 0.991966 0.023589 203.527955
116 0.991762 0.023986 205.243986
117 0.991559 0.024388 207.542215
118 0.990726 0.026008 209.255107
119 0.990471 0.026475 210.961634
120 0.990479 0.026401 212.66755
121 0.990746 0.025647 214.36367
122 0.990687 0.025835 216.064799
123 0.990844 0.025549 217.755891
124 0.990678 0.025961 219.448404
125 0.990207 0.026848 221.778313
126 0.990736 0.025949 223.486576
127 0.991065 0.025341 225.20264
128 0.991828 0.023842 226.895179
129 0.991412 0.024591 228.588607
130 0.991247 0.02497 230.276179
131 0.991476 0.024523 231.964897
132 0.991344 0.024788 233.655477
133 0.991436 0.02455 235.345109
134 0.991757 0.024022 237.650007
135 0.990859 0.025761 239.342341
136 0.991089 0.025272 241.032302
137 0.990996 0.025435 242.72463
138 0.990335 0.026755 244.416463
139 0.990146 0.027251 246.102661
140 0.990862 0.025867 247.783183
141 0.991044 0.025512 249.477853
142 0.991256 0.02522 251.78253
143 0.991489 0.024806 253.468332
144 0.991675 0.024446 255.160138
145 0.991829 0.024158 256.844839
146 0.992007 0.023777 258.534269
147 0.991957 0.02386 260.224566
148 0.992116 0.023503 261.905053
149 0.992037 0.023607 263.590873
150 0.992129 0.023358 265.27868
151 0.991623 0.024259 267.587996
152 0.991245 0.02493 269.274525
153 0.991658 0.024181 270.966577
154 0.991528 0.024484 272.653111
155 0.991069 0.025376 274.331486
156 0.991676 0.024262 276.016326
157 0.991523 0.024573 277.695291
158 0.991348 0.025017 279.381174
159 0.991714 0.02426 281.071171
160 0.991206 0.025271 283.391737
161 0.9913 0.025091 285.083249
162 0.99191 0.023908 286.771142
163 0.992007 0.023746 288.457128
164 0.992074 0.023573 290.143235
165 0.991607 0.024445 291.830699
166 0.991189 0.025143 293.520988
167 0.990799 0.025939 295.211057
168 0.990807 0.025985 298.174356
169 0.990423 0.026686 299.892737
170 0.990966 0.025535 301.593764

