k Values: 1 2 4 8 16 
Epoch & Fidelity & KL & Runtime 
1 0.638368 0.787911 1.057341
2 0.817269 0.359488 2.098369
3 0.895661 0.199924 3.142968
4 0.934684 0.125571 4.183405
5 0.956269 0.085903 5.221197
6 0.969339 0.062632 6.2582
7 0.976333 0.05049 7.297305
8 0.980797 0.042793 8.334867
9 0.983178 0.038644 9.37276
10 0.984036 0.037069 10.409438
11 0.985357 0.034903 11.448782
12 0.985317 0.035093 12.486185
13 0.985684 0.034505 13.536026
14 0.985942 0.034054 14.576
15 0.985762 0.034378 15.614897
16 0.98689 0.03237 16.652773
17 0.987117 0.032032 17.690609
18 0.987077 0.032316 18.731798
19 0.987017 0.03253 19.770229
20 0.987164 0.032231 20.80887
21 0.987364 0.031746 21.847014
22 0.986894 0.032576 22.884406
23 0.986781 0.032814 23.923261
24 0.986654 0.03303 24.959754
25 0.987351 0.031719 25.998003
26 0.987271 0.0318 27.035898
27 0.987618 0.031136 28.073587
28 0.987964 0.030654 29.127281
29 0.988484 0.029694 30.166481
30 0.988928 0.028867 31.204313
31 0.988957 0.028822 32.240798
32 0.988537 0.029697 33.280634
33 0.988586 0.029529 34.31744
34 0.989066 0.028607 35.355428
35 0.988902 0.029076 36.393406
36 0.988743 0.029379 37.430237
37 0.989304 0.028323 38.466696
38 0.989763 0.027439 39.5067
39 0.989597 0.02789 40.544289
40 0.989384 0.028281 41.58141
41 0.989257 0.028452 42.643291
42 0.989707 0.027536 43.701399
43 0.989506 0.027976 44.740649
44 0.989612 0.02774 45.781852
45 0.989424 0.028109 46.819586
46 0.98946 0.028134 47.860752
47 0.989652 0.027897 48.898792
48 0.989654 0.027846 49.93687
49 0.989658 0.027729 50.978011
50 0.989275 0.02846 52.018913
51 0.988665 0.029647 53.062371
52 0.98842 0.030057 54.102432
53 0.98831 0.030149 55.142663
54 0.987421 0.031867 56.184381
55 0.989277 0.02828 57.225306
56 0.990004 0.026961 58.265995
57 0.98955 0.027775 59.327976
58 0.989562 0.027803 60.368279
59 0.988881 0.029188 61.407008
60 0.988717 0.029605 62.448118
61 0.989319 0.028331 63.487495
62 0.989004 0.028956 64.527594
63 0.98866 0.029514 65.567403
64 0.989304 0.028329 66.606581
65 0.989077 0.028741 67.645886
66 0.988564 0.029771 68.687237
67 0.989541 0.027996 69.727793
68 0.989705 0.027691 70.769062
69 0.989487 0.028154 71.808883
70 0.989988 0.027302 72.847523
71 0.990271 0.026777 73.912207
72 0.990515 0.026216 74.952412
73 0.990845 0.025593 75.992668
74 0.990601 0.026029 77.034092
75 0.990899 0.025467 78.073791
76 0.990953 0.025446 79.113055
77 0.990575 0.026206 80.15439
78 0.990638 0.026029 81.195259
79 0.990577 0.026077 82.235752
80 0.99028 0.026624 83.275104
81 0.99155 0.024312 84.314747
82 0.99109 0.02502 85.355078
83 0.990884 0.025381 86.394933
84 0.991142 0.025024 87.43573
85 0.991075 0.02517 88.50321
86 0.990207 0.026918 89.54466
87 0.990374 0.026503 90.584455
88 0.989878 0.027399 91.626326
89 0.990227 0.026632 92.665203
90 0.991001 0.025221 93.704575
91 0.991295 0.024707 94.743996
92 0.991071 0.025101 95.784685
93 0.991013 0.025124 96.822738
94 0.991224 0.024868 97.863344
95 0.990201 0.026833 98.903456
96 0.989316 0.028631 99.945043
97 0.990166 0.026904 100.984667
98 0.990447 0.026377 102.024415
99 0.990347 0.026414 103.065487
100 0.99008 0.027044 104.137183
101 0.990297 0.026655 105.178413
102 0.990348 0.026515 106.219183
103 0.990332 0.026565 107.258904
104 0.99023 0.026871 108.299187
105 0.99053 0.026359 109.34001
106 0.990548 0.026322 110.381499
107 0.990729 0.025954 111.420741
108 0.990904 0.025703 112.474826
109 0.990712 0.02604 113.51497
110 0.991623 0.024316 114.554145
111 0.99068 0.026232 115.595238
112 0.989961 0.027405 116.634831
113 0.991187 0.024976 117.675606
114 0.991091 0.025125 118.749906
115 0.991544 0.024383 119.790175
116 0.992283 0.023042 120.832906
117 0.991194 0.025038 121.874461
118 0.991317 0.024818 122.914869
119 0.991965 0.023606 123.955871
120 0.991568 0.024368 124.99553
121 0.991839 0.023904 126.037169
122 0.9922 0.023179 127.078496
123 0.991383 0.024798 128.119938
124 0.990911 0.025693 129.15956
125 0.990796 0.025925 130.200214
126 0.990865 0.025855 131.239847
127 0.991687 0.024144 132.283371
128 0.991021 0.025423 133.322605
129 0.990764 0.02592 134.401192
130 0.991415 0.024737 135.439575
131 0.991358 0.024918 136.479019
132 0.991125 0.025303 137.520085
133 0.991645 0.024247 138.561074
134 0.991644 0.02417 139.601435
135 0.991696 0.024188 140.640832
136 0.992364 0.022987 141.680561
137 0.992486 0.022663 142.719771
138 0.992492 0.022679 143.760957
139 0.992395 0.022855 144.801669
140 0.99216 0.023267 145.883868
141 0.991688 0.024188 146.923363
142 0.991288 0.024885 147.96358
143 0.991702 0.024105 149.045496
144 0.991532 0.024412 150.087079
145 0.991458 0.024536 151.12733
146 0.991249 0.024841 152.167231
147 0.990721 0.025956 153.207746
148 0.991843 0.023916 154.247221
149 0.992263 0.02305 155.287062
150 0.992274 0.0231 156.327864
151 0.992868 0.021991 157.370199
152 0.992842 0.02202 158.410886
153 0.992868 0.022044 159.452966
154 0.992056 0.023553 160.49407
155 0.992389 0.022941 161.536698
156 0.991648 0.024276 162.57796
157 0.99201 0.023574 163.664565
158 0.992119 0.02343 164.705225
159 0.992211 0.023288 165.74484
160 0.991802 0.024108 166.785528
161 0.991822 0.024078 167.826017
162 0.991703 0.024397 168.865209
163 0.99132 0.025016 169.906746
164 0.99127 0.025033 170.945881
165 0.991567 0.024472 171.98387
166 0.99135 0.024816 173.024476
167 0.990691 0.026029 174.06447
168 0.991911 0.023739 175.104289
169 0.99215 0.023314 176.143576
170 0.992384 0.02291 177.182792
171 0.99232 0.022928 178.222409
172 0.992718 0.022215 179.311069
173 0.991697 0.024368 180.351098
174 0.991971 0.023821 181.390998
175 0.991502 0.024724 182.431136
176 0.991543 0.024678 183.469758
177 0.991989 0.02375 184.508233
178 0.992234 0.023309 185.54768
179 0.992744 0.022369 186.586758
180 0.992057 0.023674 187.638871
181 0.992845 0.022174 188.678368
182 0.993027 0.021786 189.717905
183 0.993001 0.021859 190.757936
184 0.992716 0.022345 191.798026
185 0.992515 0.022693 192.837198
186 0.992257 0.023251 193.929392
187 0.992521 0.02271 194.969006
188 0.992348 0.023064 196.007629
189 0.992787 0.02222 197.048248
190 0.992033 0.02372 198.087328
191 0.992937 0.021988 199.127317
192 0.993019 0.021788 200.167238
193 0.992962 0.021869 201.208697
194 0.99315 0.021571 202.250187
195 0.992868 0.022048 203.289394
196 0.992904 0.02196 204.328209
197 0.992892 0.022085 205.367166
198 0.992061 0.02366 206.407451
199 0.992471 0.022772 207.447743
200 0.992638 0.02253 208.543036
201 0.992657 0.022416 209.58137
202 0.992677 0.022427 210.620042
203 0.992423 0.022913 211.658808
204 0.991832 0.024051 212.697627
205 0.992123 0.023527 213.736402
206 0.992544 0.022733 214.776376
207 0.992859 0.022237 215.815856
208 0.992678 0.02246 216.854972
209 0.992977 0.021888 217.894828
210 0.993027 0.021778 218.9347
211 0.992695 0.022383 219.974435
212 0.992217 0.023277 221.014119
213 0.992151 0.023471 222.054286
214 0.992263 0.023423 223.093804
215 0.991718 0.024443 224.18921
216 0.991327 0.02511 225.229289
217 0.991652 0.024407 226.269618
218 0.991658 0.024272 227.309427
219 0.99235 0.02296 228.350549
220 0.992059 0.023582 229.389749
221 0.991894 0.023874 230.429401
222 0.99169 0.024216 231.469015
223 0.992086 0.023546 232.508463
224 0.992042 0.023655 233.546734
225 0.992184 0.023448 234.584906
226 0.991995 0.023962 235.624716
227 0.99203 0.023783 236.66567
228 0.991323 0.025057 237.705913
229 0.991358 0.025038 238.805744
230 0.991885 0.024072 239.844686
231 0.991983 0.023798 240.88448
232 0.992173 0.023368 241.923817
233 0.991808 0.024126 242.962666
234 0.991978 0.023754 244.00492
235 0.991532 0.024523 245.045259
236 0.991941 0.023847 246.084328
237 0.991054 0.025585 247.187657
238 0.99178 0.024207 248.22753
239 0.991763 0.024226 249.266912
240 0.991235 0.02533 250.30925
241 0.991777 0.024304 251.34969
242 0.992198 0.023454 252.390935
243 0.991842 0.024169 253.431169
244 0.99126 0.025457 254.533702
245 0.990821 0.026401 255.573189
246 0.991663 0.024637 256.612548
247 0.990558 0.026801 257.665226
248 0.990448 0.026862 258.704989
249 0.991439 0.024965 259.743657
250 0.991388 0.025089 260.783821
251 0.992139 0.023682 261.822318
252 0.99233 0.023407 262.860271
253 0.992049 0.02384 263.899045
254 0.992146 0.023584 264.938272
255 0.991497 0.024777 265.978254
256 0.991565 0.024591 267.018177
257 0.99184 0.024148 268.058399
258 0.991777 0.024263 269.163423
259 0.991794 0.024199 270.206045
260 0.9922 0.023469 271.246063
261 0.99215 0.023608 272.286732
262 0.991951 0.023965 273.32692
263 0.992685 0.022623 274.366802
264 0.992495 0.022954 275.407649
265 0.992268 0.023391 276.447829
266 0.991254 0.025409 277.485911
267 0.991221 0.025481 278.52767
268 0.992038 0.02393 279.56699
269 0.992483 0.023063 280.608648
270 0.992148 0.023789 281.647855
271 0.992564 0.0229 282.687328
272 0.99255 0.022806 283.795588
273 0.992705 0.022565 284.836399
274 0.992482 0.023043 285.87543
275 0.992526 0.022875 286.912584
276 0.992406 0.02313 287.952281
277 0.992488 0.022989 288.991569
278 0.99229 0.023438 290.033884
279 0.992192 0.023666 291.072855
280 0.99139 0.025167 292.111677
281 0.991606 0.024769 293.150137
282 0.991091 0.025834 294.189546
283 0.99094 0.026001 295.229675
284 0.990948 0.025971 296.269632
285 0.990917 0.026052 297.309884
286 0.991597 0.024718 298.349719
287 0.991356 0.025189 299.462457
288 0.991644 0.024585 300.503831

Epoch & Fidelity & KL & Runtime 
1 0.712974 0.591238 1.078009
2 0.849864 0.288872 2.156821
3 0.917089 0.157311 3.235369
4 0.947636 0.100834 4.387012
5 0.965786 0.068339 5.464452
6 0.974932 0.0523 6.543078
7 0.979343 0.044736 7.623302
8 0.982008 0.040332 8.702069
9 0.981902 0.040616 9.778395
10 0.983396 0.038116 10.856778
11 0.983826 0.037514 11.935012
12 0.984267 0.036682 13.087381
13 0.985148 0.035283 14.164095
14 0.985433 0.035012 15.242146
15 0.986217 0.033399 16.319772
16 0.98606 0.033847 17.397546
17 0.986243 0.033449 18.476184
18 0.986499 0.033084 19.55564
19 0.986805 0.032708 20.633444
20 0.986427 0.03344 21.711298
21 0.986197 0.033896 22.790731
22 0.986253 0.03362 23.868403
23 0.986492 0.033141 24.960688
24 0.986371 0.033382 26.038054
25 0.986882 0.032523 27.115427
26 0.987078 0.032 28.271547
27 0.986353 0.03333 29.349944
28 0.986206 0.033751 30.429016
29 0.98644 0.033434 31.510199
30 0.986852 0.032692 32.58866
31 0.987202 0.032116 33.665609
32 0.987433 0.031674 34.742837
33 0.987116 0.032079 35.819344
34 0.987349 0.031563 36.899418
35 0.987442 0.031393 37.976948
36 0.987064 0.032088 39.054178
37 0.986884 0.032462 40.129901
38 0.986829 0.032598 41.205712
39 0.987033 0.03234 42.284226
40 0.987457 0.031598 43.445178
41 0.987219 0.032122 44.523068
42 0.98673 0.033021 45.600514
43 0.986997 0.032588 46.679354
44 0.987024 0.032497 47.759364
45 0.987449 0.031717 48.838368
46 0.987361 0.031914 49.918714
47 0.988378 0.029973 50.996969
48 0.98777 0.031106 52.07602
49 0.987896 0.030951 53.153675
50 0.987393 0.032087 54.232194
51 0.988085 0.030653 55.309692
52 0.988095 0.030561 56.387287
53 0.988436 0.029942 57.464148
54 0.988167 0.030381 58.626712
55 0.987976 0.030855 59.705549
56 0.987778 0.031302 60.782941
57 0.988502 0.029822 61.862254
58 0.988586 0.029495 62.941307
59 0.98813 0.030362 64.020712
60 0.988812 0.029195 65.098885
61 0.988564 0.029671 66.177027
62 0.988841 0.029189 67.254702
63 0.988908 0.02908 68.333712
64 0.98882 0.029266 69.41371
65 0.988668 0.029639 70.494613
66 0.989394 0.028273 71.574476
67 0.989448 0.028176 72.653802
68 0.989562 0.027932 73.822851
69 0.989338 0.028311 74.900384
70 0.98926 0.028499 75.979099
71 0.988995 0.028957 77.057513
72 0.989224 0.028622 78.137614
73 0.988797 0.029311 79.218795
74 0.989204 0.028518 80.298374
75 0.988898 0.029006 81.37831
76 0.988728 0.029412 82.456327
77 0.988709 0.029444 83.535904
78 0.988556 0.029821 84.613862
79 0.989204 0.028686 85.692207
80 0.989835 0.027558 86.771777
81 0.990155 0.026961 87.851722
82 0.990237 0.026757 89.024361
83 0.990647 0.025933 90.103068
84 0.989876 0.027398 91.181561
85 0.990389 0.026443 92.259486
86 0.989943 0.027337 93.337372
87 0.990138 0.026965 94.414616
88 0.990014 0.027199 95.494338
89 0.990055 0.027149 96.572966
90 0.989848 0.027649 97.650442
91 0.990528 0.026131 98.728108
92 0.990435 0.026402 99.807107
93 0.990426 0.026338 100.88435
94 0.990258 0.026664 101.961188
95 0.990667 0.025925 103.142498
96 0.9904 0.026409 104.22143
97 0.990543 0.026148 105.299716
98 0.989907 0.027458 106.379441
99 0.990525 0.026285 107.45749
100 0.989981 0.027208 108.537145
101 0.989644 0.027935 109.61774
102 0.990161 0.026804 110.696389
103 0.990531 0.026158 111.775902
104 0.990444 0.02636 112.857653
105 0.990656 0.025992 113.93645
106 0.990092 0.026948 115.014212
107 0.989015 0.029015 116.092437
108 0.989123 0.028812 117.171743
109 0.98917 0.02891 118.346933
110 0.98988 0.027574 119.424191
111 0.990078 0.027198 120.501544
112 0.990096 0.027199 121.580368
113 0.990208 0.026857 122.659569
114 0.990556 0.02617 123.741744
115 0.990554 0.026279 124.82013
116 0.991102 0.025296 125.897769
117 0.991185 0.02506 126.97473
118 0.990726 0.026013 128.052458
119 0.990648 0.026246 129.133283
120 0.990793 0.025917 130.214217
121 0.990933 0.025587 131.293306
122 0.990678 0.026111 132.372112
123 0.99102 0.025501 133.552953
124 0.990562 0.026283 134.63371
125 0.98976 0.027816 135.715898
126 0.990235 0.026818 136.796526
127 0.990253 0.026907 137.874574
128 0.990644 0.026049 138.955289
129 0.990673 0.026024 140.033647
130 0.990898 0.025576 141.112246
131 0.990987 0.025292 142.191019
132 0.990995 0.025389 143.269663
133 0.991241 0.024944 144.348438
134 0.991347 0.02482 145.529574
135 0.991347 0.024996 146.607399
136 0.990987 0.025629 147.688015
137 0.990536 0.026489 148.870946
138 0.990722 0.026013 149.95021
139 0.99041 0.026577 151.027475
140 0.991206 0.025033 152.110067
141 0.991151 0.025092 153.192446
142 0.990643 0.026103 154.274131
143 0.991275 0.024971 155.353804
144 0.990766 0.02598 156.434536
145 0.990416 0.026617 157.512321
146 0.990946 0.025588 158.590684
147 0.991037 0.025455 159.67095
148 0.990757 0.02598 160.750722
149 0.991358 0.024802 161.828837
150 0.990804 0.02579 162.908135
151 0.990329 0.026647 164.095256
152 0.990284 0.026701 165.175116
153 0.990393 0.026604 166.255193
154 0.990174 0.02707 167.334011
155 0.990426 0.026756 168.413379
156 0.990364 0.026832 169.493093
157 0.991 0.025512 170.576243
158 0.991366 0.024915 171.658986
159 0.990717 0.026183 172.739388
160 0.991088 0.025363 173.818501
161 0.991271 0.025178 174.896479
162 0.991379 0.024902 175.988025
163 0.990903 0.025677 177.066117
164 0.9908 0.026026 178.252324
165 0.990749 0.02616 179.330588
166 0.990885 0.02579 180.408716
167 0.990683 0.026174 181.486273
168 0.990514 0.026609 182.567537
169 0.990891 0.025929 183.646174
170 0.990784 0.026081 184.722619
171 0.990368 0.026888 185.80029
172 0.990243 0.027074 186.879451
173 0.990091 0.027258 187.958464
174 0.990529 0.026425 189.037006
175 0.990136 0.027049 190.115742
176 0.990396 0.026634 191.193296
177 0.990289 0.026834 192.272232
178 0.990674 0.026105 193.462679
179 0.990939 0.025483 194.542405
180 0.991881 0.023839 195.62166
181 0.991824 0.023941 196.70084
182 0.99159 0.024404 197.777906
183 0.991194 0.025054 198.857131
184 0.990266 0.026994 199.936062
185 0.990405 0.026636 201.013756
186 0.99051 0.026414 202.092672
187 0.990238 0.026963 203.170175
188 0.990221 0.027206 204.247206
189 0.990089 0.027395 205.325171
190 0.990816 0.026021 206.403145
191 0.990196 0.027135 207.482693
192 0.989542 0.028576 208.675315
193 0.990885 0.026 209.753256
194 0.991286 0.025096 210.831073
195 0.991462 0.024841 211.910202
196 0.991319 0.0251 212.9874
197 0.991023 0.025737 214.065404
198 0.99095 0.025929 215.143181
199 0.991278 0.025301 216.220518
200 0.990985 0.025846 217.297607
201 0.991233 0.025483 218.376284
202 0.991312 0.025217 219.453598
203 0.991525 0.024636 220.531464
204 0.991004 0.025545 221.608882
205 0.991052 0.025481 222.687838
206 0.990495 0.026654 223.886973
207 0.991119 0.025449 224.96618
208 0.99131 0.025271 226.043779
209 0.991268 0.025478 227.122184
210 0.99104 0.025821 228.200675
211 0.991381 0.025124 229.283578
212 0.99071 0.026496 230.360689
213 0.990421 0.027023 231.437491
214 0.99083 0.026133 232.514752
215 0.991223 0.025423 233.59269
216 0.991163 0.025474 234.669231
217 0.99181 0.024296 235.746045
218 0.991375 0.025102 236.823257
219 0.991308 0.025258 237.900388
220 0.990699 0.026419 239.098468
221 0.990901 0.026038 240.179659
222 0.991091 0.025617 241.259309
223 0.991239 0.025197 242.338579
224 0.990961 0.025785 243.417341
225 0.990334 0.026969 244.498848
226 0.990891 0.025972 245.578695
227 0.991068 0.025633 246.778256
228 0.99037 0.026953 247.857178
229 0.989812 0.028074 248.93784
230 0.989642 0.028282 250.015132
231 0.99035 0.026892 251.093235
232 0.990627 0.026346 252.171972
233 0.990633 0.02643 253.373265
234 0.990803 0.026068 254.467315
235 0.991378 0.024984 255.546998
236 0.991381 0.024958 256.625241
237 0.991141 0.025583 257.70591
238 0.991104 0.025788 258.787351
239 0.991018 0.025867 259.867595
240 0.991552 0.024789 260.948438
241 0.990933 0.025969 262.029732
242 0.991281 0.025199 263.107557
243 0.991261 0.025308 264.18753
244 0.991345 0.025022 265.267725
245 0.991168 0.02535 266.347018
246 0.991763 0.024176 267.426424
247 0.990718 0.026279 268.631208
248 0.990691 0.026394 269.712476
249 0.990429 0.026942 270.793833
250 0.990813 0.026218 271.873576
251 0.990496 0.026843 272.955386
252 0.990466 0.026891 274.035765
253 0.990722 0.026413 275.114279
254 0.990152 0.027538 276.195141
255 0.990361 0.027067 277.273605
256 0.990203 0.027267 278.353983
257 0.991244 0.025292 279.431276
258 0.991285 0.025156 280.511129
259 0.991519 0.024835 281.588807
260 0.991031 0.025765 282.668444
261 0.990971 0.025955 283.878314
262 0.991348 0.02523 284.958845
263 0.990296 0.027268 286.037119
264 0.99081 0.026301 287.11564
265 0.990723 0.026503 288.195238
266 0.990209 0.02737 289.274157
267 0.990735 0.026381 290.352432
268 0.990861 0.02615 291.431008
269 0.990676 0.026645 292.511495
270 0.990523 0.027017 293.59055
271 0.991036 0.026018 294.671375
272 0.990573 0.026875 295.751041
273 0.99109 0.02589 296.829579
274 0.990438 0.027082 297.907832
275 0.990562 0.026801 299.123978
276 0.990671 0.026516 300.204801

Epoch & Fidelity & KL & Runtime 
1 0.674272 0.693504 1.161372
2 0.827632 0.337329 2.31476
3 0.899285 0.192897 3.468584
4 0.939498 0.116917 4.620941
5 0.958986 0.081314 5.77405
6 0.970104 0.06153 6.92637
7 0.97546 0.052209 8.079513
8 0.980125 0.044126 9.232453
9 0.982285 0.040332 10.3871
10 0.984727 0.036154 11.539852
11 0.98578 0.034387 12.821172
12 0.986006 0.034083 13.97798
13 0.98649 0.033251 15.130496
14 0.986151 0.03379 16.286471
15 0.986796 0.03262 17.440812
16 0.986661 0.032873 18.594381
17 0.986839 0.032599 19.748621
18 0.987268 0.031792 20.901633
19 0.987828 0.030876 22.053099
20 0.987807 0.031115 23.207542
21 0.987924 0.030833 24.360929
22 0.987568 0.031518 25.526144
23 0.987945 0.030925 26.821278
24 0.988038 0.030543 28.115583
25 0.988329 0.030066 29.270976
26 0.988494 0.02968 30.425537
27 0.987597 0.031494 31.580789
28 0.987802 0.031145 32.737
29 0.987422 0.031781 33.891945
30 0.988271 0.030206 35.048964
31 0.988636 0.029589 36.202211
32 0.98903 0.028729 37.358411
33 0.988636 0.029534 38.512381
34 0.988012 0.030614 39.6674
35 0.988698 0.029314 40.823072
36 0.988003 0.030622 41.979366
37 0.988138 0.030295 43.272106
38 0.988657 0.029346 44.425085
39 0.989043 0.028748 45.579279
40 0.989019 0.028748 46.732925
41 0.988649 0.02955 47.888766
42 0.989116 0.028727 49.041889
43 0.989724 0.027586 50.194554
44 0.989355 0.028333 51.348419
45 0.989152 0.028824 52.503396
46 0.988669 0.02974 53.657672
47 0.989011 0.028983 54.812912
48 0.988774 0.029515 55.968725
49 0.989108 0.028843 57.121499
50 0.988403 0.030101 58.418456
51 0.988342 0.030182 59.576028
52 0.988736 0.029609 60.734196
53 0.988885 0.029403 61.889049
54 0.989125 0.028855 63.046609
55 0.989343 0.028457 64.202306
56 0.989231 0.028767 65.356489
57 0.989513 0.028133 66.511106
58 0.990004 0.027086 67.66589
59 0.98941 0.02822 68.82132
60 0.989876 0.027155 69.97642
61 0.989168 0.028689 71.131733
62 0.98944 0.028108 72.286334
63 0.989754 0.027564 73.587449
64 0.990093 0.027056 74.742672
65 0.989947 0.027342 75.898916
66 0.989607 0.027919 77.052391
67 0.98929 0.028635 78.206833
68 0.989602 0.028059 79.360395
69 0.990106 0.027127 80.514833
70 0.990096 0.027204 81.67031
71 0.989805 0.027538 82.825355
72 0.989878 0.027564 83.979326
73 0.99035 0.026534 85.134286
74 0.989949 0.027266 86.289002
75 0.990014 0.027173 87.443769
76 0.99051 0.026251 88.747727
77 0.990249 0.026766 89.902372
78 0.989818 0.027817 91.055768
79 0.98996 0.027483 92.207637
80 0.990424 0.026547 93.365654
81 0.9913 0.024922 94.523018
82 0.990765 0.02593 95.679409
83 0.990668 0.026096 96.832281
84 0.990591 0.026149 97.985223
85 0.990668 0.026011 99.14191
86 0.99147 0.024393 100.299015
87 0.991335 0.024627 101.4571
88 0.990992 0.025331 102.611916
89 0.990327 0.026594 103.930974
90 0.990422 0.026358 105.084743
91 0.990322 0.026502 106.237473
92 0.990271 0.026623 107.392019
93 0.990931 0.025455 108.545621
94 0.990933 0.025466 109.699157
95 0.991331 0.024647 110.853224
96 0.991232 0.02478 112.005506
97 0.991645 0.024116 113.15882
98 0.991167 0.025006 114.31191
99 0.990622 0.025973 115.464686
100 0.990472 0.02623 116.619515
101 0.990149 0.0268 117.927801
102 0.990793 0.025674 119.084903
103 0.991228 0.024942 120.24275
104 0.991434 0.024497 121.398683
105 0.99146 0.024513 122.552716
106 0.991741 0.024037 123.706956
107 0.991903 0.023698 124.861706
108 0.991569 0.024326 126.014323
109 0.991608 0.02418 127.166508
110 0.990904 0.025479 128.320355
111 0.990708 0.025863 129.474773
112 0.990544 0.026297 130.62979
113 0.990275 0.02675 131.782998
114 0.991062 0.025138 133.091508
115 0.991024 0.025211 134.244015
116 0.990138 0.027027 135.401798
117 0.989997 0.027349 136.556609
118 0.990851 0.025719 137.709595
119 0.9905 0.026321 138.862041
120 0.990996 0.025464 140.015694
121 0.991314 0.024885 141.172173
122 0.991674 0.02409 142.326179
123 0.99171 0.024045 143.478724
124 0.990715 0.026027 144.633276
125 0.990683 0.026155 145.786827
126 0.989322 0.028722 146.942887
127 0.990767 0.026053 148.253659
128 0.990423 0.026681 149.411182
129 0.990297 0.026844 150.726012
130 0.99114 0.025157 151.879417
131 0.991182 0.025074 153.033439
132 0.991214 0.024973 154.185439
133 0.990962 0.025397 155.338911
134 0.990542 0.026278 156.493735
135 0.990895 0.025529 157.646851
136 0.99091 0.025656 158.800643
137 0.990772 0.026024 159.952432
138 0.991295 0.025027 161.103923
139 0.991724 0.024078 162.256369
140 0.991634 0.024362 163.573055
141 0.991356 0.024825 164.728007
142 0.991558 0.024512 165.881484
143 0.990425 0.026734 167.032896
144 0.991236 0.025005 168.186246
145 0.991269 0.024962 169.343075
146 0.991717 0.024118 170.497093
147 0.991685 0.024213 171.649823
148 0.99176 0.024031 172.803153
149 0.991934 0.023672 173.954932
150 0.992082 0.023487 175.106821
151 0.992389 0.022956 176.258924
152 0.992071 0.023564 177.412436
153 0.992085 0.023504 178.732196
154 0.992064 0.023524 179.885558
155 0.992204 0.023228 181.036791
156 0.992074 0.023515 182.190036
157 0.99194 0.023762 183.343904
158 0.992365 0.022969 184.496155
159 0.991933 0.023837 185.650222
160 0.991547 0.02456 186.802058
161 0.991127 0.025262 187.96763
162 0.99141 0.024791 189.121175
163 0.991428 0.024774 190.275957
164 0.991886 0.024065 191.429912
165 0.991411 0.025008 192.583905
166 0.99189 0.024003 193.90791
167 0.991394 0.024936 195.061771
168 0.991811 0.024114 196.214949
169 0.99067 0.026331 197.367741
170 0.990496 0.026715 198.521081
171 0.991127 0.025478 199.676557
172 0.991075 0.02546 200.832029
173 0.990927 0.025694 201.983956
174 0.991644 0.024436 203.136379
175 0.991929 0.023823 204.288781
176 0.992065 0.023465 205.443363
177 0.991777 0.024065 206.596434
178 0.991876 0.024051 207.919168
179 0.991349 0.025125 209.074302
180 0.991257 0.025399 210.228188
181 0.991637 0.024562 211.381253
182 0.992002 0.023806 212.533756
183 0.991705 0.024372 213.686689
184 0.991349 0.025118 214.84052
185 0.991607 0.024643 215.993663
186 0.991372 0.025053 217.14704
187 0.991882 0.024043 218.303209
188 0.99193 0.023906 219.457094
189 0.992174 0.023471 220.610562
190 0.99213 0.023453 221.765493
191 0.992229 0.023229 223.091143
192 0.992245 0.023281 224.245332
193 0.992087 0.023573 225.399119
194 0.992353 0.02323 226.553651
195 0.992627 0.022649 227.707834
196 0.992547 0.022671 228.863595
197 0.99214 0.023585 230.018485
198 0.991863 0.024203 231.17349
199 0.991874 0.02414 232.327268
200 0.991768 0.02433 233.481811
201 0.99174 0.024287 234.635744
202 0.991516 0.024739 235.789656
203 0.991392 0.025077 236.941758
204 0.991836 0.024174 238.26877
205 0.991085 0.025617 239.423695
206 0.990992 0.025704 240.579612
207 0.991099 0.025425 241.734455
208 0.990918 0.025699 242.88903
209 0.990853 0.025846 244.045621
210 0.990417 0.026803 245.198978
211 0.991277 0.025132 246.352404
212 0.991354 0.024946 247.506009
213 0.991162 0.025317 248.662996
214 0.99108 0.025519 249.817809
215 0.99166 0.024442 250.974698
216 0.991402 0.024985 252.307762
217 0.991736 0.024421 253.638858
218 0.991813 0.024282 254.792547
219 0.99099 0.025782 255.945611
220 0.990262 0.027087 257.09965
221 0.990882 0.026001 258.253554
222 0.991171 0.025432 259.40736
223 0.991285 0.025143 260.559873
224 0.991352 0.02493 261.71289
225 0.991351 0.024794 262.868171
226 0.990806 0.026028 264.023932
227 0.990746 0.026255 265.178889
228 0.991133 0.02553 266.346197
229 0.991474 0.024887 267.498835
230 0.992149 0.023518 268.83515
231 0.99167 0.024423 269.993387
232 0.991709 0.024305 271.147572
233 0.991639 0.024542 272.302803
234 0.991166 0.025407 273.457362
235 0.991422 0.024948 274.611558
236 0.99139 0.024981 275.76644
237 0.991083 0.025414 276.918566
238 0.99015 0.027373 278.07101
239 0.990562 0.026645 279.222969
240 0.99061 0.026357 280.377833
241 0.990513 0.026437 281.532957
242 0.99159 0.024467 282.865918
243 0.992004 0.023623 284.024678
244 0.992077 0.023552 285.177564
245 0.992458 0.022808 286.331917
246 0.992692 0.022352 287.486563
247 0.992487 0.022776 288.639415
248 0.992159 0.023661 289.791466
249 0.991694 0.024397 290.9442
250 0.992004 0.023683 292.097741
251 0.991714 0.024389 293.253054
252 0.991837 0.024175 294.408288
253 0.991252 0.025283 295.562348
254 0.990666 0.02648 296.716675
255 0.991649 0.024497 298.056797
256 0.991756 0.024275 299.212057
257 0.991734 0.024345 300.365118

Epoch & Fidelity & KL & Runtime 
1 0.682728 0.676052 1.307885
2 0.838828 0.314791 2.611355
3 0.909209 0.174146 3.915811
4 0.947039 0.102892 5.40425
5 0.962913 0.073976 6.704649
6 0.973695 0.054827 8.005548
7 0.977987 0.04738 9.304941
8 0.981423 0.041538 10.607831
9 0.983376 0.038244 11.908979
10 0.983845 0.037778 13.401423
11 0.984661 0.036499 14.704791
12 0.985404 0.035167 16.004706
13 0.985283 0.035631 17.306901
14 0.985375 0.035448 18.607585
15 0.986096 0.034246 19.907556
16 0.986723 0.03298 21.206512
17 0.98652 0.033654 22.506415
18 0.985523 0.035483 23.810593
19 0.985646 0.035224 25.110186
20 0.985903 0.034715 26.410078
21 0.986971 0.032543 27.89878
22 0.986888 0.032689 29.200077
23 0.986051 0.034323 30.502589
24 0.986365 0.033655 31.804295
25 0.986626 0.033292 33.108011
26 0.98731 0.032138 34.41317
27 0.987473 0.031557 35.71669
28 0.987576 0.031395 37.016909
29 0.987416 0.031769 38.319187
30 0.987518 0.031568 39.621086
31 0.987513 0.031598 40.920905
32 0.987937 0.030769 42.220891
33 0.987777 0.031193 43.718235
34 0.987782 0.03126 45.018484
35 0.988537 0.029683 46.333556
36 0.988647 0.029547 47.634643
37 0.988698 0.029426 48.935011
38 0.988449 0.029925 50.23569
39 0.988111 0.030543 51.536856
40 0.988815 0.029248 52.842028
41 0.988318 0.030315 54.14311
42 0.988856 0.02918 55.446867
43 0.988801 0.029347 56.748837
44 0.988362 0.030265 58.244111
45 0.988377 0.030178 59.545712
46 0.988652 0.029769 60.848443
47 0.989044 0.028954 62.14927
48 0.989021 0.028938 63.451645
49 0.988932 0.028965 64.755234
50 0.988518 0.029788 66.057141
51 0.988588 0.029735 67.360586
52 0.989093 0.028622 68.660756
53 0.988935 0.028969 69.963664
54 0.98897 0.028865 71.263479
55 0.989228 0.028266 72.762595
56 0.989645 0.027632 74.064458
57 0.989559 0.027809 75.364707
58 0.989799 0.027399 76.663872
59 0.989617 0.02782 77.966679
60 0.989565 0.027772 79.26665
61 0.989141 0.028773 80.566879
62 0.98953 0.028153 81.865413
63 0.990046 0.027118 83.166506
64 0.989643 0.027855 84.46667
65 0.988873 0.029215 85.765976
66 0.988288 0.030331 87.066317
67 0.987781 0.031206 88.571119
68 0.987924 0.030832 89.871281
69 0.988653 0.029462 91.172033
70 0.989283 0.028394 92.474671
71 0.989342 0.028392 93.778906
72 0.990051 0.027106 95.081943
73 0.990296 0.026538 96.385923
74 0.989934 0.027272 97.688268
75 0.989769 0.027624 98.99153
76 0.9899 0.027262 100.292696
77 0.989714 0.027656 101.593127
78 0.990266 0.026574 103.093889
79 0.990009 0.027245 104.397337
80 0.990102 0.027045 105.701224
81 0.989932 0.027225 107.002531
82 0.990085 0.027024 108.305504
83 0.989806 0.027523 109.607186
84 0.990001 0.027046 110.910564
85 0.990023 0.027052 112.211817
86 0.990053 0.027019 113.51253
87 0.990406 0.026398 114.814111
88 0.990088 0.026968 116.115005
89 0.989848 0.027404 117.62286
90 0.989833 0.027537 118.924822
91 0.990126 0.026715 120.22527
92 0.989172 0.02864 121.52665
93 0.99019 0.026672 122.828455
94 0.98975 0.027591 124.128164
95 0.989952 0.027249 125.428948
96 0.991097 0.025173 126.727537
97 0.990531 0.026262 128.028098
98 0.990853 0.025555 129.329377
99 0.991008 0.025322 130.62956
100 0.990699 0.025965 131.929202
101 0.990504 0.026503 133.4437
102 0.99132 0.024882 134.748496
103 0.991354 0.024777 136.04962
104 0.990854 0.025709 137.355529
105 0.99037 0.026464 138.658149
106 0.990677 0.025905 139.959594
107 0.990834 0.025492 141.273991
108 0.991 0.025175 142.581647
109 0.990623 0.026083 143.884953
110 0.991081 0.02518 145.186465
111 0.991033 0.025129 146.489357
112 0.99066 0.025934 148.000617
113 0.990646 0.025961 149.302664
114 0.98975 0.027698 150.603851
115 0.990626 0.026133 151.908005
116 0.99079 0.025895 153.209157
117 0.991081 0.025411 154.717075
118 0.990872 0.025603 156.020314
119 0.990905 0.025617 157.321823
120 0.990963 0.025561 158.622469
121 0.99094 0.025473 159.922202
122 0.990865 0.02553 161.222884
123 0.990961 0.02537 162.73309
124 0.991153 0.025022 164.033851
125 0.990789 0.025753 165.336278
126 0.991598 0.024248 166.638252
127 0.991241 0.025034 167.941346
128 0.990748 0.025988 169.243366
129 0.990846 0.025798 170.543393
130 0.991084 0.025311 171.844817
131 0.99095 0.025501 173.148016
132 0.990759 0.025999 174.449414
133 0.991145 0.025217 175.748483
134 0.99108 0.025302 177.047334
135 0.991193 0.025148 178.568046
136 0.990775 0.02584 179.868554
137 0.991068 0.025361 181.17146
138 0.990707 0.026096 182.474557
139 0.989725 0.027953 183.77665
140 0.99051 0.026472 185.078182
141 0.991114 0.025147 186.377827
142 0.990888 0.025649 187.678297
143 0.990994 0.02552 188.978424
144 0.990919 0.02577 190.278411
145 0.991907 0.02379 191.578018
146 0.992028 0.023606 193.0937
147 0.992241 0.023205 194.394215
148 0.992203 0.023315 195.69397
149 0.992103 0.02348 196.995447
150 0.991154 0.025273 198.295588
151 0.99144 0.024753 199.599278
152 0.991304 0.024888 200.902037
153 0.991614 0.024336 202.203069
154 0.991947 0.023687 203.503435
155 0.991868 0.023802 204.807438
156 0.992221 0.023192 206.108772
157 0.992456 0.022851 207.628348
158 0.992333 0.023074 208.927801
159 0.992368 0.02293 210.228603
160 0.992397 0.022897 211.531176
161 0.991966 0.023694 212.834977
162 0.991867 0.023935 214.13736
163 0.991633 0.02428 215.437776
164 0.99154 0.024583 216.739289
165 0.992243 0.023247 218.040948
166 0.992786 0.022181 219.341565
167 0.992665 0.022455 220.64195
168 0.992704 0.022474 221.942629
169 0.992343 0.02313 223.469042
170 0.992544 0.022693 224.769573
171 0.992385 0.023017 226.069913
172 0.992521 0.022591 227.370652
173 0.992095 0.023359 228.671358
174 0.991947 0.023656 229.98451
175 0.99149 0.024573 231.283865
176 0.991819 0.024028 232.585862
177 0.991676 0.024302 233.889771
178 0.992104 0.023434 235.191377
179 0.991523 0.02457 236.49192
180 0.991466 0.024635 238.014459
181 0.991333 0.024865 239.318524
182 0.991803 0.023823 240.621782
183 0.991732 0.023966 241.922468
184 0.991438 0.024609 243.22419
185 0.990712 0.0261 244.525838
186 0.990801 0.026153 245.826832
187 0.991751 0.024309 247.126173
188 0.991997 0.023687 248.42574
189 0.992464 0.022856 249.725241
190 0.99242 0.022826 251.024246
191 0.991769 0.024141 252.552734
192 0.99258 0.022562 253.854306
193 0.992754 0.022212 255.155683
194 0.992853 0.022016 256.455533
195 0.992536 0.022628 257.755155
196 0.99201 0.023538 259.055743
197 0.991946 0.023624 260.355493
198 0.991922 0.023726 261.656597
199 0.992001 0.02367 262.956069
200 0.992572 0.022612 264.258315
201 0.99285 0.022095 265.561472
202 0.992054 0.023672 266.86246
203 0.991718 0.024348 268.395668
204 0.992193 0.023466 269.697413
205 0.992765 0.022204 270.998662
206 0.992833 0.022151 272.303609
207 0.992618 0.022527 273.605232
208 0.993011 0.021655 274.907083
209 0.992866 0.021978 276.210467
210 0.993052 0.021706 277.513167
211 0.99253 0.022688 278.813143
212 0.992709 0.022344 280.113439
213 0.992393 0.022926 281.414966
214 0.992049 0.023558 282.947157
215 0.992553 0.022568 284.246677
216 0.992852 0.021946 285.54582
217 0.992913 0.021868 286.844799
218 0.992805 0.022086 288.147824
219 0.992486 0.022865 289.447231
220 0.991668 0.024454 290.746073
221 0.991512 0.024878 292.045239
222 0.991923 0.024061 293.34591
223 0.992148 0.023504 294.645863
224 0.992021 0.023672 295.948129
225 0.992408 0.022911 297.249274
226 0.992136 0.023408 298.787401
227 0.992523 0.02264 300.088735

Epoch & Fidelity & KL & Runtime 
1 0.665021 0.717379 1.600383
2 0.827198 0.338224 3.195749
3 0.907075 0.177505 5.023106
4 0.946121 0.104463 6.614668
5 0.965733 0.068904 8.206071
6 0.976007 0.050796 9.798851
7 0.980334 0.043371 11.393813
8 0.982246 0.040184 13.226256
9 0.984408 0.036556 14.818817
10 0.985279 0.035134 16.416694
11 0.986093 0.033653 18.013065
12 0.986634 0.032812 19.609552
13 0.98639 0.033252 21.202011
14 0.986818 0.032601 22.796415
15 0.986483 0.033114 24.389398
16 0.987345 0.031725 25.979697
17 0.987066 0.032306 27.824548
18 0.986726 0.03281 29.42386
19 0.987114 0.03208 31.020027
20 0.98802 0.03053 32.614822
21 0.988352 0.029879 34.210045
22 0.988706 0.029272 35.802041
23 0.987867 0.03069 37.396366
24 0.988411 0.029771 38.987239
25 0.987026 0.032243 40.579482
26 0.987635 0.031262 42.188045
27 0.987454 0.031641 44.005033
28 0.987866 0.030953 45.599308
29 0.988401 0.029783 47.191977
30 0.988756 0.029132 48.783721
31 0.989255 0.028283 50.378876
32 0.988914 0.028907 51.973568
33 0.988634 0.029405 53.562869
34 0.98885 0.029027 55.400298
35 0.988782 0.029084 56.995597
36 0.988943 0.028848 58.833147
37 0.988577 0.02954 60.427671
38 0.98894 0.028807 62.019363
39 0.988873 0.028921 63.60978
40 0.988672 0.029271 65.203114
41 0.988261 0.030082 66.798025
42 0.988868 0.028869 68.391679
43 0.989728 0.027335 69.987114
44 0.990032 0.02681 71.585057
45 0.989988 0.02693 73.427227
46 0.990466 0.026135 75.019779
47 0.989959 0.027128 76.618143
48 0.990189 0.026687 78.212499
49 0.99005 0.026906 79.808482
50 0.989881 0.027262 81.405519
51 0.990244 0.026485 83.002023
52 0.99015 0.02655 84.598196
53 0.990265 0.026395 86.192367
54 0.990112 0.026657 88.030504
55 0.990345 0.026304 89.623195
56 0.990162 0.026715 91.217994
57 0.989269 0.028521 92.810134
58 0.989868 0.02734 94.405805
59 0.989461 0.028017 96.002044
60 0.989841 0.027251 97.59482
61 0.989828 0.027131 99.189545
62 0.989813 0.027158 100.785027
63 0.989832 0.027226 102.624915
64 0.990253 0.026481 104.218035
65 0.990422 0.026215 105.814133
66 0.990246 0.026553 107.408886
67 0.990719 0.025666 109.003329
68 0.989908 0.027162 110.597307
69 0.989747 0.02739 112.190763
70 0.990069 0.026914 113.78253
71 0.990177 0.02686 115.370738
72 0.990088 0.026988 116.962322
73 0.989817 0.027332 118.809528
74 0.989939 0.027126 120.4024
75 0.98958 0.027862 121.99522
76 0.989514 0.028076 123.589892
77 0.989584 0.027946 125.182645
78 0.989596 0.027733 126.777803
79 0.989912 0.027322 128.377091
80 0.989775 0.027591 129.972386
81 0.989897 0.027406 131.563673
82 0.990586 0.026024 133.417346
83 0.990472 0.026141 135.011768
84 0.990307 0.026488 136.606754
85 0.990175 0.026762 138.198567
86 0.990307 0.026491 139.791207
87 0.990642 0.025949 141.384738
88 0.991188 0.024928 142.978015
89 0.990745 0.025831 144.582166
90 0.990224 0.026788 146.177405
91 0.990461 0.026392 148.025937
92 0.990615 0.026018 149.622231
93 0.99052 0.026163 151.218937
94 0.990896 0.025472 152.8138
95 0.991227 0.024858 154.408088
96 0.991549 0.024394 156.002087
97 0.991055 0.025305 157.59976
98 0.99108 0.025184 159.195426
99 0.991552 0.024316 160.788595
100 0.990718 0.025941 162.636674
101 0.990762 0.025862 164.234918
102 0.991035 0.02535 165.831603
103 0.990067 0.027198 167.424364
104 0.990791 0.025713 169.016817
105 0.990549 0.026158 170.613571
106 0.990658 0.025998 172.205631
107 0.990869 0.025479 173.798396
108 0.991149 0.024967 175.393559
109 0.99158 0.024197 176.983418
110 0.991931 0.02364 178.837653
111 0.991561 0.024423 180.436415
112 0.990672 0.026149 182.033339
113 0.991076 0.025195 183.62735
114 0.990782 0.025672 185.221553
115 0.991023 0.025179 186.814557
116 0.99085 0.025649 188.410187
117 0.99101 0.025358 190.005702
118 0.990813 0.025746 191.599234
119 0.990528 0.026241 193.453341
120 0.990534 0.026315 195.049797
121 0.991398 0.024708 196.640901
122 0.990852 0.025692 198.235654
123 0.990929 0.0256 199.830011
124 0.991077 0.025367 201.424616
125 0.991511 0.024558 203.019812
126 0.991608 0.024348 204.616014
127 0.991516 0.024382 206.206757
128 0.991413 0.024709 208.057995
129 0.991529 0.024469 209.653947
130 0.991794 0.024016 211.248592
131 0.991481 0.02462 212.844839
132 0.991754 0.024021 214.439204
133 0.991494 0.024503 216.029787
134 0.992247 0.023079 217.62472
135 0.991512 0.024521 219.217629
136 0.99184 0.023809 220.808602
137 0.990731 0.025937 222.660197
138 0.990364 0.026755 224.257302
139 0.991171 0.025168 225.848796
140 0.991461 0.024629 227.443468
141 0.991618 0.024268 229.036798
142 0.991665 0.024221 230.62807
143 0.991409 0.024684 232.220143
144 0.990969 0.025484 233.812729
145 0.990801 0.025939 235.406885
146 0.990793 0.026082 237.000654
147 0.989859 0.027833 238.867711
148 0.990737 0.026159 240.460746
149 0.99131 0.02496 242.055833
150 0.991389 0.024791 243.649031
151 0.990852 0.025833 245.242381
152 0.991406 0.024749 246.835626
153 0.991314 0.025054 248.432607
154 0.991436 0.024734 250.026992
155 0.991165 0.025154 251.617129
156 0.99116 0.025134 253.495641
157 0.991586 0.02439 255.089229
158 0.991154 0.025349 256.680263
159 0.991155 0.025253 258.532755
160 0.991312 0.025011 260.13194
161 0.991847 0.023878 261.723992
162 0.991381 0.024798 263.317592
163 0.991512 0.024588 264.91366
164 0.991738 0.024251 266.506741
165 0.99137 0.025055 268.371596
166 0.991822 0.024213 269.967345
167 0.991907 0.023816 271.55861
168 0.992038 0.02348 273.152641
169 0.991561 0.024431 274.747864
170 0.991963 0.023608 276.341724
171 0.991957 0.023603 277.93719
172 0.991924 0.023628 279.532131
173 0.992239 0.023139 281.122113
174 0.991508 0.02453 282.984602
175 0.991812 0.024116 284.579828
176 0.992116 0.023446 286.172558
177 0.992127 0.023488 287.765879
178 0.992153 0.023433 289.358812
179 0.99201 0.023786 290.952105
180 0.992271 0.023206 292.546122
181 0.991806 0.024206 294.141108
182 0.991774 0.024241 295.734228
183 0.991857 0.023992 297.597564
184 0.992252 0.023124 299.194002
185 0.992021 0.02364 300.790994

