samples: 10000
burn_in: 1000
steps: 100
Exact H:-2.25
   Fidelity  ROE       Mean      Median    CI Width LL on CI  UL on CI  mmRatio  Min Err  Max Err
1  0.912257  0.004005  -2.24099  -2.25000  0.00290  -2.24389  -2.23809  0.99600  0.00272  0.00529  
2  0.973730  0.001458  -2.24672  -2.25000  0.00203  -2.24875  -2.24469  0.99854  0.00055  0.00236  
3  0.983950  0.001211  -2.24727  -2.25000  0.00189  -2.24916  -2.24539  0.99879  0.00037  0.00205  
4  0.984813  0.001350  -2.24696  -2.25000  0.00200  -2.24896  -2.24496  0.99865  0.00046  0.00224  
5  0.984942  0.002021  -2.24545  -2.25000  0.00206  -2.24751  -2.24340  0.99798  0.00111  0.00294  
6  0.985915  0.000748  -2.24832  -2.25000  0.00188  -2.25019  -2.24644  0.99925  0.00009  0.00158  
7  0.986691  0.000963  -2.24783  -2.25000  0.00192  -2.24976  -2.24591  0.99904  0.00011  0.00182  
8  0.986795  0.001408  -2.24683  -2.25000  0.00191  -2.24874  -2.24492  0.99859  0.00056  0.00226  
9  0.987220  0.000774  -2.24826  -2.25000  0.00189  -2.25015  -2.24636  0.99923  0.00007  0.00162  
10  0.987716  0.001649  -2.24629  -2.25000  0.00180  -2.24809  -2.24449  0.99835  0.00085  0.00245  
11  0.987676  0.000731  -2.24836  -2.24899  0.00189  -2.25024  -2.24647  0.99972  0.00011  0.00157  
12  0.988388  0.001904  -2.24572  -2.25000  0.00180  -2.24752  -2.24391  0.99810  0.00110  0.00271  
13  0.988424  0.001352  -2.24696  -2.25000  0.00190  -2.24886  -2.24505  0.99865  0.00051  0.00220  
14  0.988970  0.001396  -2.24686  -2.25000  0.00187  -2.24873  -2.24499  0.99860  0.00057  0.00223  
15  0.988872  0.001012  -2.24772  -2.25000  0.00179  -2.24952  -2.24593  0.99899  0.00022  0.00181  
16  0.988977  0.000747  -2.24832  -2.24700  0.00190  -2.25022  -2.24642  1.00059  0.00010  0.00159  
17  0.989437  0.001115  -2.24749  -2.25000  0.00179  -2.24928  -2.24570  0.99888  0.00032  0.00191  
18  0.989696  0.000928  -2.24791  -2.25000  0.00178  -2.24969  -2.24613  0.99907  0.00014  0.00172  
19  0.989793  0.001016  -2.24771  -2.25000  0.00174  -2.24945  -2.24598  0.99898  0.00024  0.00179  
20  0.990343  0.001291  -2.24709  -2.25000  0.00171  -2.24881  -2.24538  0.99871  0.00053  0.00205  
21  0.990139  0.001623  -2.24635  -2.25000  0.00175  -2.24810  -2.24460  0.99838  0.00084  0.00240  
22  0.989821  0.001670  -2.24624  -2.24824  0.00186  -2.24810  -2.24438  0.99911  0.00084  0.00250  
23  0.990004  0.000753  -2.24830  -2.25000  0.00192  -2.25022  -2.24639  0.99925  0.00010  0.00160  
24  0.990394  0.001362  -2.24694  -2.25000  0.00182  -2.24875  -2.24512  0.99864  0.00055  0.00217  
25  0.990531  0.001149  -2.24742  -2.25000  0.00175  -2.24917  -2.24566  0.99885  0.00037  0.00193  
26  0.990551  0.001123  -2.24747  -2.25000  0.00179  -2.24926  -2.24569  0.99888  0.00033  0.00192  
27  0.990350  0.001363  -2.24693  -2.25000  0.00178  -2.24871  -2.24515  0.99864  0.00057  0.00215  
28  0.990771  0.000353  -2.24921  -2.25000  0.00173  -2.25094  -2.24747  0.99965  0.00042  0.00112  
29  0.990863  0.001827  -2.24589  -2.25000  0.00175  -2.24764  -2.24414  0.99817  0.00105  0.00261  
30  0.991586  0.000727  -2.24836  -2.25000  0.00170  -2.25006  -2.24666  0.99927  0.00003  0.00148  
31  0.991193  0.001019  -2.24771  -2.25000  0.00182  -2.24953  -2.24589  0.99898  0.00021  0.00183  
32  0.991257  0.001872  -2.24579  -2.25000  0.00173  -2.24752  -2.24405  0.99813  0.00110  0.00264  
33  0.991124  0.001765  -2.24603  -2.25000  0.00188  -2.24791  -2.24415  0.99823  0.00093  0.00260  
34  0.991752  0.000836  -2.24812  -2.25000  0.00167  -2.24979  -2.24645  0.99916  0.00009  0.00158  
