samples: 1500
burn_in: 1000
steps: 10

0.632  0.012019  3.342  
0.812  0.00164  6.584  
0.896  0.003584  9.811  
0.937  0.00171  12.993  
0.958  0.001375  16.144  
0.969  0.004262  19.272  
0.976  0.000939  22.402  
0.981  0.000467  25.521  
0.983  0.000728  28.628  
0.984  0.000636  31.715  
0.985  0.001151  34.798  
0.985  0.002245  37.865  
0.985  0.002301  40.988  
0.985  0.001468  44.048  
0.985  0.003284  47.137  
0.985  0.000327  50.221  
0.986  0.000775  53.289  
0.986  0.000557  56.381  
0.986  0.000647  59.458  
0.986  0.00297  62.525  
0.987  0.00017  65.59  
0.987  0.00166  68.667  
0.987  0.004919  71.76  
0.987  0.00194  74.835  
0.986  0.000426  77.883  
0.987  0.000331  80.947  
0.988  0.003189  84.019  
0.987  0.002147  87.109  
0.987  0.000876  90.171  
0.988  0.001014  93.252  
0.987  0.00112  96.331  
0.988  0.002649  99.392  
0.988  0.002498  102.458  
0.988  0.001762  105.508  
0.988  0.002183  108.576  
0.988  0.001546  111.653  
0.988  0.002055  114.723  
0.988  0.00262  117.808  
0.988  0.000515  120.866  
0.988  0.002552  123.941  
0.988  0.004152  127.018  
0.988  0.000587  130.105  
0.988  0.001278  133.185  
0.989  6.8e-05  136.247  
0.988  0.001446  139.319  
0.988  0.001459  142.391  
0.989  0.001512  145.479  
0.989  0.000586  148.539  
0.989  0.000704  151.629  
