samples: 10000
burn_in: 1000
steps: 100
Exact H:-2.25
   Fidelity  ROE       Mean      Median    CI Width LL on CI  UL on CI  mmRatio
1  0.977805  0.001417  -2.24681  -2.25000  0.00201  -2.24883  -2.24480  0.99858  
2  0.984989  0.001329  -2.24701  -2.25000  0.00191  -2.24892  -2.24510  0.99867  
3  0.985656  0.001029  -2.24769  -2.25000  0.00182  -2.24950  -2.24587  0.99897  
4  0.986696  0.000863  -2.24806  -2.25000  0.00179  -2.24985  -2.24626  0.99914  
5  0.987886  0.001081  -2.24757  -2.25000  0.00177  -2.24933  -2.24580  0.99892  
6  0.988584  0.001015  -2.24772  -2.25000  0.00168  -2.24940  -2.24604  0.99899  
7  0.988890  0.001332  -2.24700  -2.25000  0.00174  -2.24875  -2.24526  0.99867  
8  0.988881  0.000769  -2.24827  -2.25000  0.00173  -2.25000  -2.24654  0.99923  
9  0.988156  0.001332  -2.24700  -2.25000  0.00190  -2.24890  -2.24510  0.99867  
10  0.990119  0.001354  -2.24695  -2.25000  0.00159  -2.24855  -2.24536  0.99865  
11  0.989947  0.001717  -2.24614  -2.25000  0.00188  -2.24802  -2.24426  0.99828  
12  0.990527  0.001262  -2.24716  -2.25000  0.00163  -2.24879  -2.24553  0.99874  
13  0.990865  0.000354  -2.24920  -2.25000  0.00167  -2.25087  -2.24753  0.99965  
14  0.991117  0.001225  -2.24724  -2.25000  0.00159  -2.24883  -2.24566  0.99877  
15  0.991414  0.000887  -2.24800  -2.25000  0.00153  -2.24953  -2.24648  0.99911  
