samples: 3000
burn_in: 100
steps: 100
Exact H:-2.25
   Fidelity  ROE       Mean      Median    CI Width LL on CI  UL on CI  mmRatio  Min Err  Max Err
1  0.588120  0.013255  -2.22018  -2.22303  0.01087  -2.23105  -2.20930  0.99871  0.00842  0.01809  
2  0.740605  0.006892  -2.23449  -2.23693  0.00738  -2.24187  -2.22712  0.99891  0.00361  0.01017  
3  0.827172  0.004244  -2.24045  -2.24925  0.00552  -2.24597  -2.23493  0.99609  0.00179  0.00670  
4  0.881377  0.002927  -2.24342  -2.25000  0.00433  -2.24775  -2.23908  0.99707  0.00100  0.00485  
5  0.915726  0.000977  -2.24780  -2.25000  0.00374  -2.25154  -2.24407  0.99902  0.00068  0.00264  
6  0.938409  0.001106  -2.24751  -2.25000  0.00329  -2.25081  -2.24422  0.99889  0.00036  0.00257  
7  0.954259  0.000477  -2.25107  -2.25000  0.00312  -2.25419  -2.24796  1.00048  0.00091  0.00186  
8  0.964169  0.001137  -2.24744  -2.25000  0.00313  -2.25057  -2.24431  0.99886  0.00025  0.00253  
9  0.970310  0.001144  -2.24743  -2.25000  0.00305  -2.25048  -2.24437  0.99886  0.00021  0.00250  
10  0.975334  0.000296  -2.24933  -2.25000  0.00293  -2.25227  -2.24640  0.99970  0.00101  0.00160  
11  0.978917  0.001239  -2.24721  -2.25000  0.00289  -2.25011  -2.24432  0.99876  0.00005  0.00252  
12  0.980963  0.000999  -2.24775  -2.25000  0.00283  -2.25058  -2.24492  0.99900  0.00026  0.00226  
13  0.982860  0.001443  -2.24675  -2.25000  0.00281  -2.24957  -2.24394  0.99856  0.00019  0.00269  
14  0.984043  0.000271  -2.24939  -2.25000  0.00266  -2.25205  -2.24673  0.99973  0.00091  0.00145  
15  0.985200  0.001294  -2.24709  -2.25000  0.00274  -2.24982  -2.24435  0.99871  0.00008  0.00251  
16  0.985669  0.000467  -2.24895  -2.25061  0.00268  -2.25163  -2.24626  0.99926  0.00073  0.00166  
17  0.986441  0.000420  -2.24906  -2.25000  0.00274  -2.25179  -2.24632  0.99958  0.00080  0.00164  
18  0.986937  0.000140  -2.24969  -2.25000  0.00252  -2.25221  -2.24716  0.99986  0.00098  0.00126  
19  0.987336  0.000660  -2.24851  -2.25000  0.00269  -2.25121  -2.24582  0.99934  0.00054  0.00186  
20  0.987533  0.000492  -2.24889  -2.25000  0.00262  -2.25151  -2.24627  0.99951  0.00067  0.00166  
21  0.987612  0.000787  -2.24823  -2.25000  0.00259  -2.25082  -2.24564  0.99921  0.00036  0.00194  
22  0.987815  0.000129  -2.24971  -2.25000  0.00260  -2.25231  -2.24711  0.99987  0.00103  0.00128  
23  0.987866  0.000187  -2.24958  -2.25000  0.00264  -2.25222  -2.24694  0.99981  0.00099  0.00136  
24  0.987742  0.000308  -2.24931  -2.25000  0.00258  -2.25189  -2.24672  0.99969  0.00084  0.00146  
25  0.987755  0.000735  -2.24835  -2.25000  0.00264  -2.25099  -2.24570  0.99927  0.00044  0.00191  
26  0.988083  0.000661  -2.24851  -2.25000  0.00255  -2.25106  -2.24596  0.99934  0.00047  0.00179  
27  0.988304  0.000660  -2.24851  -2.24989  0.00257  -2.25109  -2.24594  0.99939  0.00048  0.00180  
28  0.988341  0.000753  -2.24831  -2.24860  0.00267  -2.25097  -2.24564  0.99987  0.00043  0.00194  
29  0.988419  0.000545  -2.24877  -2.25000  0.00255  -2.25132  -2.24622  0.99946  0.00059  0.00168  
30  0.988605  0.000780  -2.24824  -2.24812  0.00258  -2.25083  -2.24566  1.00006  0.00037  0.00193  
31  0.988585  0.000418  -2.24906  -2.25000  0.00265  -2.25171  -2.24641  0.99958  0.00076  0.00160  
32  0.988772  0.000808  -2.24818  -2.25000  0.00269  -2.25088  -2.24549  0.99919  0.00039  0.00201  
33  0.988969  0.000535  -2.24880  -2.24973  0.00273  -2.25153  -2.24606  0.99959  0.00068  0.00175  
34  0.988939  0.000364  -2.24918  -2.25000  0.00257  -2.25175  -2.24661  0.99964  0.00078  0.00151  
35  0.988882  0.000150  -2.24966  -2.25000  0.00268  -2.25234  -2.24699  0.99985  0.00104  0.00134  
36  0.989090  0.001852  -2.24583  -2.25000  0.00252  -2.24836  -2.24331  0.99815  0.00073  0.00297  
37  0.989127  0.000367  -2.24917  -2.25000  0.00258  -2.25175  -2.24659  0.99963  0.00078  0.00151  
38  0.989133  0.000805  -2.24819  -2.25000  0.00250  -2.25069  -2.24569  0.99919  0.00031  0.00192  
39  0.989117  0.000595  -2.24866  -2.25000  0.00259  -2.25125  -2.24608  0.99941  0.00055  0.00174  
40  0.989213  0.000765  -2.24828  -2.25000  0.00251  -2.25079  -2.24576  0.99923  0.00035  0.00188  
41  0.989331  0.000782  -2.24824  -2.25000  0.00250  -2.25075  -2.24574  0.99922  0.00033  0.00189  
42  0.989362  0.001046  -2.24765  -2.25000  0.00255  -2.25019  -2.24510  0.99895  0.00009  0.00218  
43  0.989385  0.001019  -2.24771  -2.25000  0.00255  -2.25026  -2.24516  0.99898  0.00011  0.00215  
44  0.989525  0.000996  -2.24776  -2.25000  0.00253  -2.25028  -2.24523  0.99900  0.00013  0.00212  
45  0.989486  0.001337  -2.24699  -2.25000  0.00252  -2.24951  -2.24447  0.99866  0.00022  0.00246  
46  0.989502  0.000086  -2.24981  -2.25000  0.00247  -2.25228  -2.24733  0.99991  0.00101  0.00119  
47  0.989537  0.000714  -2.24839  -2.25000  0.00261  -2.25100  -2.24579  0.99929  0.00044  0.00187  
48  0.989448  0.000990  -2.24777  -2.25000  0.00256  -2.25033  -2.24521  0.99901  0.00015  0.00213  
49  0.989528  0.001035  -2.24767  -2.25000  0.00244  -2.25011  -2.24523  0.99897  0.00005  0.00212  
50  0.989536  0.000501  -2.24887  -2.25000  0.00252  -2.25140  -2.24635  0.99950  0.00062  0.00162  
51  0.989657  0.000946  -2.24787  -2.25000  0.00251  -2.25038  -2.24536  0.99905  0.00017  0.00206  
52  0.989882  0.000898  -2.24798  -2.25000  0.00246  -2.25044  -2.24552  0.99910  0.00020  0.00199  
53  0.989780  0.000573  -2.24871  -2.25000  0.00253  -2.25124  -2.24618  0.99943  0.00055  0.00170  
54  0.989826  0.000957  -2.24785  -2.25000  0.00249  -2.25034  -2.24535  0.99904  0.00015  0.00207  
55  0.990060  0.001649  -2.24629  -2.25000  0.00247  -2.24876  -2.24382  0.99835  0.00055  0.00275  
56  0.990023  0.000657  -2.24852  -2.25000  0.00254  -2.25106  -2.24598  0.99934  0.00047  0.00179  
57  0.990224  0.000974  -2.24781  -2.24929  0.00245  -2.25026  -2.24536  0.99934  0.00011  0.00206  
58  0.990251  0.001246  -2.24720  -2.25000  0.00239  -2.24959  -2.24481  0.99875  0.00018  0.00231  
59  0.990309  0.000065  -2.25015  -2.25000  0.00241  -2.25256  -2.24773  1.00006  0.00101  0.00114  
60  0.990351  0.000596  -2.24866  -2.25000  0.00254  -2.25120  -2.24612  0.99940  0.00053  0.00172  
61  0.990392  0.000090  -2.25020  -2.25000  0.00244  -2.25264  -2.24777  1.00009  0.00099  0.00117  
62  0.990467  0.000389  -2.24913  -2.24996  0.00244  -2.25156  -2.24669  0.99963  0.00069  0.00147  
63  0.990427  0.000113  -2.24975  -2.25000  0.00239  -2.25214  -2.24736  0.99989  0.00095  0.00118  
64  0.990452  0.001005  -2.24774  -2.25000  0.00242  -2.25016  -2.24532  0.99900  0.00007  0.00208  
65  0.990480  0.000419  -2.24906  -2.25000  0.00237  -2.25143  -2.24669  0.99958  0.00063  0.00147  
66  0.990506  0.001483  -2.24666  -2.24895  0.00244  -2.24911  -2.24422  0.99898  0.00040  0.00257  
67  0.990463  0.000978  -2.24780  -2.25000  0.00241  -2.25021  -2.24539  0.99902  0.00009  0.00205  
68  0.990406  0.001136  -2.24745  -2.24887  0.00243  -2.24988  -2.24501  0.99937  0.00005  0.00222  
69  0.990508  0.000694  -2.24844  -2.25000  0.00249  -2.25093  -2.24595  0.99931  0.00041  0.00180  
70  0.990557  0.000231  -2.24948  -2.25000  0.00242  -2.25190  -2.24706  0.99977  0.00084  0.00131  
71  0.990480  0.000924  -2.24792  -2.25000  0.00252  -2.25044  -2.24540  0.99908  0.00020  0.00205  
72  0.990560  0.000411  -2.24908  -2.25000  0.00263  -2.25171  -2.24645  0.99959  0.00076  0.00158  
73  0.990561  0.000345  -2.24922  -2.25000  0.00246  -2.25169  -2.24676  0.99966  0.00075  0.00144  
