samples: 5000
burn_in: 1000
steps: 100
Exact H:-2.25
   Fidelity  ROE       Mean      Median    CI Width LL on CI  UL on CI  mmRatio Min Err  Max Err
1  0.911784  0.004294  -2.24034  -2.26403  0.00494  -2.24528  -2.23540  0.98954 0.98954  0.98954
2  0.976718  0.001130  -2.24746  -2.25403  0.00310  -2.25055  -2.24436  0.99708  
3  0.985048  0.000710  -2.24840  -2.25303  0.00260  -2.25100  -2.24581  0.99794  
4  0.986514  0.001270  -2.24714  -2.25000  0.00252  -2.24966  -2.24462  0.99873  
5  0.987370  0.000821  -2.24815  -2.25000  0.00250  -2.25065  -2.24565  0.99918  
6  0.988525  0.000716  -2.24839  -2.25000  0.00245  -2.25084  -2.24594  0.99928  
7  0.989054  0.000571  -2.24871  -2.25000  0.00247  -2.25118  -2.24625  0.99943  
8  0.988914  0.000711  -2.24840  -2.25155  0.00248  -2.25088  -2.24592  0.99860  
9  0.989585  0.000231  -2.24948  -2.25000  0.00245  -2.25193  -2.24703  0.99977  
10  0.989583  0.001331  -2.24701  -2.25000  0.00238  -2.24938  -2.24463  0.99867  
11  0.989258  0.001095  -2.24754  -2.25000  0.00241  -2.24995  -2.24513  0.99891  
12  0.989551  0.000721  -2.24838  -2.25000  0.00249  -2.25087  -2.24588  0.99928  
13  0.990253  0.001337  -2.24699  -2.25000  0.00241  -2.24940  -2.24458  0.99866  
14  0.990230  0.001166  -2.24738  -2.25000  0.00245  -2.24983  -2.24492  0.99883  
15  0.990791  0.000941  -2.24788  -2.25000  0.00216  -2.25004  -2.24572  0.99906  
16  0.991033  0.001479  -2.24667  -2.25000  0.00228  -2.24895  -2.24439  0.99852  
17  0.990642  0.001244  -2.24720  -2.25000  0.00229  -2.24949  -2.24491  0.99876  
18  0.991271  0.000956  -2.24785  -2.25207  0.00213  -2.24998  -2.24572  0.99813  
19  0.991312  0.000703  -2.24842  -2.25000  0.00214  -2.25056  -2.24628  0.99930  
20  0.991012  0.001473  -2.24669  -2.25000  0.00218  -2.24887  -2.24450  0.99853  
21  0.991129  0.000552  -2.24876  -2.25000  0.00213  -2.25089  -2.24663  0.99945  
22  0.991377  0.001166  -2.24738  -2.25000  0.00220  -2.24957  -2.24518  0.99883  
23  0.991766  0.000823  -2.24815  -2.25000  0.00193  -2.25008  -2.24622  0.99918  
24  0.991748  0.000766  -2.24828  -2.25000  0.00198  -2.25026  -2.24629  0.99923  
25  0.991595  0.000361  -2.24919  -2.25000  0.00195  -2.25113  -2.24724  0.99964  
26  0.991856  0.000405  -2.24909  -2.25000  0.00199  -2.25108  -2.24710  0.99959  
27  0.991548  0.000272  -2.25061  -2.25000  0.00211  -2.25272  -2.24851  1.00027  
28  0.992383  0.000232  -2.24948  -2.25000  0.00183  -2.25131  -2.24765  0.99977  
29  0.991829  0.001104  -2.24752  -2.25000  0.00204  -2.24955  -2.24548  0.99890  
30  0.992231  0.001188  -2.24733  -2.25000  0.00189  -2.24922  -2.24544  0.99881  
