samples: 10000
burn_in: 100
steps: 100
Fidelities & ROE & Mean & Variance & STD Error & LL on CI & UL on CI
0.922  0.001512  -2.2466  0.00847  0.00092  -2.24897  -2.24423  
0.974  0.001205  -2.24729  0.00542  0.00074  -2.24918  -2.24539  
0.983  0.000256  -2.24942  0.00446  0.00067  -2.25114  -2.2477  
0.986  0.001096  -2.24753  0.00437  0.00066  -2.24924  -2.24583  
0.986  0.000792  -2.24822  0.00481  0.00069  -2.25  -2.24643  
0.987  0.00149  -2.24665  0.00407  0.00064  -2.24829  -2.24501  
0.988  0.000824  -2.24815  0.00402  0.00063  -2.24978  -2.24651  
0.989  0.00041  -2.24908  0.00365  0.0006  -2.25063  -2.24752  
0.989  0.00165  -2.24629  0.00396  0.00063  -2.24791  -2.24467  
0.989  0.001091  -2.24755  0.00364  0.0006  -2.2491  -2.24599  
0.989  0.000859  -2.24807  0.00425  0.00065  -2.24975  -2.24639  
0.989  0.001081  -2.24757  0.00363  0.0006  -2.24912  -2.24602  
0.989  0.000713  -2.2484  0.00374  0.00061  -2.24997  -2.24682  
0.99  0.000985  -2.24778  0.00351  0.00059  -2.24931  -2.24626  
0.99  0.000888  -2.248  0.00368  0.00061  -2.24957  -2.24644  
0.99  0.000895  -2.24799  0.00348  0.00059  -2.24951  -2.24647  
0.99  0.000889  -2.248  0.00391  0.00063  -2.24961  -2.24639  
0.99  0.000653  -2.24853  0.00372  0.00061  -2.2501  -2.24696  
0.991  0.000484  -2.24891  0.00347  0.00059  -2.25043  -2.24739  
0.991  0.000527  -2.24881  0.00343  0.00059  -2.25032  -2.24731  
0.991  0.000557  -2.24875  0.00356  0.0006  -2.25028  -2.24721  
0.991  0.000934  -2.2479  0.00364  0.0006  -2.24945  -2.24634  
