Learning Rates: 1e-05 0.0001 0.001 0.01 0.1 1 
Epoch & Fidelity & KL & Runtime 
1 0.092322 2.89307 9.829097
2 0.095644 2.821059 19.773638
3 0.097935 2.775263 29.687229
4 0.10005 2.735159 39.600442
5 0.102313 2.694139 49.475809
6 0.104791 2.651009 59.433446
7 0.107563 2.604917 69.270621
8 0.110635 2.556659 79.21858
9 0.114017 2.506749 89.170547
10 0.117765 2.455139 99.147584
11 0.121804 2.403588 109.054697
12 0.126121 2.352751 119.088233
13 0.130656 2.303752 129.081487
14 0.135344 2.257307 139.007611
15 0.140107 2.213914 148.919843
16 0.144825 2.174469 158.741112
17 0.149447 2.13859 168.758726
18 0.153975 2.105709 178.634754
19 0.15837 2.07566 188.481461
20 0.16256 2.048436 198.422375
21 0.166488 2.023616 208.451201
22 0.170246 2.000521 218.453519
23 0.173829 1.97885 228.377861
24 0.177261 1.958395 238.279715
25 0.180486 1.938938 248.147063
26 0.183487 1.920385 258.192038
27 0.186484 1.902312 268.13846
28 0.18945 1.88476 278.057719
29 0.192275 1.868124 288.091552
30 0.19508 1.852172 297.988734
31 0.197852 1.836507 307.924475
32 0.200458 1.821668 317.991848
33 0.202996 1.80769 327.908213
34 0.205475 1.794122 337.789701
35 0.207839 1.781315 347.725008
36 0.210313 1.768753 357.651144
37 0.212782 1.756685 367.5264
38 0.215126 1.74502 377.567566
39 0.217425 1.733673 387.386254
40 0.219729 1.722707 397.292706
41 0.221846 1.712165 407.188937
42 0.22394 1.701794 417.107511
43 0.226065 1.691469 427.044035
44 0.228162 1.681173 437.061915
45 0.230213 1.670981 447.049076
46 0.232252 1.661008 456.973165
47 0.2343 1.65096 466.959702
48 0.236299 1.640861 476.942659
49 0.238268 1.630808 486.856589
50 0.240281 1.620523 496.786614
51 0.242262 1.610342 506.741708

Epoch & Fidelity & KL & Runtime 
1 0.107352 2.590333 9.859504
2 0.151661 2.121768 19.868215
3 0.185168 1.907891 29.687883
4 0.211095 1.740078 39.557919
5 0.234973 1.615251 49.492413
6 0.256861 1.510787 59.492862
7 0.276367 1.419081 69.490518
8 0.296045 1.336304 79.420218
9 0.314884 1.263454 89.455771
10 0.332724 1.197672 99.291494
11 0.351019 1.139069 109.344058
12 0.368712 1.08556 119.196661
13 0.384601 1.039919 129.081576
14 0.402098 0.992257 139.057796
15 0.417177 0.951024 148.936722
16 0.432926 0.912193 158.836704
17 0.448125 0.878166 168.802993
18 0.462207 0.847023 178.685682
19 0.475527 0.820989 188.568383
20 0.488409 0.798785 198.538655
21 0.499842 0.776646 208.476888
22 0.511 0.759466 218.445622
23 0.520431 0.745814 228.320435
24 0.529075 0.730136 238.141458
25 0.537546 0.718144 247.957531
26 0.545147 0.705651 257.770716
27 0.552814 0.694598 267.743633
28 0.55824 0.685056 277.71382
29 0.564168 0.674541 287.611086
30 0.568461 0.667142 297.635133
31 0.573279 0.659776 307.54864
32 0.578566 0.650745 317.453782
33 0.583512 0.63966 327.364686
34 0.587854 0.632502 337.262638
35 0.591934 0.624786 347.340089
36 0.594582 0.617289 357.376749
37 0.599732 0.60824 367.253622
38 0.603498 0.601349 377.191894
39 0.606654 0.595754 387.095831
40 0.610005 0.588012 397.018873
41 0.61393 0.581166 406.884072
42 0.617487 0.573431 416.756326
43 0.61918 0.569602 426.77913
44 0.623365 0.562612 436.714404
45 0.627552 0.553982 446.643641
46 0.629878 0.548915 456.66344
47 0.632311 0.543846 466.611882
48 0.634364 0.536286 476.588001
49 0.637315 0.530624 486.561477
50 0.639719 0.524995 496.456612
51 0.643295 0.518925 506.325208

Epoch & Fidelity & KL & Runtime 
1 0.330075 1.234014 9.926589
2 0.503777 0.774399 19.883906
3 0.575965 0.662607 29.861125
4 0.620696 0.559668 39.887393
5 0.663915 0.479128 49.898922
6 0.700182 0.420042 59.837906
7 0.738193 0.370029 69.757679
8 0.75122 0.358541 79.683018
9 0.761221 0.368258 89.560456
10 0.642774 0.785678 99.513986
11 0.586944 1.087388 109.612216
12 0.501225 1.514306 119.486713
13 0.337372 2.972714 129.405818
14 0.208721 4.611341 139.477617
15 0.13027 5.594048 149.441893
16 0.093852 6.700043 159.474101
17 0.091629 6.935185 169.395262
18 0.089745 6.984746 179.223014
19 0.095836 6.88008 189.155376
20 0.095155 6.948028 199.212879
21 0.090709 6.883314 209.10382
22 0.086375 6.767554 219.013769
23 0.085752 6.866131 228.968194
24 0.069373 7.219125 238.892795
25 0.052327 7.356846 248.833828
26 0.049194 7.550501 258.729318
27 0.052147 7.404856 268.685981
28 0.05179 7.58838 278.61331
29 0.048506 7.509498 288.547319
30 0.049653 7.4792 298.604083
31 0.043542 7.66633 308.705161
32 0.0311 7.966413 318.796485
33 0.021631 8.45232 328.872565
34 0.034653 7.773217 338.746238
35 0.029345 7.979971 348.761475
36 0.024588 8.364233 358.69918
37 0.027077 8.489902 368.636288
38 0.019014 8.944158 378.559742
39 0.018196 9.000948 388.452557
40 0.012693 9.480903 398.440606
41 0.018037 8.952317 408.442344
42 0.01596 8.986958 418.354888
43 0.010147 9.835066 428.273707
44 0.01101 9.738839 438.307866
45 0.00871 10.032798 448.129809
46 0.007735 10.257826 458.116742
47 0.006435 10.311074 468.120621
48 0.007219 10.114799 478.09517
49 0.007131 10.182728 488.139819
50 0.00459 10.947919 498.204999
51 0.004517 10.96853 508.068653

Epoch & Fidelity & KL & Runtime 
1 0.520542 1.272289 9.992126
2 0.429392 2.013174 20.054285
3 0.094579 3.590884 30.001243
4 0.01334 6.515731 40.013765
5 0.001583 9.350197 49.956058
6 0.000398 11.258943 59.884329
7 0.000106 13.623483 69.885026
8 4.7e-05 14.527113 79.903337
9 2.5e-05 16.037923 89.787253
10 7e-06 16.591645 99.775414
11 2e-06 19.359301 109.762719
12 1e-06 20.526829 119.752153
13 2e-06 20.153779 129.695523
14 3e-06 19.284305 139.806837
15 1e-06 20.19059 149.764096
16 1e-06 21.221945 159.844511
17 1e-06 22.049146 169.833461
18 2e-06 20.81661 179.842671
19 0.0 21.454841 189.742237
20 1e-06 22.180025 199.674537
21 0.0 23.238034 209.741793
22 0.0 23.097141 219.744687
23 0.0 24.299773 229.87511
24 0.0 22.777165 239.783514
25 0.0 22.495401 249.796224
26 0.0 23.415551 259.868237
27 0.0 24.93807 269.787001
28 0.0 25.320176 279.7261
29 0.0 24.51062 289.658792
30 0.0 25.844037 299.714694
31 0.0 25.030463 309.679537
32 0.0 24.251942 319.611101
33 0.0 24.510145 329.539454
34 0.0 26.261779 339.453109
35 0.0 28.418346 349.404472
36 0.0 24.723859 359.327919
37 0.0 24.514686 369.288824
38 0.0 25.321587 379.283012
39 0.0 25.089107 389.340509
40 0.0 25.36759 399.297111
41 0.0 25.210395 409.342546
42 0.0 26.05661 419.379584
43 0.0 25.715372 429.419379
44 0.0 25.489248 439.500527
45 0.0 26.846085 449.360888
46 0.0 26.056177 459.304114
47 0.0 27.264365 469.265523
48 0.0 27.81168 479.24169
49 0.0 28.169059 489.183745
50 0.0 24.127971 499.133887
51 0.0 24.831226 509.04259

Epoch & Fidelity & KL & Runtime 
1 0.359443 1.775655 9.871142
2 0.203021 4.847018 19.924831
3 0.252608 4.63852 29.882158
4 0.136869 5.938519 39.90082
5 0.166355 6.844741 49.98323
6 0.149027 5.364185 59.963313
7 0.195566 4.699771 70.035565
8 0.139553 6.498921 80.053251
9 0.060716 7.550083 90.058558
10 0.124027 7.955594 100.140447
11 0.061083 7.710574 110.088551
12 0.135805 7.468715 119.997241
13 0.159514 7.082166 129.992618
14 0.088337 7.258741 139.987622
15 0.200324 5.939213 149.975899
16 0.218927 6.036512 159.97268
17 0.192595 5.571326 169.967828
18 0.164722 7.99954 179.982627
19 0.204538 7.068754 190.079445
20 0.140639 6.566234 200.144994
21 0.208564 6.025273 210.132787
22 0.171518 6.663437 220.096969
23 0.19055 6.916662 230.036597
24 0.185375 6.153621 239.982174
25 0.188052 8.514196 250.033745
26 0.121329 6.252824 260.149365
27 0.161755 5.56761 270.176412
28 0.14818 6.85917 280.136734
29 0.17609 6.907641 290.058907
30 0.031157 13.279205 300.132011
31 0.189069 7.110296 310.01233
32 0.172352 6.814365 319.965408
33 0.106424 8.062617 329.811538
34 0.086098 10.443393 339.927043
35 0.139104 7.371343 350.098093
36 0.225935 6.382306 360.029018
37 0.108851 7.454627 370.041789
38 0.228469 5.758476 380.141939
39 0.189473 5.37268 390.013884
40 0.165106 8.085066 400.05212
41 0.188357 6.532156 410.108335
42 0.164913 5.187618 419.993471
43 0.178495 5.992859 430.130577
44 0.114153 5.821271 440.10705
45 0.201521 5.64903 450.143991
46 0.265468 4.525736 460.208079
47 0.234834 5.804636 470.277663
48 0.150359 5.056466 480.247515
49 0.125931 5.004554 490.343905
50 0.18771 5.303639 500.338099

Epoch & Fidelity & KL & Runtime 
1 0.070713 3.869447 9.939476
2 0.071565 3.408462 19.871478
3 0.070935 4.694298 29.982111
4 0.055212 4.232799 40.000044
5 0.075586 3.420611 50.064518
6 0.05258 4.190192 60.159112
7 0.051215 4.720372 70.194034
8 0.062577 3.759541 80.178577
9 0.067028 3.654499 90.247413
10 0.064138 4.204078 100.123894
11 0.080412 4.080273 110.255049
12 0.057204 4.135968 120.231933
13 0.048088 4.003594 130.274308
14 0.065468 3.935184 140.429918
15 0.063966 3.794684 150.44844
16 0.069243 3.655375 160.547372
17 0.054429 3.924331 170.529993
18 0.078899 4.184344 180.66313
19 0.05827 4.003453 190.561378
20 0.056263 4.097614 200.706488
21 0.055302 4.199887 210.711432
22 0.078395 3.570168 220.544948
23 0.06418 4.081318 230.600343
24 0.073815 4.231569 240.578918
25 0.057727 4.092765 250.455998
26 0.076949 3.689048 260.501224
27 0.067174 4.193272 270.604261
28 0.062927 3.838109 280.561652
29 0.065547 3.679038 290.623803
30 0.070739 3.392402 300.824552
31 0.069537 4.286594 310.817811
32 0.05106 4.164572 320.811269
33 0.076119 3.382247 330.837453
34 0.054473 4.069874 340.695637
35 0.071912 3.846621 350.812796
36 0.073507 3.402723 360.913604
37 0.05637 3.941273 370.819771
38 0.075202 3.750578 380.887514
39 0.059669 4.039542 390.95127
40 0.064821 3.731613 400.889589
41 0.064394 4.296809 411.006065
42 0.051347 4.396312 421.084063
43 0.07048 3.483584 430.901802
44 0.082397 3.713099 441.024906
45 0.076282 3.360495 451.166073
46 0.07586 3.379654 461.142942
47 0.082918 3.410976 471.241018
48 0.063359 3.772756 481.384948
49 0.067148 3.560691 491.289246
50 0.071757 4.036585 501.438005

