Batch size is 128

Optimizer is Adadelta
Epoch & Fidelity & Runtime 
100 0.794727 11.21667
200 0.702984 22.343847
300 0.567103 33.499114
400 0.467296 44.62899
500 0.356713 55.799332
600 0.304819 66.97365
700 0.263563 78.1522
800 0.277534 89.304274
900 0.251472 100.492275
1000 0.238874 111.670022

Optimizer is Adam
Epoch & Fidelity & Runtime 
100 0.615601 10.922901
200 0.732163 21.683611
300 0.707023 32.561169
400 0.64219 43.394973
500 0.529346 54.222899
600 0.388036 65.038694
700 0.363911 75.877749
800 0.232689 86.692677
900 0.143972 97.50592
1000 0.133149 108.336657

Optimizer is Adamax
Epoch & Fidelity & Runtime 
100 0.577777 12.104325
200 0.69498 24.089772
300 0.747623 36.060675
400 0.692446 48.021882
500 0.650444 60.01943
600 0.647655 72.049644
700 0.589885 84.065267
800 0.516982 96.070238
900 0.42026 108.06038
1000 0.293355 120.091286

Optimizer is RMSprop
Epoch & Fidelity & Runtime 
100 0.06066 10.645825
200 0.164077 21.117786
300 0.170967 31.583055
400 0.133337 42.089143
500 0.095984 52.590632
600 0.075382 63.092668
700 0.062304 73.630472
800 0.085733 84.15933
900 0.163053 94.669222
1000 0.109814 105.210515

Optimizer is SGD
Epoch & Fidelity & Runtime 
100 0.450799 9.953001
200 0.558725 19.689404
300 0.596687 29.42112
400 0.640098 39.203338
500 0.682735 48.981724
600 0.720586 58.751616
700 0.752451 68.5291
800 0.776119 78.281807
900 0.793831 88.083522
1000 0.806668 97.891947

Optimizer is SGD $\gamma$ = 0.9
Epoch & Fidelity & Runtime 
100 0.782649 10.186913
200 0.840365 20.167943
300 0.853962 30.191032
400 0.856558 40.25169
500 0.85998 50.265622
600 0.841807 60.32061
700 0.859966 70.349762
800 0.847581 80.364311
900 0.851089 90.445903
1000 0.842358 100.557078

Optimizer is NAG $\gamma$ = 0.9
Epoch & Fidelity & Runtime 
100 0.790966 10.397885
200 0.841467 20.651582
300 0.857441 30.930095
400 0.872416 41.145776
500 0.866964 51.383136
600 0.880471 61.685603
700 0.876078 71.972217
800 0.879715 82.27629
900 0.873847 92.599276
1000 0.869739 102.837964

