Batch size is 100

Optimizer is Adadelta
Epoch & Fidelity & Runtime 
100 0.951026 6.219353
200 0.940308 11.813449
300 0.946485 17.407539
400 0.935055 22.923874
500 0.963935 28.463415
600 0.952247 33.995162
700 0.955243 39.589164
800 0.970451 45.120564
900 0.971621 50.667705
1000 0.971426 56.277222

Optimizer is Adam
Epoch & Fidelity & Runtime 
100 0.787197 5.328301
200 0.904078 10.672194
300 0.937624 16.032175
400 0.943812 21.400767
500 0.946022 26.682199
600 0.950847 31.995317
700 0.950792 37.276731
800 0.945886 42.655784
900 0.956565 48.015447
1000 0.958485 53.437503

Optimizer is Adamax
Epoch & Fidelity & Runtime 
100 0.747588 6.547312
200 0.874306 12.617576
300 0.919174 18.789609
400 0.935273 24.852349
500 0.943565 31.04041
600 0.952623 37.12314
700 0.952625 43.107748
800 0.955236 49.10798
900 0.953778 55.170716
1000 0.954342 61.311638

Optimizer is RMSprop
Epoch & Fidelity & Runtime 
100 0.905729 5.102592
200 0.808201 10.19651
300 0.862694 15.352979
400 0.687211 20.572247
500 0.595199 25.752266
600 0.519124 30.908703
700 0.431383 36.018603
800 0.402663 41.159416
900 0.386577 46.572942
1000 0.501172 51.698442

Optimizer is SGD
Epoch & Fidelity & Runtime 
100 0.645062 4.781445
200 0.719305 9.531654
300 0.756581 14.266123
400 0.801313 18.962854
500 0.837061 23.728687
600 0.86407 28.463274
700 0.88382 33.119631
800 0.898201 38.021365
900 0.909938 42.772786
1000 0.920681 47.491888

Optimizer is SGD $\gamma$ = 0.9
Epoch & Fidelity & Runtime 
100 0.899378 4.890816
200 0.954358 9.937865
300 0.967768 14.844196
400 0.976074 19.767076
500 0.98117 24.69559
600 0.984619 29.555059
700 0.987219 34.493201
800 0.985993 39.399663
900 0.987667 44.240845
1000 0.989762 49.084856

Optimizer is NAG $\gamma$ = 0.9
Epoch & Fidelity & Runtime 
100 0.89228 5.156403
200 0.946041 10.812912
300 0.963369 15.882046
400 0.972935 21.444714
500 0.976876 26.804398
600 0.977504 31.867079
700 0.981285 36.937127
800 0.982418 41.952966
900 0.978472 47.015661
1000 0.980188 52.015852

