samples: 15000
burn_in: 1000
steps: 100
Exact H:-3.5
   Fidelity  ROE       Mean      Median    CI Width LL on CI  UL on CI  mmRatio  Min Err  Max Err
1  0.759934  0.015440  -3.44596  -3.43220  0.00545  -3.45141  -3.44050  1.00401  0.01388  0.01700  
2  0.887954  0.005890  -3.47938  -3.47357  0.00365  -3.48304  -3.47573  1.00167  0.00485  0.00693  
3  0.941766  0.002972  -3.48960  -3.48937  0.00294  -3.49254  -3.48665  1.00007  0.00213  0.00381  
4  0.965127  0.002112  -3.49261  -3.49770  0.00272  -3.49532  -3.48989  0.99855  0.00134  0.00289  
5  0.977532  0.001874  -3.49344  -3.49632  0.00258  -3.49602  -3.49086  0.99918  0.00114  0.00261  
6  0.984539  0.001747  -3.49389  -3.50003  0.00247  -3.49635  -3.49142  0.99824  0.00104  0.00245  
7  0.987998  0.001486  -3.49480  -3.50217  0.00233  -3.49713  -3.49247  0.99790  0.00082  0.00215  
8  0.990112  0.001304  -3.49544  -3.50213  0.00232  -3.49776  -3.49311  0.99809  0.00064  0.00197  
9  0.991258  0.001541  -3.49461  -3.50093  0.00236  -3.49696  -3.49225  0.99819  0.00087  0.00221  
10  0.991903  0.002155  -3.49246  -3.49757  0.00240  -3.49486  -3.49006  0.99854  0.00147  0.00284  
11  0.992354  0.002303  -3.49194  -3.49519  0.00235  -3.49429  -3.48958  0.99907  0.00163  0.00298  
12  0.992561  0.001603  -3.49439  -3.49951  0.00238  -3.49677  -3.49201  0.99854  0.00092  0.00228  
13  0.992995  0.001350  -3.49527  -3.49943  0.00229  -3.49757  -3.49298  0.99881  0.00069  0.00201  
14  0.993312  0.001567  -3.49451  -3.50027  0.00232  -3.49683  -3.49220  0.99835  0.00091  0.00223  
