samples: 1500
burn_in: 10
steps: 100

0.833  0.00518  10.488  
0.938  0.001859  20.512  
0.971  0.00159  30.324  
0.983  0.002557  40.266  
0.988  0.002202  50.226  
0.991  0.001688  60.407  
0.993  0.000757  70.769  
0.992  0.001127  81.086  
0.992  0.003032  91.328  
0.992  0.000523  101.633  
0.991  0.001772  111.968  
0.993  0.001996  122.159  
0.991  0.002839  132.56  
0.991  0.001678  143.078  
0.992  0.00063  153.436  
0.991  0.00061  163.59  
0.991  0.001345  173.977  
0.99  0.001585  184.337  
0.99  0.00087  194.5  
0.988  0.001728  204.824  
0.989  0.000621  215.162  
0.99  0.001415  225.391  
0.99  0.003074  235.744  
0.993  0.000449  246.266  
0.992  0.002342  256.604  
