samples: 1500
burn_in: 100
steps: 100

0.68  0.006484  2.622  
0.822  0.003702  5.165  
0.899  0.001595  7.653  
0.935  0.002456  10.1  
0.954  0.002908  12.549  
0.966  0.000184  14.981  
0.973  0.001708  17.366  
0.978  0.003222  19.707  
0.979  0.000397  22.038  
0.983  0.000392  24.377  
0.984  0.000823  26.719  
0.985  0.000345  29.061  
0.986  0.001888  31.41  
0.986  0.001165  33.787  
0.986  0.000464  36.155  
0.986  0.000143  38.519  
0.986  0.000695  40.87  
0.986  0.002762  43.335  
0.987  0.001753  45.684  
0.987  0.001188  48.057  
0.987  0.000152  50.388  
0.987  0.000851  52.729  
0.987  0.000779  55.069  
0.987  0.00123  57.411  
0.987  0.000337  59.777  
0.987  0.000668  62.109  
0.987  0.000948  64.461  
0.988  0.001582  66.771  
0.988  0.00017  69.079  
0.988  0.001049  71.399  
0.988  0.000494  73.762  
0.988  0.000404  76.054  
0.988  0.000391  78.33  
0.987  0.00027  80.66  
0.987  0.001924  82.984  
0.988  0.00316  85.33  
0.988  0.000114  87.664  
0.989  0.0014  90.075  
0.989  0.00283  92.413  
0.989  0.001144  94.73  
0.99  0.002103  97.08  
0.99  0.001276  99.398  
0.99  0.000219  101.727  
0.99  0.001586  104.094  
0.989  0.000257  106.427  
0.989  0.001129  108.758  
0.989  0.001222  111.091  
0.989  0.002051  113.42  
0.989  0.000184  115.75  
0.988  0.001617  118.104  
0.989  5.4e-05  120.473  
0.989  0.001368  122.844  
0.99  0.002382  125.201  
0.989  0.001395  127.544  
0.99  0.000296  129.878  
0.99  0.001796  132.215  
0.99  0.001539  134.563  
0.99  0.001467  136.874  
0.99  0.001656  139.18  
0.99  0.000802  141.507  
0.99  0.000336  143.861  
0.99  0.00185  146.199  
0.99  0.000299  148.539  
0.99  0.00159  150.873  
