samples: 4500
burn_in: 100
steps: 100

0.712  0.010092  6.24  
0.836  0.005991  12.234  
0.902  0.003863  18.108  
0.939  0.00183  23.858  
0.957  0.001792  29.583  
0.967  0.001345  35.239  
0.973  0.001041  40.815  
0.978  0.000314  46.412  
0.981  0.001211  51.953  
0.982  0.000703  57.471  
0.982  0.000671  62.99  
0.983  0.000936  68.497  
0.983  0.001354  74.01  
0.983  8.6e-05  79.535  
0.983  0.000826  84.987  
0.984  0.000996  90.469  
0.984  0.002016  95.965  
0.984  0.001496  101.446  
0.984  0.002239  106.911  
0.985  0.001159  112.386  
0.985  0.001714  117.887  
0.985  0.000542  123.358  
0.985  0.001632  128.823  
0.985  0.001635  134.28  
0.985  0.001306  139.743  
0.986  0.001866  145.178  
0.985  0.000244  150.638  
