samples: 1500
burn_in: 10
steps: 100

0.69  0.006234  2.528  
0.832  0.000789  4.938  
0.9  0.001137  7.302  
0.937  0.001163  9.638  
0.957  0.000229  11.998  
0.966  0.001197  14.294  
0.973  0.000505  16.58  
0.977  0.000675  18.833  
0.98  0.000275  21.102  
0.982  0.001071  23.391  
0.983  0.001462  25.685  
0.984  0.001332  27.928  
0.985  0.00172  30.139  
0.985  0.001015  32.393  
0.984  0.000284  34.612  
0.985  0.001419  36.83  
0.985  0.000463  39.091  
0.985  0.000133  41.35  
0.986  0.000683  43.569  
0.986  0.000769  45.759  
0.986  0.00151  47.998  
0.987  0.000599  50.209  
0.987  0.001495  52.431  
0.987  0.001166  54.616  
0.987  0.001537  56.868  
0.987  0.000426  59.052  
0.988  0.001808  61.243  
0.988  0.000583  63.449  
0.987  0.00094  65.651  
0.988  7e-06  67.859  
0.988  0.001224  70.102  
0.987  0.001467  72.386  
0.987  0.001045  74.595  
0.987  0.000364  76.812  
0.987  0.001241  79.05  
0.987  0.001481  81.256  
0.987  0.000656  83.485  
0.987  2.9e-05  85.79  
0.988  0.000548  88.051  
0.988  0.000619  90.279  
0.988  0.001871  92.5  
0.988  0.000581  94.726  
0.988  0.002631  96.96  
0.988  0.000755  99.212  
0.989  0.001002  101.466  
0.989  0.001558  103.674  
0.989  0.00143  105.879  
0.988  0.000348  108.084  
0.989  0.000855  110.3  
0.989  0.000684  112.523  
0.989  0.000623  114.753  
0.989  0.000461  117.002  
0.989  0.000704  119.265  
0.989  0.000629  121.496  
0.989  1.1e-05  123.74  
0.989  0.001084  125.989  
0.989  0.002663  128.236  
0.99  0.00188  130.494  
0.989  0.000811  132.749  
0.988  0.002549  134.996  
0.988  0.001748  137.272  
0.988  0.001571  139.545  
0.989  0.000666  141.838  
0.989  0.000346  144.101  
0.989  0.000534  146.389  
0.99  0.000938  148.646  
0.989  0.00106  150.917  
