samples: 1500
burn_in: 1000
steps: 100

0.715  0.014394  3.301  
0.841  0.00657  6.55  
0.908  0.004691  9.745  
0.942  0.000663  12.908  
0.959  0.001267  16.051  
0.969  0.001299  19.168  
0.974  0.002249  22.264  
0.978  0.003191  25.355  
0.981  0.001752  28.462  
0.982  0.004933  31.56  
0.983  0.000965  34.659  
0.984  0.000579  37.779  
0.985  0.001687  40.854  
0.985  0.003462  43.926  
0.985  0.001959  46.98  
0.985  0.003239  50.052  
0.985  0.002425  53.127  
0.986  0.001342  56.205  
0.986  0.003794  59.301  
0.986  0.00105  62.347  
0.987  0.004129  65.42  
0.987  0.00012  68.496  
0.987  0.000714  71.539  
0.987  0.00181  74.597  
0.986  0.003402  77.656  
0.987  0.001583  80.736  
0.987  0.002904  83.833  
0.988  0.0021  86.884  
0.988  0.002201  89.942  
0.987  3.3e-05  92.979  
0.988  0.002526  96.048  
0.987  0.00058  99.122  
0.987  0.00148  102.202  
0.987  0.001826  105.27  
0.986  0.003477  108.346  
0.987  0.00088  111.387  
0.987  0.001114  114.463  
0.987  0.00099  117.508  
0.988  0.002446  120.561  
0.987  0.001486  123.609  
0.987  0.002409  126.686  
0.986  0.001013  129.755  
0.987  0.000806  132.821  
0.987  0.000192  135.872  
0.988  0.002158  138.919  
0.988  0.00193  142.006  
0.987  0.001207  145.063  
0.987  0.002289  148.132  
0.987  0.003224  151.204  
