samples: 3000
burn_in: 10
steps: 1000

0.641  0.025015  4.281  
0.808  0.009228  8.385  
0.892  0.004129  12.367  
0.935  0.00295  16.312  
0.955  0.001804  20.195  
0.966  0.00199  24.068  
0.976  0.003755  27.878  
0.98  0.001904  31.663  
0.983  0.001343  35.429  
0.984  0.00115  39.236  
0.985  0.001302  43.006  
0.985  0.001724  46.761  
0.985  0.000648  50.509  
0.986  0.001003  54.254  
0.986  0.001974  58.005  
0.987  0.001768  61.727  
0.986  0.001742  65.468  
0.987  0.001614  69.249  
0.988  0.000601  72.987  
0.987  0.001596  76.699  
0.987  0.000622  80.444  
0.987  0.001295  84.191  
0.987  0.000171  87.945  
0.986  0.002443  91.658  
0.987  0.00024  95.463  
0.987  0.000702  99.221  
0.987  0.00234  102.974  
0.988  0.00142  106.695  
0.988  0.001576  110.433  
0.988  0.000794  114.193  
0.988  0.001835  117.937  
0.988  0.002201  121.703  
0.988  0.000811  125.46  
0.988  0.001311  129.192  
0.989  0.001012  132.904  
0.988  0.001103  136.623  
0.988  0.001142  140.335  
0.988  0.000596  144.097  
0.988  0.000265  147.83  
0.988  0.002476  151.578  
