samples: 4500
burn_in: 100
steps: 1000

0.641  0.012381  6.355  
0.817  0.005802  12.442  
0.896  0.004068  18.355  
0.939  0.002308  24.096  
0.96  0.001874  29.785  
0.97  0.003579  35.393  
0.977  0.004215  40.98  
0.981  0.000651  46.546  
0.984  0.002003  52.088  
0.985  0.002063  57.618  
0.986  0.003153  63.114  
0.986  0.003564  68.595  
0.987  0.002364  74.083  
0.988  0.001818  79.571  
0.987  0.002277  85.071  
0.987  0.000839  90.599  
0.987  0.002132  96.073  
0.987  0.002123  101.586  
0.987  0.001851  107.086  
0.987  0.00165  112.534  
0.987  0.001591  118.024  
0.988  0.001695  123.495  
0.988  0.001799  128.929  
0.988  0.001723  134.416  
0.989  0.00238  139.907  
0.989  0.001594  145.369  
0.988  0.002008  150.839  
