samples: 10000
burn_in: 1000
steps: 100
Exact H:-2.25
   Fidelity  ROE       Mean      Median    CI Width LL on CI  UL on CI  mmRatio  Min Err  Max Err
1  0.589030  0.013830  -2.21888  -2.20877  0.00515  -2.22403  -2.21374  1.00458  0.01154  0.01612  
2  0.738509  0.007146  -2.23392  -2.23547  0.00410  -2.23802  -2.22982  0.99931  0.00533  0.00897  
3  0.826632  0.005046  -2.23865  -2.24190  0.00364  -2.24229  -2.23501  0.99855  0.00343  0.00666  
4  0.881412  0.003937  -2.24114  -2.25000  0.00336  -2.24450  -2.23778  0.99606  0.00245  0.00543  
5  0.917048  0.002078  -2.24532  -2.25000  0.00301  -2.24833  -2.24231  0.99792  0.00074  0.00342  
6  0.939773  0.001820  -2.24591  -2.25000  0.00283  -2.24874  -2.24307  0.99818  0.00056  0.00308  
7  0.953596  0.002640  -2.24406  -2.25000  0.00278  -2.24684  -2.24128  0.99736  0.00140  0.00388  
8  0.963405  0.002281  -2.24487  -2.25000  0.00261  -2.24748  -2.24226  0.99772  0.00112  0.00344  
9  0.970274  0.002452  -2.24448  -2.25000  0.00263  -2.24711  -2.24185  0.99755  0.00128  0.00362  
10  0.975271  0.001988  -2.24553  -2.25000  0.00251  -2.24804  -2.24302  0.99801  0.00087  0.00310  
11  0.978489  0.001793  -2.24597  -2.25000  0.00249  -2.24846  -2.24347  0.99821  0.00069  0.00290  
12  0.980551  0.001360  -2.24694  -2.25000  0.00247  -2.24941  -2.24447  0.99864  0.00026  0.00246  
13  0.982177  0.001557  -2.24650  -2.25000  0.00245  -2.24894  -2.24405  0.99844  0.00047  0.00264  
14  0.983601  0.001290  -2.24710  -2.25000  0.00236  -2.24946  -2.24474  0.99871  0.00024  0.00234  
15  0.984726  0.001714  -2.24614  -2.25000  0.00243  -2.24857  -2.24371  0.99829  0.00063  0.00279  
16  0.985101  0.001273  -2.24714  -2.25000  0.00234  -2.24948  -2.24479  0.99873  0.00023  0.00231  
17  0.985440  0.002268  -2.24490  -2.25000  0.00235  -2.24725  -2.24255  0.99773  0.00122  0.00331  
18  0.985927  0.001926  -2.24567  -2.25000  0.00231  -2.24797  -2.24336  0.99807  0.00090  0.00295  
19  0.986422  0.001612  -2.24637  -2.25000  0.00232  -2.24869  -2.24405  0.99839  0.00058  0.00264  
20  0.986543  0.001332  -2.24700  -2.25000  0.00228  -2.24928  -2.24473  0.99867  0.00032  0.00234  
21  0.986863  0.001411  -2.24682  -2.25000  0.00223  -2.24906  -2.24459  0.99859  0.00042  0.00240  
22  0.986963  0.001067  -2.24760  -2.25000  0.00220  -2.24981  -2.24540  0.99893  0.00009  0.00205  
23  0.987279  0.001403  -2.24684  -2.25000  0.00222  -2.24907  -2.24462  0.99860  0.00042  0.00239  
24  0.987353  0.001817  -2.24591  -2.25000  0.00229  -2.24820  -2.24362  0.99818  0.00080  0.00283  
25  0.987579  0.000994  -2.24776  -2.25000  0.00220  -2.24997  -2.24556  0.99901  0.00001  0.00197  
26  0.987585  0.001312  -2.24705  -2.25000  0.00224  -2.24929  -2.24480  0.99869  0.00032  0.00231  
27  0.987609  0.001225  -2.24724  -2.25000  0.00224  -2.24948  -2.24501  0.99878  0.00023  0.00222  
28  0.987821  0.000914  -2.24794  -2.25000  0.00222  -2.25017  -2.24572  0.99909  0.00007  0.00190  
29  0.987898  0.001159  -2.24739  -2.25000  0.00218  -2.24957  -2.24521  0.99884  0.00019  0.00213  
30  0.988008  0.001393  -2.24687  -2.25000  0.00219  -2.24905  -2.24468  0.99861  0.00042  0.00236  
31  0.988021  0.001196  -2.24731  -2.25000  0.00217  -2.24948  -2.24514  0.99880  0.00023  0.00216  
32  0.988072  0.001007  -2.24774  -2.25102  0.00214  -2.24988  -2.24559  0.99854  0.00006  0.00196  
33  0.988054  0.001598  -2.24640  -2.25000  0.00216  -2.24857  -2.24424  0.99840  0.00064  0.00256  
34  0.988214  0.001592  -2.24642  -2.25000  0.00215  -2.24857  -2.24427  0.99841  0.00064  0.00255  
35  0.988299  0.000810  -2.24818  -2.25000  0.00213  -2.25031  -2.24604  0.99919  0.00014  0.00176  
