samples: 4500
burn_in: 1000
steps: 100

0.705  0.012873  8.966  
0.841  0.00543  17.658  
0.903  0.002399  26.215  
0.937  0.002213  34.659  
0.957  0.001161  43.021  
0.969  0.001867  51.326  
0.974  0.000908  59.599  
0.978  0.000907  67.869  
0.982  0.000331  76.093  
0.983  0.00114  84.276  
0.984  0.001109  92.454  
0.984  0.001649  100.643  
0.984  0.001339  108.82  
0.985  0.00148  116.95  
0.986  0.000656  125.094  
0.986  0.000934  133.261  
0.987  0.000728  141.43  
0.986  0.001456  149.57  
0.986  0.001427  157.712  
