samples: 10000
burn_in: 1000
steps: 100
Exact H:-2.25
   Fidelity  ROE       Mean      Median    CI Width LL on CI  UL on CI  mmRatio
1  0.917007  0.001816  -2.24591  -2.24892  0.00205  -2.24796  -2.24387  0.99866  
2  0.976313  0.000972  -2.24781  -2.25000  0.00164  -2.24946  -2.24617  0.99903  
3  0.985100  0.000916  -2.24794  -2.25000  0.00158  -2.24952  -2.24635  0.99908  
4  0.986625  0.000944  -2.24788  -2.25000  0.00155  -2.24942  -2.24633  0.99906  
5  0.987723  0.000578  -2.24870  -2.25000  0.00153  -2.25023  -2.24717  0.99942  
6  0.988254  0.001139  -2.24744  -2.25000  0.00152  -2.24896  -2.24592  0.99886  
7  0.988684  0.000911  -2.24795  -2.25000  0.00150  -2.24945  -2.24645  0.99909  
8  0.989195  0.000375  -2.24916  -2.25001  0.00147  -2.25063  -2.24769  0.99962  
9  0.989517  0.000822  -2.24815  -2.25000  0.00143  -2.24958  -2.24672  0.99918  
10  0.989441  0.001036  -2.24767  -2.25000  0.00149  -2.24916  -2.24618  0.99896  
11  0.989356  0.000680  -2.24847  -2.25000  0.00150  -2.24997  -2.24697  0.99932  
12  0.989809  0.000878  -2.24802  -2.25000  0.00153  -2.24955  -2.24649  0.99912  
13  0.990166  0.000515  -2.24884  -2.24979  0.00149  -2.25033  -2.24736  0.99958  
14  0.989699  0.000426  -2.24904  -2.25000  0.00146  -2.25050  -2.24758  0.99957  
15  0.989825  0.000879  -2.24802  -2.24978  0.00147  -2.24950  -2.24655  0.99922  
