samples: 4500
burn_in: 1000
steps: 10

0.686  0.033082  8.854  
0.836  0.014271  17.433  
0.901  0.006112  25.897  
0.932  0.004928  34.219  
0.955  0.002997  42.508  
0.966  0.001458  50.744  
0.973  0.001365  58.97  
0.977  0.002614  67.136  
0.98  0.002836  75.296  
0.982  0.002844  83.427  
0.983  0.00328  91.559  
0.983  0.002817  99.661  
0.984  0.003076  107.777  
0.984  0.003065  115.89  
0.985  0.003019  124.021  
0.986  0.000271  132.074  
0.987  0.001292  140.16  
0.987  0.001532  148.252  
0.987  0.001617  156.309  
