samples: 3000
burn_in: 1000
steps: 10

0.661  0.013376  6.22  
0.827  0.004425  12.261  
0.902  0.002324  18.21  
0.94  0.001768  24.089  
0.959  0.001221  29.918  
0.969  0.000912  35.695  
0.976  0.000836  41.471  
0.981  0.000873  47.216  
0.983  0.000906  52.935  
0.984  0.000865  58.614  
0.986  0.001424  64.323  
0.986  0.000789  70.04  
0.986  0.00043  75.741  
0.986  0.000991  81.429  
0.986  0.002251  87.092  
0.987  0.00048  92.79  
0.987  0.001236  98.474  
0.987  0.000382  104.143  
0.987  0.000332  109.82  
0.987  0.002102  115.507  
0.987  0.001923  121.21  
0.987  0.001096  126.869  
0.988  0.001591  132.539  
0.988  0.001188  138.224  
0.988  0.001412  143.913  
0.988  0.002061  149.585  
0.987  0.001028  155.262  
