Batch size is 2
Epoch & Fidelity & Runtime 
1 0.266172 2.916311
2 0.353463 5.744908
3 0.40886 8.560131
4 0.46016 11.317055
5 0.478658 14.148596
6 0.532877 16.912912
7 0.53497 19.711334
8 0.553208 22.510743
9 0.555185 25.310269
10 0.580932 28.115679
11 0.589626 30.863179
12 0.597282 33.661386
13 0.591286 36.458495
14 0.620407 39.260756
15 0.633958 42.075764
16 0.645261 44.874743
17 0.65484 47.664409
18 0.671622 50.416258
19 0.688164 53.21653
20 0.684469 56.026171
21 0.710483 58.84626
22 0.715262 61.625534
23 0.710385 64.403091
24 0.736548 67.191089
25 0.741069 70.035204
26 0.750688 72.842734
27 0.726755 75.668031
28 0.741566 78.526124
29 0.756878 81.325187
30 0.75401 84.079332
31 0.749171 86.885363
32 0.754167 89.70983
33 0.768192 92.48904
34 0.773695 95.256513
35 0.776942 98.04889
36 0.763016 100.81143
37 0.786969 103.637657
38 0.793267 106.44356
39 0.79659 109.236671
40 0.779069 112.040144
41 0.766512 114.845518
42 0.794586 117.675975
43 0.794927 120.491479
44 0.788736 123.274333
45 0.802894 126.039841
46 0.788894 128.871471
47 0.807364 131.674965
48 0.796454 134.511066
49 0.811777 137.311679
50 0.814826 140.11141
51 0.816332 142.88309
52 0.811177 145.703175
53 0.81634 148.545228
54 0.774634 151.349839
55 0.808662 154.139995
56 0.802172 156.906705
57 0.8022 159.704035
58 0.810926 162.539873
59 0.823164 165.340166
60 0.821028 168.138398
61 0.821175 170.937641
62 0.814111 173.747908
63 0.824103 176.583888
64 0.814303 179.409216
65 0.796985 182.204836
66 0.828164 184.962506
67 0.819876 187.76879
68 0.814642 190.566383
69 0.824094 193.370374
70 0.84127 196.168649
71 0.819432 198.961807
72 0.826088 201.72487
73 0.830333 204.527827
74 0.803446 207.35291
75 0.779128 210.130404
76 0.834893 212.885426
77 0.833392 215.646432
78 0.822691 218.391951
79 0.814615 221.180321
80 0.81328 224.022242
81 0.825234 226.835934
82 0.830362 229.598547
83 0.828715 232.39946
84 0.8433 235.204922
85 0.830528 238.045296
86 0.847034 240.846408
87 0.839939 243.6294
88 0.826362 246.399383
89 0.817119 249.157034
90 0.830301 252.022256
91 0.828996 254.792295
92 0.824088 257.576748
93 0.814273 260.376951
94 0.822406 263.149957
95 0.819743 265.941709
96 0.810746 268.788786
97 0.807715 271.586102
98 0.826585 274.382433
99 0.816927 277.131072
100 0.825436 279.91987
101 0.816933 282.752335
102 0.826677 285.52209
103 0.837591 288.322746
104 0.837593 291.12745
105 0.822222 293.93149
106 0.839574 296.739801
107 0.842698 299.577834
108 0.822519 302.38738

Batch size is 4
Epoch & Fidelity & Runtime 
1 0.202931 1.727463
2 0.283825 3.442622
3 0.341392 5.184301
4 0.387851 6.983649
5 0.426248 8.722677
6 0.460813 10.463739
7 0.493962 12.20322
8 0.509489 13.942586
9 0.518947 15.68137
10 0.535573 17.42201
11 0.542901 19.162392
12 0.550599 20.902386
13 0.556092 22.696888
14 0.562398 24.436958
15 0.566529 26.176169
16 0.57053 27.91378
17 0.572742 29.665133
18 0.565072 31.403768
19 0.581359 33.140767
20 0.579183 34.900324
21 0.584978 36.710402
22 0.593981 38.454302
23 0.596184 40.193063
24 0.597115 41.931056
25 0.60835 43.665485
26 0.61175 45.403271
27 0.613655 47.14027
28 0.612792 48.873488
29 0.624541 50.613453
30 0.639237 52.420827
31 0.647331 54.177562
32 0.648427 55.91759
33 0.652776 57.647443
34 0.655168 59.38676
35 0.652276 61.158057
36 0.648748 62.952449
37 0.678594 64.693291
38 0.680436 66.490285
39 0.68412 68.231346
40 0.689272 70.056567
41 0.689934 71.828446
42 0.692024 73.591326
43 0.700863 75.347825
44 0.702193 77.102298
45 0.702418 78.851094
46 0.715913 80.620438
47 0.716086 82.449778
48 0.716414 84.211505
49 0.712056 85.951859
50 0.726533 87.724839
51 0.729148 89.499562
52 0.727372 91.271919
53 0.736224 93.041443
54 0.735589 94.811214
55 0.72851 96.650945
56 0.741328 98.42226
57 0.735614 100.198223
58 0.736134 101.973073
59 0.741869 103.74792
60 0.732792 105.526084
61 0.74987 107.30608
62 0.758936 109.082258
63 0.758914 110.852957
64 0.757048 112.685428
65 0.75501 114.453503
66 0.757982 116.225907
67 0.7693 117.988304
68 0.7655 119.847711
69 0.767978 121.619204
70 0.768267 123.381163
71 0.774656 125.158238
72 0.777735 126.977462
73 0.769438 128.744846
74 0.781517 130.540345
75 0.7797 132.31716
76 0.7777 134.092188
77 0.778308 135.867775
78 0.787314 137.640975
79 0.786084 139.418272
80 0.785098 141.255089
81 0.798761 143.029949
82 0.797025 144.806576
83 0.800089 146.580328
84 0.798193 148.353641
85 0.797111 150.128771
86 0.779603 151.885021
87 0.796985 153.660629
88 0.795553 155.430548
89 0.800725 157.272469
90 0.807964 159.031123
91 0.802702 160.796976
92 0.80339 162.558127
93 0.810041 164.343006
94 0.79866 166.124014
95 0.817983 167.88724
96 0.811314 169.649805
97 0.817685 171.494206
98 0.813232 173.267242
99 0.813889 175.037261
100 0.808097 176.805286
101 0.811692 178.584458
102 0.799446 180.340036
103 0.817214 182.096807
104 0.814848 183.870903
105 0.807762 185.64409
106 0.807752 187.475611
107 0.813597 189.243133
108 0.811057 191.016995
109 0.812312 192.768926
110 0.810443 194.543181
111 0.822161 196.31078
112 0.798167 198.105101
113 0.81447 199.864743
114 0.820331 201.710189
115 0.826926 203.484741
116 0.823332 205.243478
117 0.830415 207.015975
118 0.823995 208.769321
119 0.835407 210.5348
120 0.840126 212.303833
121 0.836955 214.076663
122 0.827843 215.850432
123 0.824938 217.698574
124 0.829085 219.473412
125 0.832101 221.24788
126 0.8425 223.018794
127 0.826171 224.790061
128 0.835112 226.56282
129 0.844993 228.334172
130 0.839523 230.101753
131 0.831361 231.967036
132 0.840625 233.740535
133 0.834727 235.51424
134 0.810246 237.286718
135 0.841378 239.059228
136 0.839349 240.83143
137 0.844149 242.597877
138 0.840932 244.358147
139 0.845285 246.208254
140 0.848286 247.965333
141 0.848513 249.726494
142 0.850626 251.497609
143 0.847362 253.275873
144 0.852453 255.052364
145 0.852274 256.822683
146 0.8553 258.596279
147 0.845895 260.368419
148 0.85253 262.221208
149 0.854825 263.991846
150 0.844193 265.769588
151 0.849525 267.559546
152 0.840292 269.3451
153 0.840203 271.119184
154 0.851119 272.982162
155 0.85835 274.755635
156 0.853875 276.610777
157 0.856052 278.384904
158 0.846965 280.14237
159 0.857986 281.903336
160 0.845219 283.676631
161 0.864665 285.435337
162 0.861737 287.208339
163 0.861139 288.981505
164 0.864305 290.753649
165 0.86287 292.613318
166 0.863507 294.384643
167 0.86738 296.155769
168 0.86105 297.930043
169 0.860853 299.726344
170 0.862768 301.495944

Batch size is 8
Epoch & Fidelity & Runtime 
1 0.126142 1.265728
2 0.185904 2.483679
3 0.222372 3.69378
4 0.250673 4.907841
5 0.270782 6.122884
6 0.289863 7.344322
7 0.305689 8.556825
8 0.31949 9.767601
9 0.334687 11.001194
10 0.352524 12.228518
11 0.371723 13.453166
12 0.387625 14.763473
13 0.403108 15.986034
14 0.422912 17.204509
15 0.440154 18.439671
16 0.455448 19.649367
17 0.469055 20.859124
18 0.481271 22.074147
19 0.49014 23.287692
20 0.501257 24.498362
21 0.507323 25.711739
22 0.512941 26.93667
23 0.521888 28.158332
24 0.52719 29.462544
25 0.533722 30.674309
26 0.535165 31.895026
27 0.544051 33.107359
28 0.548259 34.32902
29 0.551028 35.564927
30 0.558982 36.810641
31 0.559241 38.085987
32 0.565201 39.330858
33 0.567451 40.574179
34 0.572013 41.820959
35 0.575264 43.067141
36 0.577216 44.40413
37 0.580594 45.645113
38 0.584127 46.891803
39 0.587693 48.136129
40 0.588386 49.376818
41 0.594494 50.61874
42 0.595748 51.858815
43 0.599171 53.110417
44 0.604703 54.353928
45 0.608114 55.597858
46 0.606528 56.840912
47 0.612374 58.083535
48 0.618557 59.411861
49 0.619573 60.692973
50 0.621754 61.96456
51 0.626126 63.20797
52 0.630015 64.455787
53 0.632206 65.704995
54 0.634364 66.961859
55 0.640779 68.215825
56 0.642577 69.459806
57 0.639448 70.704471
58 0.649708 71.960931
59 0.651295 73.217006
60 0.656522 74.550136
61 0.658789 75.792908
62 0.658118 77.033684
63 0.662746 78.275382
64 0.66805 79.525496
65 0.667975 80.771249
66 0.672677 82.010981
67 0.67527 83.251217
68 0.675353 84.491529
69 0.679607 85.735864
70 0.683167 86.980054
71 0.683242 88.221029
72 0.689155 89.547127
73 0.690817 90.799727
74 0.695537 92.045969
75 0.697193 93.305826
76 0.694999 94.555874
77 0.699377 95.808098
78 0.700752 97.06456
79 0.70095 98.307011
80 0.704225 99.545048
81 0.710633 100.796418
82 0.700875 102.039228
83 0.710188 103.287165
84 0.70768 104.624282
85 0.711486 105.873467
86 0.715679 107.114926
87 0.71862 108.362525
88 0.71514 109.618871
89 0.723665 110.877416
90 0.718489 112.133564
91 0.722309 113.480761
92 0.723004 114.734932
93 0.729545 115.990139
94 0.724684 117.245686
95 0.722911 118.503005
96 0.72694 119.839006
97 0.730661 121.088206
98 0.733089 122.34433
99 0.735529 123.600272
100 0.736901 124.84835
101 0.741629 126.105236
102 0.741275 127.359529
103 0.741473 128.615993
104 0.736969 129.86196
105 0.744497 131.117384
106 0.745987 132.371885
107 0.746416 133.62794
108 0.744623 134.973985
109 0.745053 136.229829
110 0.739505 137.483743
111 0.739463 138.740304
112 0.744181 139.994877
113 0.748309 141.25404
114 0.752614 142.511073
115 0.750772 143.7654
116 0.754538 145.007848
117 0.754702 146.262973
118 0.757596 147.516816
119 0.758242 148.771078
120 0.757367 150.138452
121 0.761084 151.391795
122 0.763362 152.645488
123 0.765337 153.900867
124 0.761539 155.157686
125 0.762313 156.415274
126 0.7657 157.671261
127 0.767134 158.919773
128 0.766997 160.175443
129 0.767377 161.433836
130 0.770252 162.689024
131 0.770263 163.945343
132 0.770011 165.300899
133 0.773888 166.555831
134 0.763455 167.81623
135 0.774735 169.072844
136 0.774741 170.331253
137 0.7703 171.588269
138 0.776781 172.831874
139 0.77841 174.090905
140 0.778605 175.347487
141 0.77682 176.603277
142 0.782205 177.858656
143 0.784252 179.115909
144 0.772531 180.473572
145 0.775097 181.731861
146 0.783522 182.976727
147 0.782706 184.234327
148 0.787963 185.491358
149 0.787347 186.748626
150 0.78597 187.998435
151 0.785988 189.250418
152 0.790478 190.507308
153 0.791436 191.763533
154 0.788201 193.021357
155 0.785504 194.374481
156 0.792699 195.630743
157 0.794979 196.880195
158 0.797451 198.134233
159 0.794551 199.390066
160 0.793887 200.647803
161 0.797516 201.905228
162 0.791954 203.16286
163 0.792258 204.419124
164 0.805902 205.691476
165 0.805973 206.948902
166 0.806261 208.206583
167 0.806175 209.566576
168 0.809126 210.82445
169 0.809645 212.080117
170 0.805629 213.336627
171 0.810888 214.583395
172 0.811018 215.835826
173 0.811047 217.093853
174 0.81667 218.347584
175 0.812629 219.60463
176 0.813718 220.862455
177 0.808611 222.120512
178 0.81182 223.377571
179 0.81111 224.741998
180 0.811407 226.000833
181 0.811446 227.259523
182 0.813837 228.518152
183 0.812775 229.775934
184 0.814504 231.032851
185 0.821083 232.289635
186 0.823822 233.536525
187 0.822852 234.793389
188 0.822028 236.051327
189 0.826051 237.309455
190 0.819733 238.56005
191 0.82804 239.927397
192 0.825693 241.185478
193 0.824058 242.441158
194 0.819344 243.696666
195 0.818981 244.954413
196 0.82227 246.204837
197 0.825889 247.466965
198 0.828738 248.72474
199 0.825679 249.984827
200 0.818498 251.241755
201 0.824922 252.501449
202 0.829861 253.753268
203 0.82739 255.125214
204 0.825047 256.3847
205 0.826342 257.640985
206 0.833044 258.897668
207 0.827247 260.15355
208 0.829774 261.434775
209 0.831691 262.690675
210 0.83093 264.061899
211 0.825925 265.320979
212 0.828692 266.564036
213 0.829784 267.820753
214 0.834377 269.076196
215 0.835355 270.452522
216 0.832662 271.703726
217 0.833188 272.958821
218 0.833232 274.216252
219 0.837222 275.475021
220 0.83469 276.732396
221 0.831484 277.989086
222 0.825763 279.246653
223 0.837358 280.495942
224 0.836429 281.754055
225 0.83836 283.008911
226 0.83363 284.384245
227 0.831535 285.642464
228 0.833446 286.90226
229 0.837722 288.157958
230 0.839314 289.407463
231 0.840789 290.65661
232 0.841012 291.912051
233 0.842669 293.16283
234 0.839143 294.417991
235 0.840581 295.672791
236 0.840445 296.929201
237 0.840894 298.182823
238 0.845161 299.55728
239 0.84578 300.813557

Batch size is 16
Epoch & Fidelity & Runtime 
1 0.107315 1.072484
2 0.143003 2.066706
3 0.180013 3.034343
4 0.20527 3.997901
5 0.225411 4.96405
6 0.243551 5.930157
7 0.260081 7.015415
8 0.272017 7.978977
9 0.286605 8.947385
10 0.296751 9.912852
11 0.308707 10.901174
12 0.316888 11.865491
13 0.326941 12.846201
14 0.335668 13.812425
15 0.343133 14.776922
16 0.350253 15.740873
17 0.36006 16.721459
18 0.370122 17.696991
19 0.378404 18.669345
20 0.388659 19.644156
21 0.398942 20.610059
22 0.408334 21.699256
23 0.415657 22.673655
24 0.427342 23.65802
25 0.434045 24.63208
26 0.443648 25.609037
27 0.450038 26.583017
28 0.460323 27.566427
29 0.467089 28.540316
30 0.473498 29.536187
31 0.481196 30.508018
32 0.487612 31.477378
33 0.493701 32.453371
34 0.497805 33.431221
35 0.503083 34.407877
36 0.510057 35.396338
37 0.51369 36.499834
38 0.518636 37.479858
39 0.52216 38.446708
40 0.527016 39.437994
41 0.530431 40.408149
42 0.533054 41.40299
43 0.536228 42.384507
44 0.538912 43.378221
45 0.543503 44.359425
46 0.543233 45.337331
47 0.544852 46.304861
48 0.546484 47.283339
49 0.551949 48.279164
50 0.552711 49.272958
51 0.555259 50.239576
52 0.557619 51.269545
53 0.55909 52.347863
54 0.560745 53.326057
55 0.562359 54.321543
56 0.563514 55.310832
57 0.565965 56.306229
58 0.567269 57.295283
59 0.570728 58.291438
60 0.572806 59.289408
61 0.575191 60.286044
62 0.576877 61.282434
63 0.577297 62.280298
64 0.580481 63.288051
65 0.582101 64.30417
66 0.582525 65.323889
67 0.583977 66.459249
68 0.588462 67.475532
69 0.589414 68.489134
70 0.591716 69.491442
71 0.590373 70.497078
72 0.594938 71.50367
73 0.595764 72.509894
74 0.598551 73.515675
75 0.599549 74.523156
76 0.605169 75.52096
77 0.606918 76.519062
78 0.608555 77.514857
79 0.612159 78.512683
80 0.613507 79.51049
81 0.61659 80.507692
82 0.618775 81.625791
83 0.620799 82.62179
84 0.622905 83.615899
85 0.625228 84.613658
86 0.62845 85.608855
87 0.631142 86.602518
88 0.633986 87.595775
89 0.636785 88.593102
90 0.638291 89.586424
91 0.637542 90.580247
92 0.640909 91.57371
93 0.645161 92.567231
94 0.64179 93.560341
95 0.650451 94.5559
96 0.652435 95.548379
97 0.654178 96.665329
98 0.656184 97.659223
99 0.660132 98.654336
100 0.661468 99.648653
101 0.664814 100.642209
102 0.666156 101.637098
103 0.667582 102.632384
104 0.670299 103.626571
105 0.673532 104.620342
106 0.673249 105.615855
107 0.676092 106.729386
108 0.678339 107.722503
109 0.679133 108.717074
110 0.679175 109.710322
111 0.683372 110.702935
112 0.684551 111.817472
113 0.685051 112.813613
114 0.686588 113.806033
115 0.689638 114.799548
116 0.692284 115.795084
117 0.693578 116.788431
118 0.693552 117.783569
119 0.696529 118.777678
120 0.699704 119.769301
121 0.700366 120.763566
122 0.698495 121.756349
123 0.702147 122.758338
124 0.70224 123.757606
125 0.704839 124.756728
126 0.703927 125.756376
127 0.704437 126.87609
128 0.707159 127.877253
129 0.705957 128.890094
130 0.70468 129.888517
131 0.708155 130.89507
132 0.710055 131.900399
133 0.712573 132.899756
134 0.713139 133.90436
135 0.717762 134.905785
136 0.717659 135.908481
137 0.720375 136.908868
138 0.721345 137.909328
139 0.720085 138.907327
140 0.721947 139.903903
141 0.723006 140.905434
142 0.723242 142.026483
143 0.723741 143.02457
144 0.725964 144.024466
145 0.728517 145.023038
146 0.728646 146.019461
147 0.730105 147.016916
148 0.729691 148.014297
149 0.731767 149.012349
150 0.732377 150.011237
151 0.7319 151.009223
152 0.731476 152.008275
153 0.729305 153.005474
154 0.73409 154.003008
155 0.737343 155.000322
156 0.736771 155.999843
157 0.734033 157.125833
158 0.739525 158.122307
159 0.740469 159.119674
160 0.742217 160.116807
161 0.742119 161.113557
162 0.742387 162.111044
163 0.744075 163.109271
164 0.7431 164.107434
165 0.744748 165.105046
166 0.746355 166.103547
167 0.746359 167.100434
168 0.747275 168.121854
169 0.74837 169.120788
170 0.750205 170.118757
171 0.748832 171.118694
172 0.750403 172.248651
173 0.746907 173.249847
174 0.750576 174.247658
175 0.75173 175.245383
176 0.753135 176.244714
177 0.753707 177.243732
178 0.754682 178.243711
179 0.755897 179.242553
180 0.752898 180.241599
181 0.75667 181.241842
182 0.759935 182.241314
183 0.757692 183.239842
184 0.756857 184.236284
185 0.754901 185.234811
186 0.75949 186.365315
187 0.762421 187.364939
188 0.762491 188.364367
189 0.761096 189.363501
190 0.762455 190.364057
191 0.760877 191.362655
192 0.759926 192.362505
193 0.762652 193.360641
194 0.760244 194.359137
195 0.762525 195.359235
196 0.765914 196.357892
197 0.764189 197.358747
198 0.764229 198.35758
199 0.764921 199.359522
200 0.766652 200.35969
201 0.769544 201.491876
202 0.769547 202.490297
203 0.768928 203.488081
204 0.766891 204.485204
205 0.766915 205.484109
206 0.767747 206.481456
207 0.770336 207.479354
208 0.771284 208.479864
209 0.769804 209.478196
210 0.768348 210.477753
211 0.765465 211.477942
212 0.763312 212.477206
213 0.764123 213.474221
214 0.76465 214.472806
215 0.766866 215.47132
216 0.766029 216.607281
217 0.77118 217.606012
218 0.768557 218.602991
219 0.773111 219.601214
220 0.772354 220.599908
221 0.775508 221.59955
222 0.775726 222.597146
223 0.776744 223.595883
224 0.778358 224.595204
225 0.77782 225.592785
226 0.780103 226.590593
227 0.778131 227.589136
228 0.7788 228.58677
229 0.778933 229.586534
230 0.778952 230.584748
231 0.776714 231.724939
232 0.780019 232.724283
233 0.781442 233.721553
234 0.782389 234.721219
235 0.782844 235.720511
236 0.781361 236.720087
237 0.780069 237.718755
238 0.778739 238.71748
239 0.782523 239.716149
240 0.783794 240.728248
241 0.784662 241.733838
242 0.784787 242.735854
243 0.784802 243.741177
244 0.783818 244.745796
245 0.783855 245.752561
246 0.786248 246.897007
247 0.785257 247.897815
248 0.784608 248.902912
249 0.786157 249.903079
250 0.78442 250.90192
251 0.786738 251.900524
252 0.786061 252.903931
253 0.782821 253.902432
254 0.78774 254.903969
255 0.790247 255.903145
256 0.783403 256.901869
257 0.782729 257.907526
258 0.786145 259.057045
259 0.790916 260.060435
260 0.791809 261.059566
261 0.790613 262.207249
262 0.791932 263.206266
263 0.790054 264.223127
264 0.792924 265.227535
265 0.792872 266.234962
266 0.794804 267.249409
267 0.793899 268.261631
268 0.79204 269.268947
269 0.792484 270.281717
270 0.792742 271.28528
271 0.790849 272.28932
272 0.793751 273.293873
273 0.791686 274.29837
274 0.792615 275.29877
275 0.797472 276.450975
276 0.794694 277.450129
277 0.797887 278.451408
278 0.797004 279.45402
279 0.79765 280.45425
280 0.798447 281.452094
281 0.799266 282.45033
282 0.79814 283.453485
283 0.798095 284.464593
284 0.799417 285.463922
285 0.799 286.463151
286 0.799426 287.461623
287 0.798874 288.460853
288 0.796376 289.460206
289 0.796933 290.462919
290 0.795602 291.618534
291 0.794466 292.638344
292 0.794494 293.639104
293 0.796128 294.644983
294 0.795113 295.650192
295 0.794425 296.656911
296 0.792582 297.658478
297 0.796818 298.66332
298 0.796994 299.662938
299 0.791065 300.662153

Batch size is 32
Epoch & Fidelity & Runtime 
1 0.098767 0.933813
2 0.111653 1.850508
3 0.129718 2.68467
4 0.14758 3.520524
5 0.163025 4.353542
6 0.173776 5.187625
7 0.184285 6.025874
8 0.193064 6.859009
9 0.201494 7.691969
10 0.209188 8.52524
11 0.216383 9.360154
12 0.223916 10.193001
13 0.231149 11.195096
14 0.238688 12.029472
15 0.246159 12.864256
16 0.253105 13.697621
17 0.260864 14.533768
18 0.267475 15.374635
19 0.274389 16.206559
20 0.281335 17.04099
21 0.287755 17.873059
22 0.295326 18.707854
23 0.30171 19.547432
24 0.307821 20.38897
25 0.314167 21.229238
26 0.320325 22.070741
27 0.326317 22.910131
28 0.33222 23.74936
29 0.337709 24.598514
30 0.343162 25.434237
31 0.347836 26.436146
32 0.353155 27.271422
33 0.358026 28.106172
34 0.362369 28.940477
35 0.367089 29.77687
36 0.371673 30.610471
37 0.376549 31.449047
38 0.380934 32.292025
39 0.384782 33.134389
40 0.388982 33.989059
41 0.393139 34.83205
42 0.397372 35.686917
43 0.401556 36.533823
44 0.406054 37.377405
45 0.410464 38.212955
46 0.413933 39.04753
47 0.418101 39.882763
48 0.422078 40.715459
49 0.425143 41.717831
50 0.428817 42.554743
51 0.433251 43.39632
52 0.437491 44.247472
53 0.440168 45.082569
54 0.444378 45.914455
55 0.448277 46.76158
56 0.451729 47.620486
57 0.45398 48.468682
58 0.457956 49.302289
59 0.461293 50.145434
60 0.464922 50.997785
61 0.46791 51.844042
62 0.470681 52.69128
63 0.474199 53.540714
64 0.477071 54.402599
65 0.479729 55.265435
66 0.482644 56.288307
67 0.484769 57.151946
68 0.486413 58.015363
69 0.488906 58.881123
70 0.492062 59.743567
71 0.495402 60.608256
72 0.498044 61.474448
73 0.499766 62.339035
74 0.502092 63.203036
75 0.504234 64.068123
76 0.506417 64.932359
77 0.50926 65.795655
78 0.510389 66.658994
79 0.512336 67.523535
80 0.514214 68.386866
81 0.516403 69.251512
82 0.516627 70.116777
83 0.519365 71.142312
84 0.520672 72.007601
85 0.521836 72.872425
86 0.524808 73.736016
87 0.526239 74.602473
88 0.52758 75.470664
89 0.529843 76.33393
90 0.531374 77.198144
91 0.532143 78.063074
92 0.533028 78.926337
93 0.533621 79.799694
94 0.535742 80.663438
95 0.536072 81.529522
96 0.537651 82.40057
97 0.537781 83.269734
98 0.539323 84.135026
99 0.541094 84.999558
100 0.541805 85.976838
101 0.541485 86.897612
102 0.542994 87.762278
103 0.543663 88.631417
104 0.543153 89.498064
105 0.544862 90.360323
106 0.547473 91.223733
107 0.547647 92.088917
108 0.549175 92.952066
109 0.550182 93.818302
110 0.551505 94.681231
111 0.551761 95.544021
112 0.552286 96.407721
113 0.552421 97.272226
114 0.554223 98.137807
115 0.55526 99.159716
116 0.556192 100.026121
117 0.557662 101.02623
118 0.558131 101.920347
119 0.55837 102.784936
120 0.558737 103.64889
121 0.559858 104.514274
122 0.56071 105.376339
123 0.561592 106.240814
124 0.561743 107.105048
125 0.563516 107.967814
126 0.564184 108.832705
127 0.563807 109.696821
128 0.564839 110.558195
129 0.565704 111.421865
130 0.566158 112.285251
131 0.56722 113.148955
132 0.568049 114.015272
133 0.567414 114.878538
134 0.568792 115.741984
135 0.568217 116.76524
136 0.569066 117.630574
137 0.570642 118.493814
138 0.571299 119.358683
139 0.570809 120.22398
140 0.571427 121.088399
141 0.57179 121.952715
142 0.571475 122.828469
143 0.572775 123.70306
144 0.574112 124.573067
145 0.575063 125.444019
146 0.575447 126.318608
147 0.575203 127.184158
148 0.576086 128.047807
149 0.577341 128.919619
150 0.577299 129.783893
151 0.577687 130.650303
152 0.57798 131.677042
153 0.578485 132.543682
154 0.578992 133.410433
155 0.580466 134.276723
156 0.580695 135.145525
157 0.581155 136.01324
158 0.581648 136.879245
159 0.58144 137.747149
160 0.582135 138.615542
161 0.583697 139.483806
162 0.583979 140.351469
163 0.58503 141.218728
164 0.585635 142.08447
165 0.586237 142.952311
166 0.585424 143.818862
167 0.587085 144.684818
168 0.586825 145.550756
169 0.589294 146.575352
170 0.58932 147.442227
171 0.589763 148.310718
172 0.590616 149.177941
173 0.589873 150.045866
174 0.591109 150.912956
175 0.592213 151.780663
176 0.592781 152.648706
177 0.59418 153.517571
178 0.595168 154.396866
179 0.595731 155.270512
180 0.595679 156.139884
181 0.596947 157.012193
182 0.597638 157.880518
183 0.598777 158.747023
184 0.599209 159.615904
185 0.599611 160.483275
186 0.600623 161.512568
187 0.601153 162.380615
188 0.600845 163.246959
189 0.601648 164.114173
190 0.603506 164.983181
191 0.604868 165.852532
192 0.605616 166.718765
193 0.605451 167.587404
194 0.606952 168.456896
195 0.607629 169.325132
196 0.60894 170.191499
197 0.609511 171.058698
198 0.610388 171.92623
199 0.611557 172.792676
200 0.612367 173.660032
201 0.612152 174.528188
202 0.613439 175.39624
203 0.614874 176.427395
204 0.614854 177.296048
205 0.615878 178.166259
206 0.616448 179.034417
207 0.617512 179.902033
208 0.618266 180.771248
209 0.619109 181.638359
210 0.620152 182.505628
211 0.620729 183.372909
212 0.621645 184.241745
213 0.6221 185.109022
214 0.623185 185.978484
215 0.623121 186.845603
216 0.624823 187.714126
217 0.625401 188.581784
218 0.626587 189.448848
219 0.627396 190.316118
220 0.627958 191.351131
221 0.629586 192.219501
222 0.63001 193.089378
223 0.631172 193.955902
224 0.632453 194.824236
225 0.633662 195.690818
226 0.633923 196.558734
227 0.636372 197.424392
228 0.636705 198.29364
229 0.637959 199.160003
230 0.638304 200.027334
231 0.638628 200.89545
232 0.640577 201.762628
233 0.641798 202.629564
234 0.64345 203.495924
235 0.644285 204.361366
236 0.645003 205.228202
237 0.645667 206.264602
238 0.647146 207.131681
239 0.647681 207.998568
240 0.647841 208.868098
241 0.648228 209.734352
242 0.650928 210.600593
243 0.651941 211.469575
244 0.653075 212.336408
245 0.653966 213.204761
246 0.654325 214.074044
247 0.65587 214.952995
248 0.656688 215.829133
249 0.658273 216.702988
250 0.658472 217.585691
251 0.658678 218.456153
252 0.659306 219.32697
253 0.660902 220.198361
254 0.662331 221.242678
255 0.663019 222.11615
256 0.664172 222.985459
257 0.665329 223.857603
258 0.665607 224.725326
259 0.667091 225.593977
260 0.667969 226.464285
261 0.669187 227.331268
262 0.669599 228.20567
263 0.671313 229.07284
264 0.671726 229.940446
265 0.672733 230.811716
266 0.673304 231.683534
267 0.674458 232.552282
268 0.675136 233.420251
269 0.675747 234.288595
270 0.675677 235.159593
271 0.676579 236.206235
272 0.677784 237.085927
273 0.678544 237.963319
274 0.680006 238.847765
275 0.680497 239.721047
276 0.681249 240.593455
277 0.682413 241.464961
278 0.683688 242.342475
279 0.684477 243.212502
280 0.685981 244.083917
281 0.686237 244.958954
282 0.687226 245.828368
283 0.688112 246.698849
284 0.68853 247.568062
285 0.688885 248.438753
286 0.68976 249.501064
287 0.690356 250.370973
288 0.690675 251.421637
289 0.691989 252.290879
290 0.692128 253.167512
291 0.693101 254.037997
292 0.693273 254.907014
293 0.694439 255.777792
294 0.695037 256.648129
295 0.695303 257.519233
296 0.696217 258.405027
297 0.69692 259.285637
298 0.697466 260.162758
299 0.697841 261.046986
300 0.699568 261.9199
301 0.69951 262.791794
302 0.700334 263.668667
303 0.70088 264.540829
304 0.701355 265.41225
305 0.702304 266.470662
306 0.703335 267.339535
307 0.704478 268.208322
308 0.706407 269.07647
309 0.706814 269.947209
310 0.708066 270.821487
311 0.70786 271.690787
312 0.707605 272.560957
313 0.709537 273.434549
314 0.710147 274.30671
315 0.710998 275.179966
316 0.712022 276.052345
317 0.712401 276.921438
318 0.712637 277.791373
319 0.712181 278.662451
320 0.714433 279.546111
321 0.713884 280.424933
322 0.714217 281.488759
323 0.714778 282.374613
324 0.714341 283.248246
325 0.714976 284.119524
326 0.716409 284.996178
327 0.717655 285.86607
328 0.717181 286.737935
329 0.717117 287.614786
330 0.718981 288.484135
331 0.720099 289.356552
332 0.720347 290.229436
333 0.720498 291.107692
334 0.719676 291.986491
335 0.721417 292.85611
336 0.721829 293.725919
337 0.722307 294.600605
338 0.723573 295.476814
339 0.723932 296.540072
340 0.725773 297.408732
341 0.72578 298.277166
342 0.725389 299.148276
343 0.725633 300.018946

Batch size is 64
Epoch & Fidelity & Runtime 
1 0.088735 1.075378
2 0.0919 1.929858
3 0.095156 2.76324
4 0.099353 3.550892
5 0.104718 4.342271
6 0.111434 5.146016
7 0.119405 5.938609
8 0.128586 6.741968
9 0.138279 7.526434
10 0.147455 8.307286
11 0.156209 9.087083
12 0.164054 9.876728
13 0.171424 10.6594
14 0.177735 11.437963
15 0.183523 12.215111
16 0.189018 12.999401
17 0.194575 13.780307
18 0.199511 14.567576
19 0.204515 15.539865
20 0.209029 16.329221
21 0.214201 17.11648
22 0.218802 17.894131
23 0.223318 18.67539
24 0.227342 19.45737
25 0.231415 20.241344
26 0.235447 21.016992
27 0.238904 21.808878
28 0.242709 22.60004
29 0.246631 23.389169
30 0.250389 24.169909
31 0.253519 24.959161
32 0.256994 25.736825
33 0.260161 26.514348
34 0.263746 27.296821
35 0.266844 28.094573
36 0.270017 28.879449
37 0.273186 29.674134
38 0.275892 30.654734
39 0.278977 31.436552
40 0.282043 32.229166
41 0.284607 33.021759
42 0.287026 33.823681
43 0.289557 34.6147
44 0.292144 35.396822
45 0.295157 36.190674
46 0.297647 36.979834
47 0.299902 37.765009
48 0.302581 38.554195
49 0.30493 39.33758
50 0.307274 40.137577
51 0.309802 40.939441
52 0.312166 41.730689
53 0.314369 42.519297
54 0.316662 43.320329
55 0.318981 44.102053
56 0.321147 44.895258
57 0.323154 45.881831
58 0.325002 46.685543
59 0.327056 47.478196
60 0.329094 48.277352
61 0.330846 49.05771
62 0.333133 49.853926
63 0.33542 50.640323
64 0.336962 51.440165
65 0.33873 52.242019
66 0.340508 53.042055
67 0.341965 53.842646
68 0.343564 54.643216
69 0.345818 55.443912
70 0.347921 56.243326
71 0.348924 57.029352
72 0.350979 57.829375
73 0.352758 58.631446
74 0.354257 59.432112
75 0.35604 60.298055
76 0.357543 61.224778
77 0.358866 62.024317
78 0.360162 62.823765
79 0.361852 63.621135
80 0.363508 64.42069
81 0.36441 65.219086
82 0.365939 66.018802
83 0.367859 66.818702
84 0.368949 67.618544
85 0.369988 68.418429
86 0.371195 69.216115
87 0.372802 70.012624
88 0.374391 70.814039
89 0.375896 71.615839
90 0.377056 72.416773
91 0.378173 73.216895
92 0.379986 74.016364
93 0.381414 74.815908
94 0.382415 75.81065
95 0.383983 76.608488
96 0.385146 77.412517
97 0.386177 78.213379
98 0.387402 79.01142
99 0.388444 79.810137
100 0.389924 80.608372
101 0.390827 81.405769
102 0.39225 82.203748
103 0.392983 83.002187
104 0.39426 83.802292
105 0.395585 84.601063
106 0.396712 85.401711
107 0.397898 86.201086
108 0.399121 87.000915
109 0.400284 87.808463
110 0.401266 88.611747
111 0.402776 89.419391
112 0.404109 90.272331
113 0.405446 91.218218
114 0.406243 92.216673
115 0.407613 93.017818
116 0.408772 93.817543
117 0.410114 94.616829
118 0.411127 95.415611
119 0.412384 96.216666
120 0.413454 97.017338
121 0.415158 97.817276
122 0.415976 98.618033
123 0.41723 99.415037
124 0.418309 100.215557
125 0.419677 101.015706
126 0.420701 101.816237
127 0.422189 102.61594
128 0.423021 103.417735
129 0.423971 104.219145
130 0.425457 105.020079
131 0.426354 106.019634
132 0.427509 106.819508
133 0.42841 107.623229
134 0.430014 108.423222
135 0.431357 109.222983
136 0.432504 110.02693
137 0.433725 110.830856
138 0.434774 111.633401
139 0.435258 112.431758
140 0.436477 113.232698
141 0.43752 114.032417
142 0.438727 114.832667
143 0.439835 115.63243
144 0.440699 116.432449
145 0.441922 117.233087
146 0.442741 118.031737
147 0.444384 118.830858
148 0.445223 119.629925
149 0.44581 120.628215
150 0.446802 121.429229
151 0.448333 122.229421
152 0.449578 123.028518
153 0.450259 123.827391
154 0.451361 124.628949
155 0.452477 125.431319
156 0.453188 126.231576
157 0.453856 127.032484
158 0.455033 127.831398
159 0.455894 128.631578
160 0.456765 129.43121
161 0.457775 130.231516
162 0.459069 131.031457
163 0.460017 131.83227
164 0.460696 132.630937
165 0.461852 133.432371
166 0.462495 134.233705
167 0.464143 135.03398
168 0.464871 136.034894
169 0.465232 136.836201
170 0.46702 137.64684
171 0.468122 138.457494
172 0.468707 139.267842
173 0.469623 140.071506
174 0.470584 140.886493
175 0.472096 141.691657
176 0.473119 142.499155
177 0.474074 143.314316
178 0.475079 144.117805
179 0.475784 144.926438
180 0.476296 145.732958
181 0.477137 146.544969
182 0.477879 147.352587
183 0.478342 148.158068
184 0.479167 148.961393
185 0.479823 149.765032
186 0.48073 150.764376
187 0.481811 151.568059
188 0.482925 152.372039
189 0.483592 153.175867
190 0.484349 153.978579
191 0.48551 154.783423
192 0.486672 155.586306
193 0.487733 156.389429
194 0.488673 157.195208
195 0.489479 158.00034
196 0.489728 158.802942
197 0.490463 159.60595
198 0.491305 160.410919
199 0.492099 161.214489
200 0.492804 162.017254
201 0.493451 162.820423
202 0.493521 163.623321
203 0.494718 164.440429
204 0.495691 165.448447
205 0.496252 166.260004
206 0.4972 167.065745
207 0.49801 167.881277
208 0.498841 168.687876
209 0.499424 169.500615
210 0.499957 170.306762
211 0.499813 171.117288
212 0.500382 171.922749
213 0.501014 172.727784
214 0.501684 173.536809
215 0.502706 174.349446
216 0.503902 175.154266
217 0.504567 175.961836
218 0.505001 176.763715
219 0.505091 177.566227
220 0.506353 178.36912
221 0.506912 179.172448
222 0.507728 179.98033
223 0.508505 180.983496
224 0.509041 181.786708
225 0.509668 182.591582
226 0.510611 183.394109
227 0.511204 184.200026
228 0.511768 185.003752
229 0.512922 185.818232
230 0.51364 186.633754
231 0.514133 187.447055
232 0.514274 188.262087
233 0.51483 189.069191
234 0.515565 189.885338
235 0.516209 190.691851
236 0.516393 191.503584
237 0.517188 192.31175
238 0.517434 193.116701
239 0.517873 193.925941
240 0.519065 194.736971
241 0.519704 195.742399
242 0.520191 196.544931
243 0.520388 197.349206
244 0.521076 198.153315
245 0.521738 198.957058
246 0.522617 199.761819
247 0.522449 200.568186
248 0.523004 201.371719
249 0.523499 202.174387
250 0.524337 202.977021
251 0.525409 203.781178
252 0.525545 204.583287
253 0.525837 205.387944
254 0.526426 206.191954
255 0.526835 206.995918
256 0.527681 207.799732
257 0.528209 208.602157
258 0.528741 209.407795
259 0.529219 210.415092
260 0.529681 211.219217
261 0.530118 212.024714
262 0.530222 212.828584
263 0.530967 213.629628
264 0.53138 214.432306
265 0.532113 215.236795
266 0.531904 216.04158
267 0.532703 216.844867
268 0.5331 217.6533
269 0.533643 218.468218
270 0.53423 219.280539
271 0.534713 220.092986
272 0.535036 220.907542
273 0.535738 221.715545
274 0.536004 222.530764
275 0.53601 223.33742
276 0.536622 224.147916
277 0.53729 224.955835
278 0.537909 225.972276
279 0.538388 226.783944
280 0.538847 227.587857
281 0.539112 228.398947
282 0.538925 229.201879
283 0.538982 230.007238
284 0.540102 230.811222
285 0.540859 231.617055
286 0.541185 232.426552
287 0.541139 233.231293
288 0.541769 234.037285
289 0.542026 234.84417
290 0.541745 235.646663
291 0.541956 236.451189
292 0.542416 237.255346
293 0.542461 238.072471
294 0.543129 238.885655
295 0.543598 239.695315
296 0.543898 240.718613
297 0.544052 241.532858
298 0.543694 242.340263
299 0.544872 243.366099
300 0.545284 244.175467
301 0.545392 244.987282
302 0.545882 245.79315
303 0.546313 246.600691
304 0.546773 247.413999
305 0.546987 248.22497
306 0.547047 249.027759
307 0.547537 249.830295
308 0.547968 250.635742
309 0.548252 251.440938
310 0.548462 252.249022
311 0.549151 253.051528
312 0.549678 253.859189
313 0.550002 254.667262
314 0.550298 255.683463
315 0.550376 256.490808
316 0.550583 257.295522
317 0.551178 258.100019
318 0.551474 258.915111
319 0.551998 259.727393
320 0.552409 260.540146
321 0.552685 261.357795
322 0.553317 262.164895
323 0.553749 262.976992
324 0.554242 263.791973
325 0.554248 264.597732
326 0.554516 265.407106
327 0.554828 266.215788
328 0.55493 267.025206
329 0.555339 267.834074
330 0.555386 268.640041
331 0.554823 269.441813
332 0.55555 270.463297
333 0.555721 271.267384
334 0.556573 272.076222
335 0.556613 272.879298
336 0.55667 273.687474
337 0.557118 274.491724
338 0.55719 275.298978
339 0.556781 276.1031
340 0.557408 276.905123
341 0.558348 277.712566
342 0.55871 278.529071
343 0.558876 279.350253
344 0.559089 280.153958
345 0.558854 280.968343
346 0.559118 281.774851
347 0.560495 282.588022
348 0.561054 283.400987
349 0.561002 284.211121
350 0.561307 285.015301
351 0.560859 286.042259
352 0.56145 286.855088
353 0.561877 287.662107
354 0.561875 288.468887
355 0.562053 289.271163
356 0.56243 290.074959
357 0.562716 290.881857
358 0.563371 291.689429
359 0.563881 292.493886
360 0.563931 293.300355
361 0.564151 294.104632
362 0.564783 294.907721
363 0.56486 295.710672
364 0.564687 296.515986
365 0.565439 297.319715
366 0.56602 298.122452
367 0.565889 298.925209
368 0.566118 299.729349
369 0.566776 300.760154

Batch size is 128
Epoch & Fidelity & Runtime 
1 0.089655 0.812472
2 0.093182 1.682333
3 0.095132 2.489442
4 0.096804 3.432699
5 0.0986 4.231053
6 0.100583 4.983562
7 0.102809 5.725082
8 0.10525 6.465512
9 0.107893 7.210334
10 0.11089 7.950393
11 0.114164 8.698179
12 0.117657 9.440964
13 0.121457 10.189593
14 0.125349 10.935625
15 0.129457 11.678942
16 0.133606 12.428827
17 0.137725 13.176149
18 0.142035 13.918361
19 0.146316 14.672153
20 0.150421 15.426066
21 0.154351 16.189789
22 0.158229 16.948723
23 0.161893 17.701225
24 0.165579 18.693583
25 0.168946 19.450259
26 0.172143 20.209467
27 0.17538 20.970271
28 0.17834 21.731063
29 0.181225 22.484205
30 0.184267 23.248114
31 0.187035 24.009713
32 0.18962 24.776974
33 0.192128 25.541329
34 0.19454 26.307629
35 0.197033 27.074898
36 0.199527 27.827026
37 0.201862 28.58857
38 0.20405 29.340375
39 0.206208 30.099322
40 0.208224 30.857651
41 0.210265 31.610988
42 0.212228 32.369294
43 0.214144 33.167908
44 0.216178 34.118801
45 0.218002 34.880179
46 0.219827 35.629926
47 0.221753 36.401225
48 0.223608 37.169333
49 0.225416 37.940149
50 0.227253 38.710558
51 0.229071 39.477972
52 0.230775 40.246895
53 0.232527 41.01484
54 0.234159 41.771719
55 0.235888 42.528626
56 0.237595 43.28302
57 0.23926 44.046539
58 0.241006 44.812129
59 0.242551 45.571378
60 0.244142 46.327906
61 0.245591 47.096342
62 0.247286 47.864548
63 0.248843 48.86231
64 0.25035 49.631394
65 0.25195 50.399481
66 0.253582 51.165952
67 0.255153 51.934951
68 0.256776 52.704383
69 0.258319 53.4713
70 0.259926 54.240513
71 0.261491 55.007863
72 0.263079 55.776356
73 0.264828 56.545802
74 0.2665 57.313596
75 0.268076 58.080715
76 0.269595 58.848396
77 0.27114 59.613056
78 0.272635 60.382949
79 0.274113 61.150167
80 0.275423 61.917529
81 0.277228 62.685642
82 0.278698 63.695114
83 0.28014 64.466198
84 0.28179 65.237026
85 0.28342 66.006221
86 0.285006 66.779366
87 0.286331 67.547661
88 0.287941 68.315606
89 0.289358 69.081836
90 0.290867 69.851086
91 0.291821 70.619442
92 0.29329 71.388424
93 0.295155 72.15413
94 0.296462 72.921568
95 0.298062 73.688784
96 0.299394 74.453691
97 0.300941 75.219411
98 0.302601 75.985493
99 0.304091 76.751927
100 0.305628 77.517282
101 0.306761 78.47902
102 0.30816 79.279399
103 0.309595 80.046496
104 0.311095 81.045952
105 0.312599 81.812563
106 0.313969 82.581031
107 0.315475 83.348279
108 0.316835 84.115241
109 0.318184 84.888176
110 0.319671 85.655592
111 0.320886 86.420131
112 0.322285 87.187915
113 0.323803 87.954212
114 0.325336 88.722902
115 0.32666 89.490861
116 0.328126 90.256277
117 0.329522 91.022693
118 0.330927 91.790102
119 0.332167 92.558153
120 0.333485 93.56391
121 0.334767 94.341648
122 0.336069 95.119204
123 0.337544 95.894578
124 0.338854 96.668827
125 0.339994 97.44662
126 0.341458 98.225753
127 0.342803 98.994184
128 0.344182 99.764601
129 0.345702 100.538891
130 0.346915 101.310517
131 0.348288 102.084184
132 0.349526 102.856742
133 0.350628 103.628707
134 0.352045 104.405634
135 0.353574 105.174257
136 0.354867 105.941991
137 0.356292 106.710696
138 0.357439 107.479906
139 0.358938 108.405949
140 0.360327 109.245732
141 0.36169 110.013983
142 0.36289 110.77948
143 0.364121 111.548474
144 0.365279 112.317304
145 0.366819 113.086793
146 0.368264 113.855453
147 0.369571 114.625154
148 0.370903 115.39264
149 0.372206 116.158998
150 0.373696 116.929192
151 0.37488 117.702442
152 0.376286 118.48507
153 0.377462 119.261433
154 0.378635 120.039256
155 0.380159 120.820511
156 0.381414 121.595618
157 0.38241 122.376035
158 0.383655 123.200493
159 0.384927 124.158826
160 0.386359 124.925439
161 0.387451 125.694892
162 0.388317 126.464291
163 0.389894 127.232333
164 0.391266 127.998297
165 0.392576 128.767225
166 0.393945 129.535256
167 0.394976 130.302436
168 0.396236 131.069532
169 0.397329 131.834942
170 0.398429 132.604677
171 0.399436 133.375414
172 0.400701 134.144272
173 0.401854 134.909508
174 0.402936 135.679139
175 0.4044 136.446289
176 0.405343 137.212403
177 0.406564 137.978244
178 0.407822 138.977818
179 0.408873 139.744895
180 0.409972 140.514893
181 0.410814 141.280468
182 0.411983 142.045757
183 0.413331 142.812721
184 0.414188 143.580475
185 0.415373 144.347242
186 0.416557 145.113875
187 0.417798 145.879706
188 0.418638 146.647121
189 0.4199 147.418442
190 0.421122 148.193521
191 0.422129 148.965082
192 0.423307 149.736887
193 0.424098 150.508537
194 0.425188 151.281153
195 0.426104 152.055933
196 0.42689 152.830628
197 0.428082 153.830403
198 0.429101 154.602019
199 0.430099 155.374096
200 0.430997 156.152832
201 0.431849 156.926921
202 0.432751 157.707817
203 0.433873 158.487318
204 0.435005 159.264304
205 0.435688 160.043132
206 0.436987 160.817443
207 0.438167 161.593276
208 0.439271 162.365578
209 0.440303 163.137475
210 0.441404 163.909733
211 0.442371 164.680498
212 0.44333 165.455161
213 0.444212 166.233685
214 0.445192 167.006672
215 0.446206 167.778721
216 0.447002 168.777633
217 0.447895 169.548043
218 0.448768 170.318643
219 0.449307 171.092405
220 0.450018 171.865265
221 0.451284 172.647238
222 0.452326 173.42432
223 0.453405 174.197145
224 0.454162 174.976655
225 0.454989 175.755768
226 0.455721 176.527729
227 0.45647 177.30036
228 0.457451 178.074409
229 0.457916 178.843863
230 0.458635 179.617221
231 0.459424 180.392926
232 0.460342 181.163635
233 0.46095 181.933457
234 0.461894 182.704998
235 0.462648 183.709404
236 0.463391 184.482359
237 0.464021 185.256335
238 0.465173 186.028041
239 0.465997 186.808293
240 0.466855 187.593495
241 0.467511 188.377129
242 0.468225 189.161633
243 0.469443 189.939165
244 0.470477 190.722514
245 0.47122 191.504591
246 0.471955 192.279751
247 0.472658 193.059382
248 0.473169 193.839183
249 0.473815 194.620875
250 0.474637 195.395338
251 0.475089 196.172714
252 0.475912 196.954236
253 0.477044 197.729616
254 0.477853 198.744857
255 0.478172 199.517818
256 0.478964 200.290832
257 0.47999 201.065192
258 0.480879 201.836159
259 0.481056 202.608376
260 0.481591 203.382484
261 0.482582 204.15394
262 0.483351 204.928874
263 0.483993 205.701446
264 0.484348 206.47593
265 0.485089 207.26702
266 0.485946 208.041828
267 0.486733 208.821708
268 0.48744 209.610527
269 0.488098 210.386256
270 0.488312 211.169214
271 0.489256 211.951089
272 0.48984 212.732198
273 0.490007 213.743475
274 0.490609 214.525498
275 0.491183 215.306585
276 0.491812 216.085189
277 0.492376 216.864753
278 0.493143 217.640712
279 0.493982 218.416774
280 0.49465 219.191285
281 0.495104 219.966387
282 0.495693 220.742237
283 0.496287 221.513856
284 0.496314 222.288933
285 0.497065 223.063506
286 0.497968 223.838518
287 0.49877 224.610649
288 0.499387 225.382232
289 0.499802 226.156022
290 0.500584 226.94818
291 0.500834 227.720955
292 0.501105 228.744329
293 0.501718 229.530421
294 0.502419 230.306098
295 0.502914 231.088981
296 0.503347 232.115837
297 0.503717 232.895875
298 0.504291 233.675588
299 0.504634 234.455258
300 0.505513 235.233914
301 0.506159 236.011844
302 0.506615 236.791532
303 0.507104 237.566168
304 0.507756 238.342795
305 0.508387 239.114403
306 0.508913 239.88853
307 0.509363 240.663853
308 0.509638 241.43966
309 0.510373 242.212318
310 0.510744 242.990778
311 0.511284 244.009597
312 0.511695 244.782597
313 0.512291 245.555409
314 0.512697 246.329141
315 0.513252 247.119105
316 0.513651 247.900501
317 0.514144 248.680185
318 0.514404 249.457162
319 0.514895 250.238752
320 0.515106 251.021878
321 0.51577 251.798368
322 0.516346 252.578842
323 0.516901 253.356726
324 0.51746 254.138391
325 0.517829 254.911803
326 0.518489 255.686208
327 0.518599 256.464892
328 0.519272 257.245812
329 0.519854 258.01792
330 0.52035 259.038572
331 0.52066 259.81616
332 0.520922 260.590498
333 0.52145 261.363685
334 0.521743 262.141128
335 0.522033 262.919837
336 0.522373 263.690967
337 0.522797 264.465449
338 0.523282 265.239428
339 0.523655 266.030436
340 0.523918 266.803764
341 0.524467 267.587662
342 0.524837 268.375189
343 0.525713 269.150908
344 0.525697 269.933189
345 0.526159 270.716399
346 0.526381 271.497398
347 0.526834 272.276382
348 0.52729 273.052015
349 0.527585 274.085067
350 0.527917 274.861149
351 0.528428 275.642395
352 0.528857 276.414995
353 0.52919 277.18646
354 0.529574 277.957268
355 0.530051 278.727223
356 0.530269 279.497364
357 0.530466 280.268402
358 0.53098 281.039894
359 0.531233 281.810235
360 0.531768 282.582959
361 0.532107 283.357681
362 0.532147 284.130109
363 0.532471 284.90196
364 0.53246 285.674793
365 0.532944 286.446342
366 0.53333 287.21801
367 0.533375 287.988071
368 0.534108 289.016075
369 0.534313 289.788795
370 0.534843 290.559984
371 0.535387 291.333331
372 0.535795 292.105961
373 0.53635 292.877392
374 0.536246 293.650043
375 0.536612 294.422112
376 0.536916 295.193409
377 0.536757 295.964233
378 0.537011 296.744904
379 0.537696 297.527283
380 0.537858 298.31267
381 0.538235 299.092356
382 0.538774 299.869724
383 0.538881 300.651175

Batch size is 256
Epoch & Fidelity & Runtime 
1 0.084454 0.807498
2 0.08688 1.657402
3 0.088539 2.479407
4 0.089767 3.266831
5 0.090696 4.003604
6 0.091512 4.736466
7 0.092301 5.678415
8 0.093053 6.464986
9 0.093772 7.192372
10 0.094567 7.929841
11 0.095368 8.655723
12 0.096216 9.387536
13 0.097092 10.126115
14 0.098029 10.853419
15 0.098996 11.579704
16 0.100016 12.307552
17 0.101102 13.043861
18 0.102253 13.775654
19 0.103474 14.513757
20 0.104738 15.242388
21 0.106028 15.972445
22 0.107385 16.709485
23 0.108887 17.456126
24 0.110463 18.184319
25 0.112068 18.915204
26 0.113732 19.656871
27 0.115539 20.528526
28 0.117354 21.385786
29 0.119269 22.121505
30 0.121282 22.85292
31 0.123367 23.582496
32 0.125407 24.308324
33 0.127573 25.046738
34 0.129818 25.778709
35 0.132154 26.520276
36 0.134523 27.25099
37 0.136863 27.989751
38 0.139217 28.719666
39 0.14168 29.455744
40 0.144097 30.19921
41 0.146594 30.942184
42 0.148948 31.676673
43 0.151308 32.419125
44 0.153676 33.150602
45 0.15604 33.891547
46 0.158449 34.646378
47 0.160797 35.534477
48 0.163066 36.395499
49 0.165202 37.125838
50 0.167206 37.863782
51 0.169255 38.609102
52 0.171345 39.352228
53 0.173363 40.078862
54 0.1753 40.819871
55 0.177082 41.563878
56 0.178868 42.301973
57 0.180607 43.038341
58 0.18222 43.769116
59 0.183788 44.493186
60 0.185489 45.233708
61 0.187033 45.981391
62 0.188612 46.724461
63 0.190233 47.466375
64 0.191649 48.218256
65 0.193168 48.965166
66 0.1946 49.689659
67 0.196054 50.628941
68 0.197328 51.46045
69 0.19853 52.207253
70 0.199894 52.956415
71 0.201115 53.695633
72 0.202393 54.436601
73 0.203497 55.18637
74 0.204572 55.935876
75 0.205599 56.689176
76 0.206766 57.428885
77 0.207871 58.182096
78 0.208952 58.933021
79 0.210124 59.683034
80 0.211212 60.436121
81 0.212342 61.187749
82 0.213435 61.938
83 0.214573 62.689367
84 0.215407 63.440178
85 0.216335 64.193595
86 0.217378 64.946285
87 0.218386 65.96213
88 0.219456 66.716595
89 0.220584 67.470173
90 0.221617 68.224028
91 0.222564 68.976465
92 0.223593 69.727564
93 0.224628 70.480667
94 0.225534 71.236384
95 0.226465 71.989755
96 0.227369 72.743132
97 0.228313 73.499944
98 0.229304 74.265866
99 0.230178 75.024763
100 0.231019 75.788978
101 0.232035 76.546284
102 0.232874 77.301758
103 0.233735 78.055326
104 0.234482 78.818209
105 0.235397 79.717006
106 0.23627 80.85149
107 0.237138 81.602617
108 0.237944 82.358898
109 0.238621 83.111188
110 0.239391 83.875035
111 0.240219 84.626851
112 0.241062 85.380883
113 0.241918 86.130195
114 0.242804 86.886143
115 0.243514 87.641073
116 0.244463 88.396804
117 0.245325 89.148803
118 0.246058 89.899758
119 0.247005 90.650707
120 0.247883 91.400725
121 0.248679 92.150959
122 0.249503 92.902113
123 0.250244 93.653266
124 0.250952 94.405146
125 0.251694 95.165469
126 0.252532 96.180013
127 0.253397 96.929529
128 0.254226 97.682796
129 0.254904 98.433372
130 0.255696 99.184309
131 0.256448 99.935696
132 0.257296 100.688363
133 0.258082 101.442249
134 0.258743 102.194598
135 0.259553 102.94645
136 0.260366 103.697279
137 0.261197 104.448984
138 0.261874 105.201219
139 0.262661 105.952516
140 0.263419 106.717304
141 0.264219 107.477428
142 0.264965 108.238379
143 0.265687 109.001332
144 0.266409 109.758084
145 0.267122 110.776835
146 0.267817 111.535725
147 0.268649 112.295078
148 0.269327 113.054461
149 0.270257 113.814238
150 0.270912 114.571914
151 0.271523 115.330834
152 0.27225 116.086832
153 0.272985 116.840355
154 0.273811 117.600799
155 0.27457 118.355671
156 0.275179 119.107602
157 0.275954 119.860133
158 0.276615 120.612158
159 0.277241 121.363045
160 0.277896 122.117329
161 0.278672 122.868004
162 0.279349 123.620175
163 0.280021 124.373588
164 0.280774 125.125205
165 0.281519 126.139691
166 0.28222 126.891615
167 0.282915 127.642851
168 0.283618 128.395995
169 0.284422 129.150197
170 0.285274 129.915304
171 0.285905 130.677134
172 0.286624 131.440545
173 0.287294 132.203847
174 0.288023 132.959723
175 0.288778 133.723584
176 0.289533 134.485899
177 0.290214 135.246164
178 0.29099 136.013172
179 0.291758 136.776154
180 0.29253 137.537717
181 0.29324 138.29845
182 0.294063 139.060385
183 0.294759 139.813893
184 0.295389 140.835167
185 0.296108 141.591276
186 0.296777 142.34097
187 0.297557 143.091603
188 0.298286 143.840984
189 0.299077 144.590665
190 0.299845 145.341978
191 0.300504 146.092766
192 0.301146 146.842233
193 0.301857 147.590416
194 0.302547 148.340459
195 0.303378 149.08814
196 0.304066 149.841883
197 0.304744 150.596722
198 0.305375 151.354666
199 0.305971 152.123676
200 0.306729 152.880036
201 0.3075 153.655692
202 0.308254 154.412547
203 0.308876 155.17272
204 0.30945 156.196487
205 0.310233 156.954826
206 0.31084 157.711689
207 0.311636 158.472879
208 0.312314 159.233921
209 0.312986 159.992463
210 0.313718 160.750677
211 0.314416 161.506049
212 0.315167 162.260749
213 0.315798 163.015904
214 0.316579 163.777044
215 0.31724 164.533956
216 0.317914 165.288871
217 0.318737 166.044112
218 0.319541 166.798647
219 0.320184 167.554893
220 0.320818 168.309745
221 0.321457 169.066124
222 0.322148 169.821385
223 0.322911 170.83619
224 0.323847 171.591163
225 0.32463 172.347936
226 0.325315 173.102811
227 0.325887 173.859607
228 0.326642 174.616218
229 0.327311 175.371632
230 0.328057 176.12508
231 0.328862 176.879297
232 0.329623 177.636258
233 0.330357 178.390323
234 0.33109 179.146874
235 0.331769 179.900825
236 0.332479 180.659611
237 0.333119 181.417651
238 0.333765 182.176988
239 0.334461 182.933023
240 0.335207 183.689031
241 0.335963 184.445184
242 0.336719 185.200434
243 0.337374 186.222986
244 0.338133 186.978482
245 0.338942 187.733452
246 0.339692 188.488629
247 0.340477 189.24351
248 0.341241 189.998866
249 0.341976 190.754309
250 0.34262 191.508508
251 0.34338 192.26297
252 0.344039 193.017808
253 0.344828 193.772684
254 0.345529 194.528141
255 0.346228 195.283233
256 0.347034 196.038846
257 0.347678 196.794037
258 0.348303 197.551095
259 0.349188 198.306619
260 0.349909 199.065352
261 0.35062 199.836569
262 0.351417 200.871979
263 0.352047 201.640441
264 0.352809 202.406987
265 0.353446 203.16924
266 0.354266 203.934771
267 0.355097 204.695717
268 0.355839 205.461967
269 0.356681 206.221018
270 0.357481 206.984555
271 0.35825 207.752257
272 0.358929 208.513554
273 0.359671 209.272249
274 0.360418 210.031152
275 0.361084 210.791035
276 0.361784 211.553018
277 0.36256 212.309721
278 0.363356 213.063681
279 0.36418 213.823943
280 0.364917 214.580448
281 0.365583 215.610833
282 0.366405 216.37474
283 0.366931 217.129204
284 0.367601 217.886083
285 0.368406 218.656742
286 0.36918 219.42455
287 0.369896 220.18771
288 0.370566 221.229734
289 0.371451 221.993314
290 0.372173 222.760829
291 0.372845 223.523755
292 0.373579 224.290034
293 0.374349 225.056764
294 0.375135 225.820507
295 0.375848 226.583321
296 0.376632 227.348828
297 0.37723 228.10868
298 0.37788 228.870556
299 0.378585 229.632842
300 0.379191 230.671924
301 0.379778 231.430442
302 0.380428 232.186435
303 0.381115 232.948078
304 0.38193 233.7038
305 0.382739 234.458498
306 0.383369 235.220412
307 0.384119 235.976858
308 0.384906 236.732209
309 0.385555 237.48758
310 0.386444 238.254784
311 0.387267 239.022374
312 0.387943 239.789216
313 0.388578 240.551
314 0.389353 241.313707
315 0.390107 242.081734
316 0.390876 242.843898
317 0.391635 243.615566
318 0.392332 244.375342
319 0.393029 245.141056
320 0.39377 246.189705
321 0.39462 246.955879
322 0.395277 247.712924
323 0.395968 248.47445
324 0.396487 249.24052
325 0.397332 250.002635
326 0.398043 250.762443
327 0.398664 251.519503
328 0.399324 252.277951
329 0.40009 253.03409
330 0.400796 253.795393
331 0.401404 254.556193
332 0.402032 255.312702
333 0.402721 256.067772
334 0.40342 256.840068
335 0.404137 257.597206
336 0.404872 258.370908
337 0.405496 259.1375
338 0.406197 259.897762
339 0.406894 260.944748
340 0.407521 261.711095
341 0.408154 262.478763
342 0.408904 263.2442
343 0.409512 264.007112
344 0.410099 264.768294
345 0.410815 265.533996
346 0.411618 266.292281
347 0.412164 267.056905
348 0.412818 267.819723
349 0.41352 268.583935
350 0.41431 269.341141
351 0.414829 270.097782
352 0.415652 270.85893
353 0.416308 271.616235
354 0.416992 272.371874
355 0.417666 273.135972
356 0.41838 273.896341
357 0.419145 274.651606
358 0.419746 275.69389
359 0.420394 276.46095
360 0.421045 277.227139
361 0.421624 277.995035
362 0.422284 278.761542
363 0.423176 279.52451
364 0.423907 280.290804
365 0.424486 281.051063
366 0.424972 281.81524
367 0.425528 282.579079
368 0.426261 283.341841
369 0.426847 284.105795
370 0.427412 284.869197
371 0.427985 285.628854
372 0.428777 286.391572
373 0.429413 287.156015
374 0.43002 287.911671
375 0.43066 288.669307
376 0.431297 289.428166
377 0.431995 290.185575
378 0.432618 291.229908
379 0.433011 291.994087
380 0.433538 292.755594
381 0.434252 293.512501
382 0.434795 294.268782
383 0.435451 295.037766
384 0.436074 295.804606
385 0.43659 296.567314
386 0.437356 297.333333
387 0.437914 298.098566
388 0.438349 298.863936
389 0.438923 299.625957
390 0.439521 300.389054

Batch size is 512
Epoch & Fidelity & Runtime 
1 0.087686 0.809965
2 0.089179 1.687186
3 0.090303 2.511345
4 0.091257 3.277378
5 0.092064 4.036739
6 0.092713 4.754975
7 0.093314 5.472774
8 0.093895 6.192096
9 0.094421 6.910578
10 0.09496 7.901846
11 0.095477 8.650881
12 0.095998 9.371695
13 0.096529 10.098305
14 0.097074 10.819189
15 0.097621 11.535299
16 0.0982 12.256596
17 0.098788 12.984077
18 0.099391 13.703768
19 0.100022 14.423644
20 0.10066 15.148522
21 0.101327 15.871225
22 0.102026 16.587143
23 0.102752 17.308418
24 0.103492 18.0289
25 0.104258 18.755298
26 0.105051 19.467887
27 0.105867 20.19206
28 0.106722 20.91265
29 0.107573 21.632351
30 0.108459 22.355448
31 0.109365 23.382926
32 0.110301 24.101761
33 0.111276 24.822448
34 0.112265 25.544298
35 0.113291 26.269607
36 0.114335 26.988587
37 0.115406 27.701611
38 0.116512 28.422137
39 0.117621 29.144356
40 0.118771 29.873095
41 0.119921 30.584317
42 0.121105 31.303504
43 0.122311 32.024592
44 0.123526 32.762058
45 0.124768 33.473847
46 0.126029 34.196418
47 0.127321 34.924292
48 0.128601 35.644413
49 0.129892 36.372429
50 0.131171 37.094781
51 0.132481 38.114556
52 0.133811 38.846503
53 0.135137 39.571649
54 0.136424 40.295522
55 0.13773 41.014518
56 0.13902 41.748855
57 0.140328 42.479686
58 0.14163 43.205904
59 0.142946 43.923273
60 0.144236 44.662619
61 0.145514 45.388768
62 0.146801 46.112369
63 0.148063 46.83699
64 0.149294 47.572439
65 0.150499 48.295476
66 0.151694 49.023588
67 0.152901 49.756462
68 0.154008 50.491479
69 0.155128 51.204039
70 0.156302 51.944968
71 0.157368 52.986477
72 0.158438 53.72822
73 0.159557 54.454681
74 0.160623 55.193538
75 0.161681 55.937228
76 0.162751 56.682359
77 0.163815 57.425676
78 0.164854 58.166978
79 0.165881 58.910563
80 0.1669 59.655111
81 0.167918 60.398557
82 0.16887 61.141733
83 0.169801 61.886965
84 0.170725 62.628213
85 0.171638 63.373179
86 0.172552 64.417216
87 0.173433 65.160252
88 0.174283 65.904571
89 0.175193 66.647904
90 0.176079 67.418385
91 0.176937 68.433811
92 0.177773 69.176558
93 0.178576 69.923891
94 0.179414 70.669575
95 0.180208 71.412438
96 0.180969 72.167291
97 0.181774 72.926435
98 0.182558 73.676589
99 0.183417 74.429644
100 0.184166 75.181731
101 0.184932 75.93373
102 0.185689 76.680083
103 0.18644 77.424592
104 0.18724 78.170395
105 0.187973 78.922582
106 0.188712 79.670844
107 0.189438 80.422481
108 0.190142 81.171463
109 0.19092 81.918413
110 0.191629 82.962369
111 0.192357 83.710449
112 0.193038 84.451993
113 0.193708 85.199835
114 0.194512 85.946981
115 0.195251 86.690635
116 0.195932 87.435968
117 0.196609 88.181506
118 0.19733 88.923565
119 0.197961 89.668327
120 0.198652 90.411158
121 0.199334 91.153261
122 0.199948 91.893489
123 0.200689 92.636226
124 0.201363 93.37939
125 0.202026 94.121629
126 0.202708 94.87324
127 0.203417 95.615847
128 0.204104 96.359374
129 0.204758 97.102237
130 0.205406 98.146237
131 0.206077 98.889029
132 0.206712 99.633904
133 0.20738 100.376773
134 0.208062 101.136396
135 0.208761 101.884636
136 0.20945 102.641594
137 0.210107 103.395081
138 0.210788 104.141193
139 0.21145 104.895402
140 0.212099 105.645826
141 0.212737 106.399039
142 0.213406 107.148358
143 0.214012 107.906015
144 0.214715 108.659197
145 0.215375 109.40709
146 0.216017 110.156824
147 0.216679 110.909117
148 0.217302 111.656227
149 0.217977 112.446977
150 0.218635 113.453986
151 0.21928 114.197594
152 0.21988 114.939814
153 0.220508 115.681315
154 0.221125 116.423117
155 0.221799 117.160839
156 0.222419 117.902229
157 0.223061 118.641471
158 0.223669 119.382913
159 0.22427 120.121482
160 0.224894 120.862591
161 0.22555 121.604937
162 0.226184 122.358786
163 0.226785 123.109885
164 0.227442 123.868685
165 0.228023 124.615644
166 0.228639 125.366568
167 0.22924 126.119966
168 0.229857 126.872972
169 0.230426 127.899563
170 0.230996 128.676476
171 0.231632 129.427098
172 0.232263 130.176603
173 0.232833 130.927843
174 0.233447 131.675268
175 0.234019 132.423768
176 0.234565 133.166088
177 0.235157 133.912538
178 0.235749 134.654772
179 0.236381 135.398619
180 0.237029 136.137327
181 0.237545 136.880468
182 0.23808 137.621256
183 0.238627 138.362108
184 0.239248 139.102531
185 0.239806 139.840083
186 0.240306 140.58294
187 0.2409 141.324819
188 0.241471 142.065296
189 0.242 143.106269
190 0.242597 143.850553
191 0.2432 144.604484
192 0.243763 145.361245
193 0.24432 146.109983
194 0.244883 146.864372
195 0.245452 147.617211
196 0.246061 148.369736
197 0.246626 149.120252
198 0.247163 149.872239
199 0.24775 150.622977
200 0.248285 151.376409
201 0.24883 152.134089
202 0.249381 152.883212
203 0.249877 153.637347
204 0.250452 154.391204
205 0.250945 155.13993
206 0.251486 155.890625
207 0.25208 156.642599
208 0.252675 157.678801
209 0.253201 158.430648
210 0.253698 159.174967
211 0.254255 159.920311
212 0.254812 160.665686
213 0.25529 161.410381
214 0.255912 162.155508
215 0.256438 162.904381
216 0.256997 163.650191
217 0.257517 164.396691
218 0.25802 165.144546
219 0.258559 165.891641
220 0.259046 166.653479
221 0.259541 167.413267
222 0.260063 168.167949
223 0.260601 168.920985
224 0.261128 169.671425
225 0.261618 170.429144
226 0.262114 171.179919
227 0.26266 171.92817
228 0.263124 172.974463
229 0.26361 173.723804
230 0.26416 174.473173
231 0.264664 175.221565
232 0.26516 175.971632
233 0.265623 176.71926
234 0.266131 177.467962
235 0.266593 178.215586
236 0.267079 178.964581
237 0.267531 179.7159
238 0.267985 180.464995
239 0.268435 181.211341
240 0.268918 181.95919
241 0.269413 182.705595
242 0.269916 183.451888
243 0.2704 184.198752
244 0.270851 184.94687
245 0.271353 185.696758
246 0.271811 186.444394
247 0.272289 187.192325
248 0.272758 188.243259
249 0.273237 188.99392
250 0.273754 189.741102
251 0.274182 190.489733
252 0.274667 191.235387
253 0.275161 191.98139
254 0.275616 192.728133
255 0.276085 193.475935
256 0.276598 194.221639
257 0.277068 194.968985
258 0.277534 195.716805
259 0.278 196.464535
260 0.278407 197.21294
261 0.278898 197.960958
262 0.279341 198.709006
263 0.279782 199.457797
264 0.280169 200.20691
265 0.280606 200.955618
266 0.281037 201.701588
267 0.281533 202.753529
268 0.282003 203.503145
269 0.282502 204.249589
270 0.282955 204.997499
271 0.283333 205.74472
272 0.283777 206.492974
273 0.284299 207.240219
274 0.284691 208.300712
275 0.285168 209.059509
276 0.285587 209.824843
277 0.286026 210.579293
278 0.28642 211.337772
279 0.286844 212.095131
280 0.287229 212.85379
281 0.287686 213.609704
282 0.288159 214.365156
283 0.288539 215.117817
284 0.288895 215.870341
285 0.289367 216.629283
286 0.289788 217.376542
287 0.290171 218.44191
288 0.290595 219.188826
289 0.291065 219.941988
290 0.291485 220.69004
291 0.291932 221.446841
292 0.292284 222.191802
293 0.292666 222.936935
294 0.293089 223.685402
295 0.293559 224.431567
296 0.294025 225.180247
297 0.294383 225.930515
298 0.294758 226.677196
299 0.295177 227.422374
300 0.295626 228.181686
301 0.296059 228.943915
302 0.296492 229.694094
303 0.296915 230.450023
304 0.297292 231.203668
305 0.297658 231.958778
306 0.298119 233.022528
307 0.298516 233.779091
308 0.298918 234.536782
309 0.299289 235.290674
310 0.299632 236.043891
311 0.300047 236.794819
312 0.3004 237.546411
313 0.300828 238.295554
314 0.301246 239.044713
315 0.301582 239.796338
316 0.301982 240.549974
317 0.302314 241.297209
318 0.302691 242.044031
319 0.30309 242.793312
320 0.303524 243.538687
321 0.303897 244.293616
322 0.304353 245.039182
323 0.304734 245.784324
324 0.30515 246.531413
325 0.305492 247.289132
326 0.305848 248.366806
327 0.306258 249.126539
328 0.306661 249.882647
329 0.307044 250.639509
330 0.307465 251.390523
331 0.307809 252.15132
332 0.308197 252.907183
333 0.308571 253.660448
334 0.30893 254.415452
335 0.309385 255.171263
336 0.309769 255.925754
337 0.310166 256.680533
338 0.310563 257.429708
339 0.310919 258.180988
340 0.311279 258.93388
341 0.311663 259.687973
342 0.312034 260.432464
343 0.312471 261.17886
344 0.312859 261.92769
345 0.313215 262.99103
346 0.313564 263.747162
347 0.313881 264.495701
348 0.314233 265.240883
349 0.31456 265.986251
350 0.314894 266.744864
351 0.315242 267.507947
352 0.315607 268.267033
353 0.315986 269.021717
354 0.316398 269.781029
355 0.316719 270.537634
356 0.317042 271.293973
357 0.317458 272.048358
358 0.317849 272.800939
359 0.318251 273.555247
360 0.318574 274.308862
361 0.318948 275.060078
362 0.319328 275.814977
363 0.319719 276.567693
364 0.320053 277.314634
365 0.320327 278.392572
366 0.320704 279.141242
367 0.321016 279.887769
368 0.321392 280.638994
369 0.321721 281.384909
370 0.322018 282.12987
371 0.322295 282.890035
372 0.322623 283.63834
373 0.322978 284.386556
374 0.323342 285.148739
375 0.323672 285.905019
376 0.324033 286.666069
377 0.324416 287.423051
378 0.324756 288.178487
379 0.325071 288.934967
380 0.325476 289.68882
381 0.32579 290.444454
382 0.326051 291.197765
383 0.32637 291.950745
384 0.326783 293.031441
385 0.327081 293.784227
386 0.327388 294.541939
387 0.327735 295.289367
388 0.328025 296.042289
389 0.32828 296.795526
390 0.328567 297.549797
391 0.328841 298.297537
392 0.329261 299.045667
393 0.329636 299.796761
394 0.329925 300.54289

