Batch size is 8
Epoch & Fidelity & Runtime 
10 0.560779 25.79631
20 0.663742 51.495305
30 0.708665 77.224702
40 0.724165 102.958219
50 0.739326 128.77451
60 0.755162 154.330023
70 0.770339 179.853009
80 0.798156 205.422721
90 0.819705 230.96761
100 0.838567 256.498784
110 0.852185 282.072649

Batch size is 16
Epoch & Fidelity & Runtime 
10 0.423775 13.141295
20 0.514723 26.260259
30 0.603651 39.357379
40 0.659979 52.433692
50 0.688503 65.52082
60 0.706441 78.625784
70 0.722427 91.761244
80 0.732999 104.840581
90 0.743562 117.954674
100 0.751107 131.109363
110 0.763922 144.278802
120 0.77222 157.465289
130 0.780985 170.658374
140 0.786213 183.844037
150 0.794159 197.069361
160 0.799813 210.283308
170 0.805109 223.472115
180 0.811799 236.692927
190 0.813663 250.001296
200 0.819504 263.290135
210 0.823329 276.591589
220 0.827351 289.891919

Batch size is 32
Epoch & Fidelity & Runtime 
10 0.408278 7.455911
20 0.469924 14.645375
30 0.536315 21.817053
40 0.593167 28.994556
50 0.632669 36.158584
60 0.662325 43.338409
70 0.685124 50.478757
80 0.702748 57.611563
90 0.71775 64.771556
100 0.732438 71.939419
110 0.745272 79.107923
120 0.756776 86.275511
130 0.76899 93.469868
140 0.77759 100.637776
150 0.789734 107.829499
160 0.799962 115.004319
170 0.808145 122.186205
180 0.813624 129.358867
190 0.822143 136.540962
200 0.828278 143.729962
210 0.83516 150.914154
220 0.840229 158.095496
230 0.846926 165.28548
240 0.851896 172.47114
250 0.856132 179.651309
260 0.860924 186.828404
270 0.864992 194.015269
280 0.869372 201.182082
290 0.872326 208.366712
300 0.875982 215.543006
310 0.879271 222.728187
320 0.882914 229.904492
330 0.886205 237.075104
340 0.889287 244.261021
350 0.89204 251.438222
360 0.894502 258.62575
370 0.89771 265.799559
380 0.900926 272.979166
390 0.903429 280.152917
400 0.904189 287.359229
410 0.906702 294.544288

Batch size is 64
Epoch & Fidelity & Runtime 
10 0.379135 4.176372
20 0.399006 8.096482
30 0.419698 12.002604
40 0.437733 15.919349
50 0.45157 19.8247
60 0.464223 23.738477
70 0.468466 27.675925
80 0.473606 31.594055
90 0.482595 35.51274
100 0.489139 39.426175
110 0.505344 43.357449
120 0.52291 47.276674
130 0.542695 51.190774
140 0.565732 55.109835
150 0.587428 59.046722
160 0.608817 62.96862
170 0.625151 66.883367
180 0.637763 70.79373
190 0.651266 74.730958
200 0.661375 78.644682
210 0.670897 82.553082
220 0.678898 86.469777
230 0.684817 90.411132
240 0.689724 94.328439
250 0.695851 98.25029
260 0.700099 102.186272
270 0.705987 106.104954
280 0.710205 110.031507
290 0.714959 113.945209
300 0.720097 117.877679
310 0.724628 121.797159
320 0.729503 125.714723
330 0.734258 129.629723
340 0.738362 133.566338
350 0.743293 137.476487
360 0.74762 141.401015
370 0.752358 145.356764
380 0.756305 149.304516
390 0.759836 153.232117
400 0.763819 157.154135
410 0.767476 161.056852
420 0.771972 164.998945
430 0.775684 168.919812
440 0.77805 172.841949
450 0.781455 176.766121
460 0.784492 180.708544
470 0.787345 184.632473
480 0.79055 188.54327
490 0.79203 192.471859
500 0.795189 196.382959
510 0.797054 200.291447
520 0.798791 204.202319
530 0.801591 208.137467
540 0.803468 212.046731
550 0.80514 215.957916
560 0.807066 219.865685
570 0.808519 223.801792
580 0.809687 227.710871
590 0.81171 231.624945
600 0.813184 235.533215
610 0.813974 239.462294
620 0.816453 243.378606
630 0.8171 247.291045
640 0.81877 251.202387
650 0.82008 255.141806
660 0.81988 259.046741
670 0.823039 262.955849
680 0.824808 266.866616
690 0.827512 270.800382
700 0.828383 274.702764
710 0.828649 278.613277
720 0.830137 282.576812
730 0.830669 286.485536
740 0.831769 290.398799
750 0.833546 294.312018
760 0.833636 298.250038

Batch size is 128
Epoch & Fidelity & Runtime 
10 0.376962 2.532385
20 0.393432 4.905975
30 0.406395 7.207959
40 0.418237 9.515876
50 0.429821 11.824305
60 0.444214 14.090094
70 0.456853 16.360507
80 0.472923 18.637064
90 0.484742 20.906798
100 0.499006 23.17207
110 0.510498 25.425573
120 0.525396 27.703652
130 0.537887 29.955987
140 0.549085 32.218848
150 0.562361 34.484238
160 0.573659 36.745522
170 0.583593 39.004782
180 0.592106 41.288085
190 0.60191 43.550021
200 0.609628 45.810998
210 0.617231 48.071436
220 0.624911 50.334803
230 0.631676 52.593012
240 0.637945 54.854053
250 0.64261 57.144633
260 0.645458 59.409348
270 0.653037 61.672336
280 0.657026 63.935296
290 0.660586 66.201918
300 0.666463 68.466455
310 0.66959 70.730707
320 0.67209 73.0238
330 0.67529 75.284687
340 0.679777 77.545566
350 0.682639 79.809688
360 0.68472 82.070328
370 0.687698 84.328007
380 0.689969 86.609972
390 0.693539 88.865725
400 0.69483 91.12777
410 0.698854 93.389788
420 0.699752 95.65228
430 0.702908 97.910428
440 0.704033 100.169992
450 0.704657 102.460663
460 0.707257 104.726962
470 0.7101 106.987778
480 0.713052 109.25153
490 0.713574 111.51462
500 0.714945 113.775989
510 0.71735 116.038867
520 0.719225 118.334175
530 0.719954 120.596495
540 0.721025 122.865687
550 0.723459 125.135102
560 0.725515 127.402454
570 0.72622 129.665918
580 0.728246 131.963228
590 0.729858 134.236686
600 0.732131 136.505218
610 0.734613 138.775797
620 0.735021 141.086591
630 0.737229 143.358608
640 0.737394 145.62947
650 0.739867 147.933371
660 0.740472 150.200672
670 0.742522 152.470333
680 0.74228 154.734323
690 0.743953 156.999223
700 0.746209 159.270513
710 0.747001 161.568835
720 0.749329 163.831775
730 0.75084 166.098083
740 0.752018 168.358315
750 0.754712 170.621882
760 0.756259 172.882069
770 0.757504 175.148314
780 0.758429 177.45224
790 0.759894 179.71834
800 0.761616 181.987046
810 0.762445 184.256878
820 0.763733 186.521154
830 0.76395 188.79127
840 0.7652 191.061713
850 0.766363 193.364132
860 0.765882 195.625206
870 0.769004 197.87896
880 0.77008 200.13396
890 0.771681 202.403648
900 0.773139 204.667562
910 0.774342 206.968989
920 0.775614 209.234933
930 0.775579 211.499014
940 0.777141 213.766301
950 0.779222 216.031442
960 0.779594 218.300536
970 0.780207 220.571114
980 0.782197 222.879563
990 0.782734 225.147841
1000 0.784439 227.420747
1010 0.784686 229.688896
1020 0.785992 231.960328
1030 0.7866 234.22765
1040 0.78712 236.531769
1050 0.789143 238.802245
1060 0.789481 241.0746
1070 0.79036 243.344829
1080 0.790869 245.60807
1090 0.792186 247.874789
1100 0.792867 250.142186
1110 0.793568 252.445224
1120 0.794281 254.709958
1130 0.794728 256.973628
1140 0.795964 259.238385
1150 0.795822 261.497463
1160 0.797075 263.764239
1170 0.798023 266.025431
1180 0.799179 268.332862
1190 0.799455 270.600198
1200 0.799798 272.863088
1210 0.801458 275.125889
1220 0.802518 277.389375
1230 0.802096 279.652985
1240 0.803751 282.006065
1250 0.805534 284.268219
1260 0.805423 286.532516
1270 0.80611 288.795625
1280 0.807034 291.057068
1290 0.807988 293.319621
1300 0.808327 295.584109
1310 0.808149 297.891328

Batch size is 256
Epoch & Fidelity & Runtime 
10 0.30863 1.659405
20 0.344925 3.213223
30 0.361817 4.711906
40 0.370985 6.184546
50 0.377265 7.642911
60 0.38302 9.117699
70 0.389287 10.626046
80 0.395515 12.073748
90 0.401139 13.517059
100 0.407837 14.962195
110 0.414014 16.412499
120 0.421573 17.859152
130 0.429493 19.298137
140 0.437238 20.741673
150 0.444516 22.181333
160 0.452342 23.62294
170 0.4601 25.111949
180 0.46788 26.555061
190 0.475647 28.000026
200 0.483087 29.442473
210 0.490009 30.88635
220 0.497182 32.328697
230 0.505431 33.770908
240 0.512438 35.213958
250 0.52023 36.653092
260 0.527455 38.097832
270 0.534425 39.588435
280 0.541509 41.032407
290 0.548134 42.473072
300 0.553665 43.917198
310 0.560452 45.357229
320 0.566546 46.799831
330 0.571977 48.246478
340 0.577288 49.691047
350 0.582937 51.137167
360 0.58885 52.579811
370 0.593483 54.019289
380 0.598802 55.502148
390 0.604028 56.94295
400 0.608288 58.371918
410 0.61381 59.809935
420 0.617982 61.244953
430 0.621157 62.67846
440 0.624687 64.122862
450 0.628654 65.562018
460 0.632626 66.997932
470 0.63594 68.433777
480 0.639524 69.912551
490 0.642137 71.34778
500 0.646262 72.791846
510 0.649013 74.232612
520 0.651797 75.671168
530 0.6547 77.11586
540 0.658073 78.558076
550 0.660057 80.000354
560 0.662945 81.481864
570 0.665679 82.921547
580 0.668239 84.363065
590 0.670396 85.84561
600 0.673224 87.289061
610 0.675019 88.729876
620 0.67731 90.171333
630 0.679821 91.613539
640 0.681322 93.056264
650 0.683929 94.498081
660 0.685707 95.934988
670 0.6873 97.375874
680 0.689081 98.822153
690 0.691205 100.317532
700 0.693053 101.765275
710 0.695264 103.209813
720 0.697179 104.659164
730 0.69822 106.108289
740 0.699797 107.555301
750 0.701373 109.005535
760 0.703046 110.454684
770 0.705184 111.903339
780 0.707215 113.358984
790 0.708624 114.855535
800 0.710024 116.304267
810 0.711477 117.757476
820 0.713204 119.209362
830 0.714739 120.66234
840 0.716085 122.110997
850 0.717368 123.561051
860 0.718804 125.013797
870 0.720475 126.464097
880 0.722171 127.915732
890 0.72377 129.367943
900 0.724877 130.8653
910 0.726658 132.316529
920 0.727639 133.766352
930 0.729153 135.215242
940 0.730519 136.66622
950 0.731993 138.114074
960 0.733321 139.611379
970 0.734949 141.059806
980 0.736048 142.507878
990 0.736854 143.958637
1000 0.738392 145.457194
1010 0.739707 146.9046
1020 0.741552 148.35186
1030 0.742539 149.797438
1040 0.744066 151.244291
1050 0.745801 152.691643
1060 0.746583 154.136708
1070 0.747999 155.587356
1080 0.749056 157.035009
1090 0.749949 158.486633
1100 0.750997 159.990419
1110 0.752535 161.437231
1120 0.753748 162.885192
1130 0.755389 164.335809
1140 0.756217 165.786156
1150 0.757656 167.237834
1160 0.758773 168.687518
1170 0.759832 170.135497
1180 0.760614 171.58427
1190 0.761815 173.031141
1200 0.76316 174.533025
1210 0.764753 175.984021
1220 0.76589 177.434855
1230 0.767598 178.885491
1240 0.768947 180.335385
1250 0.7698 181.785686
1260 0.770683 183.235861
1270 0.77195 184.683531
1280 0.773171 186.13139
1290 0.773982 187.577715
1300 0.774672 189.027946
1310 0.775674 190.528873
1320 0.776466 191.974509
1330 0.777545 193.426283
1340 0.778721 194.872035
1350 0.779808 196.317332
1360 0.781261 197.769043
1370 0.781891 199.21985
1380 0.782627 200.671622
1390 0.78325 202.123732
1400 0.78398 203.572862
1410 0.785084 205.087753
1420 0.786685 206.539576
1430 0.787444 207.990353
1440 0.788377 209.439552
1450 0.789126 210.891047
1460 0.789832 212.345135
1470 0.790634 213.795869
1480 0.791537 215.249131
1490 0.792903 216.697983
1500 0.793306 218.139
1510 0.794363 219.632003
1520 0.795383 221.07357
1530 0.796178 222.511175
1540 0.796991 223.959386
1550 0.797534 225.40555
1560 0.798555 226.852744
1570 0.799791 228.299721
1580 0.800094 229.749543
1590 0.800841 231.198299
1600 0.801328 232.644724
1610 0.801889 234.09163
1620 0.802622 235.595038
1630 0.803488 237.049593
1640 0.803817 238.499091
1650 0.804222 239.945622
1660 0.804477 241.39366
1670 0.80538 242.840205
1680 0.805995 244.286141
1690 0.807478 245.731321
1700 0.808228 247.176876
1710 0.809223 248.623343
1720 0.809347 250.131191
1730 0.810418 251.578228
1740 0.811096 253.026772
1750 0.811476 254.471368
1760 0.811848 255.917538
1770 0.812806 257.366827
1780 0.81326 258.810824
1790 0.81406 260.259163
1800 0.814586 261.705843
1810 0.815194 263.170948
1820 0.81598 264.677545
1830 0.816254 266.126592
1840 0.816887 267.57382
1850 0.817805 269.023663
1860 0.818335 270.470304
1870 0.819311 271.917079
1880 0.819539 273.365662
1890 0.820132 274.814497
1900 0.820887 276.261008
1910 0.821521 277.709889
1920 0.822464 279.16046
1930 0.822729 280.728585
1940 0.82329 282.174155
1950 0.823889 283.621209
1960 0.824665 285.068392
1970 0.824942 286.520061
1980 0.825396 287.980924
1990 0.82588 289.43146
2000 0.826468 290.878703
2010 0.8272 292.328192
2020 0.827553 293.775057
2030 0.828106 295.282096
2040 0.828488 296.731158
2050 0.828712 298.180901
2060 0.829566 299.631921

Batch size is 512
Epoch & Fidelity & Runtime 
10 0.304187 1.236901
20 0.331849 2.366945
30 0.347943 3.485841
40 0.358043 4.590184
50 0.364322 5.669524
60 0.369236 6.743076
70 0.372935 7.871139
80 0.375605 8.935767
90 0.378182 9.994443
100 0.380538 11.052058
110 0.38307 12.085146
120 0.385368 13.112187
130 0.38752 14.131891
140 0.389893 15.14232
150 0.392516 16.166944
160 0.394632 17.179389
170 0.39713 18.19147
180 0.400022 19.206757
190 0.402625 20.219979
200 0.405072 21.235233
210 0.407309 22.311747
220 0.410186 23.315069
230 0.412568 24.333149
240 0.415609 25.339334
250 0.418861 26.340978
260 0.421771 27.343659
270 0.424623 28.359795
280 0.42804 29.371352
290 0.431447 30.386682
300 0.434828 31.401387
310 0.437731 32.416065
320 0.440826 33.428598
330 0.444854 34.4354
340 0.447741 35.446879
350 0.451381 36.46023
360 0.454877 37.52802
370 0.458425 38.532807
380 0.462181 39.542358
390 0.465706 40.541497
400 0.46918 41.540728
410 0.472088 42.541822
420 0.475267 43.545992
430 0.478753 44.547338
440 0.482258 45.551616
450 0.486043 46.555912
460 0.489637 47.559708
470 0.493215 48.5682
480 0.496681 49.5781
490 0.500351 50.586191
500 0.503667 51.595758
510 0.507642 52.667619
520 0.510721 53.677762
530 0.514138 54.687532
540 0.517322 55.695482
550 0.520575 56.702807
560 0.523758 57.726051
570 0.52736 58.741859
580 0.5309 59.760918
590 0.534358 60.772179
600 0.537329 61.78794
610 0.540663 62.800929
620 0.543372 63.808836
630 0.546359 64.81554
640 0.548776 65.824487
650 0.552156 66.902255
660 0.555289 67.910709
670 0.558494 68.916348
680 0.561378 69.914168
690 0.564252 70.910105
700 0.567476 71.909608
710 0.56995 72.908155
720 0.572575 73.905494
730 0.574835 74.904852
740 0.577446 75.90762
750 0.579507 76.912118
760 0.582165 77.913342
770 0.584658 78.914722
780 0.587386 79.918083
790 0.590048 80.921064
800 0.592549 81.986039
810 0.595044 82.984087
820 0.597359 83.98479
830 0.599325 84.986689
840 0.601968 85.988363
850 0.603988 86.992806
860 0.606073 87.992401
870 0.608208 88.992366
880 0.610426 89.995784
890 0.612462 90.997516
900 0.614661 91.998916
910 0.616241 93.001013
920 0.617971 94.002737
930 0.620087 95.004192
940 0.622118 96.005911
950 0.623937 97.069378
960 0.625628 98.072502
970 0.627156 99.076478
980 0.628883 100.077078
990 0.630517 101.078715
1000 0.632828 102.081014
1010 0.634847 103.081828
1020 0.636393 104.083282
1030 0.637396 105.086862
1040 0.639119 106.088392
1050 0.640596 107.09023
1060 0.642195 108.099174
1070 0.643901 109.105368
1080 0.645428 110.117644
1090 0.646739 111.131676
1100 0.648171 112.20295
1110 0.649826 113.211529
1120 0.651162 114.219146
1130 0.652697 115.22723
1140 0.654062 116.234732
1150 0.65512 117.2413
1160 0.656555 118.252109
1170 0.657939 119.258662
1180 0.658938 120.269437
1190 0.660232 121.278102
1200 0.661322 122.287725
1210 0.66261 123.299907
1220 0.663976 124.311983
1230 0.664912 125.324466
1240 0.665671 126.33183
1250 0.666839 127.409051
1260 0.667712 128.420805
1270 0.668494 129.432317
1280 0.66973 130.446769
1290 0.670939 131.455543
1300 0.672024 132.466342
1310 0.672681 133.479896
1320 0.673854 134.493437
1330 0.674857 135.507057
1340 0.675604 136.574878
1350 0.676717 137.592241
1360 0.678011 138.6062
1370 0.678942 139.617876
1380 0.67954 140.631078
1390 0.680198 141.643867
1400 0.681318 142.720779
1410 0.681992 143.732088
1420 0.682868 144.74007
1430 0.683768 145.752578
1440 0.684512 146.76177
1450 0.684997 147.773728
1460 0.685831 148.783555
1470 0.686751 149.79634
1480 0.687371 150.807497
1490 0.687869 151.815439
1500 0.688733 152.82444
1510 0.689647 153.834666
1520 0.690311 154.840006
1530 0.691045 155.847151
1540 0.69173 156.919886
1550 0.692359 157.925934
1560 0.693133 158.934039
1570 0.693946 159.939662
1580 0.694176 160.946302
1590 0.694861 161.947323
1600 0.695732 162.959393
1610 0.696384 163.972215
1620 0.696961 164.97808
1630 0.6976 165.984431
1640 0.698114 166.992191
1650 0.698794 168.004696
1660 0.699281 169.020151
1670 0.699772 170.031482
1680 0.700207 171.041863
1690 0.700786 172.119132
1700 0.701298 173.123261
1710 0.701353 174.128618
1720 0.701809 175.129944
1730 0.702606 176.137191
1740 0.703263 177.143774
1750 0.703625 178.159382
1760 0.704425 179.170662
1770 0.705113 180.18057
1780 0.705391 181.18907
1790 0.706205 182.202178
1800 0.70675 183.214387
1810 0.70687 184.227681
1820 0.707298 185.238079
1830 0.707826 186.248628
1840 0.708274 187.328802
1850 0.708854 188.33529
1860 0.709402 189.342429
1870 0.709887 190.347386
1880 0.710179 191.362044
1890 0.710514 192.375081
1900 0.710843 193.386938
1910 0.711362 194.393093
1920 0.711532 195.402553
1930 0.711961 196.410219
1940 0.712381 197.426487
1950 0.712682 198.435596
1960 0.713297 199.446173
1970 0.713605 200.463444
1980 0.713983 201.475856
1990 0.714173 202.572284
2000 0.714467 203.58338
2010 0.714885 204.599955
2020 0.715498 205.613362
2030 0.715606 206.631446
2040 0.716038 207.644018
2050 0.716392 208.65365
2060 0.716777 209.666681
2070 0.717322 210.680658
2080 0.717964 211.697289
2090 0.718323 212.709569
2100 0.718626 213.7239
2110 0.718992 214.735549
2120 0.719554 215.746707
2130 0.720019 216.837576
2140 0.72063 217.856308
2150 0.720796 218.865011
2160 0.72099 219.867591
2170 0.72119 220.870711
2180 0.721321 221.87336
2190 0.722001 222.87367
2200 0.72246 223.872983
2210 0.722855 224.876689
2220 0.723072 225.886739
2230 0.723324 226.891793
2240 0.723692 227.898088
2250 0.723952 228.900769
2260 0.724336 229.906729
2270 0.724583 230.91678
2280 0.724901 232.004858
2290 0.725124 233.012834
2300 0.725469 234.023618
2310 0.725905 235.031873
2320 0.726161 236.038489
2330 0.72657 237.046062
2340 0.72684 238.060934
2350 0.727131 239.067273
2360 0.727418 240.078752
2370 0.72795 241.084613
2380 0.728081 242.098128
2390 0.728316 243.103282
2400 0.728586 244.111541
2410 0.728758 245.118883
2420 0.729019 246.1286
2430 0.729432 247.224342
2440 0.72967 248.233709
2450 0.729832 249.242177
2460 0.729903 250.25138
2470 0.730231 251.258138
2480 0.730646 252.264363
2490 0.730953 253.272133
2500 0.731249 254.279471
2510 0.731576 255.286209
2520 0.731807 256.293001
2530 0.732092 257.30217
2540 0.73233 258.310114
2550 0.732401 259.321384
2560 0.732722 260.332896
2570 0.73313 261.347453
2580 0.73346 262.444302
2590 0.733764 263.456755
2600 0.734194 264.467641
2610 0.734516 265.481513
2620 0.734728 266.497077
2630 0.73497 267.505471
2640 0.735488 268.517704
2650 0.735754 269.52921
2660 0.735856 270.541453
2670 0.736058 271.550844
2680 0.736147 272.566404
2690 0.7364 273.575893
2700 0.736942 274.589307
2710 0.737252 275.597439
2720 0.737572 276.621692
2730 0.737848 277.718384
2740 0.738357 278.820152
2750 0.738564 279.825798
2760 0.738714 280.833242
2770 0.739141 281.841683
2780 0.739479 282.852752
2790 0.739837 283.860533
2800 0.740084 284.871125
2810 0.740238 285.879804
2820 0.740578 286.888552
2830 0.740535 287.89865
2840 0.740692 288.907274
2850 0.740905 289.915371
2860 0.741063 290.932152
2870 0.741507 292.030912
2880 0.741943 293.03811
2890 0.742164 294.050065
2900 0.742332 295.060421
2910 0.742762 296.069103
2920 0.743028 297.079236
2930 0.743376 298.088266
2940 0.743763 299.097758

