samples: 5000
burn_in: 500
steps: 100
Exact H:-12.25
   Fidelity  ROE       Mean      Median    CI Width LL on CI  UL on CI  mmRatio  Min Err  Max Err
1     N/A    0.000198  -12.24757  -12.25104  0.00187  -12.24944  -12.24571  0.99972  0.00005  0.00035  
2     N/A    0.000272  -12.24666  -12.24765  0.00207  -12.24874  -12.24459  0.99992  0.00010  0.00044  
3     N/A    0.000353  -12.24568  -12.24609  0.00240  -12.24808  -12.24328  0.99997  0.00016  0.00055  
4     N/A    0.000078  -12.24905  -12.24940  0.00177  -12.25082  -12.24728  0.99997  0.00007  0.00022  
5     N/A    0.000096  -12.24882  -12.25033  0.00213  -12.25095  -12.24669  0.99988  0.00008  0.00027  
6     N/A    0.000127  -12.24845  -12.24915  0.00235  -12.25080  -12.24610  0.99994  0.00006  0.00032  
7     N/A    0.000221  -12.24730  -12.24737  0.00219  -12.24948  -12.24511  0.99999  0.00004  0.00040  
8     N/A    0.000324  -12.24603  -12.24768  0.00212  -12.24815  -12.24390  0.99986  0.00015  0.00050  
9     N/A    0.000137  -12.24832  -12.24907  0.00202  -12.25034  -12.24630  0.99994  0.00003  0.00030  
