Learning Rates: 1e-05 0.0001 0.001 0.01 0.1 1 
Epoch & Fidelity & KL & Runtime 
1 0.263148 2.265698 1.109868
2 0.277147 2.179372 2.192811
3 0.291187 2.096921 3.274637
4 0.305093 2.019119 4.351637
5 0.318865 1.945344 5.430276
6 0.332833 1.873594 6.510794
7 0.346364 1.80698 7.588711
8 0.359887 1.742795 8.667088
9 0.373298 1.681451 9.750137
10 0.386822 1.621762 10.829417
11 0.400245 1.564511 11.908267
12 0.413583 1.509458 13.001271
13 0.426848 1.456373 14.080214
14 0.439714 1.406406 15.165335
15 0.452594 1.357818 16.243783
16 0.464824 1.312826 17.321764
17 0.47712 1.26872 18.405407
18 0.488554 1.228708 19.483967
19 0.500048 1.189328 20.566596
20 0.51154 1.150829 21.644499
21 0.522831 1.113862 22.722317
22 0.533593 1.079301 23.80327
23 0.544373 1.045355 24.882646
24 0.554688 1.013511 25.963289
25 0.564845 0.982663 27.042193
26 0.574976 0.952418 28.145512
27 0.58487 0.923387 29.226617
28 0.59457 0.895412 30.305509
29 0.603901 0.868873 31.38442
30 0.613158 0.84291 32.462074
31 0.622336 0.817575 33.541235
32 0.631384 0.792952 34.6226
33 0.639972 0.769855 35.699495
34 0.648688 0.746759 36.777928
35 0.656751 0.725677 37.857732
36 0.664351 0.706 38.940605
37 0.672194 0.68593 40.021966
38 0.679836 0.666563 41.103657
39 0.687434 0.647547 42.184374
40 0.69512 0.628569 43.29713
41 0.702202 0.611205 44.400827
42 0.709059 0.594556 45.4839
43 0.715762 0.57843 46.564003
44 0.72246 0.562482 47.646542
45 0.728755 0.547589 48.728452
46 0.734946 0.533072 49.814299
47 0.740667 0.519783 50.895665
48 0.746794 0.505672 51.975517
49 0.752637 0.492288 53.05715
50 0.757787 0.480599 54.138756
51 0.763235 0.468298 55.22416
52 0.768551 0.456384 56.306093
53 0.773543 0.445295 57.424609
54 0.778434 0.434494 58.516791
55 0.783393 0.423608 59.596564
56 0.788411 0.412653 60.68168
57 0.79295 0.402786 61.762677
58 0.797367 0.393268 62.844967
59 0.801632 0.384113 63.931025
60 0.806256 0.374292 65.014092
61 0.810457 0.365383 66.095345
62 0.814543 0.356746 67.175636
63 0.81858 0.348274 68.256178
64 0.822537 0.34 69.342254
65 0.826066 0.332673 70.425516
66 0.829858 0.324843 71.50733
67 0.8333 0.317757 72.640482
68 0.836935 0.31031 73.722083
69 0.840546 0.302972 74.802325
70 0.84375 0.296484 75.885326
71 0.847048 0.289808 76.966635
72 0.850206 0.283439 78.050351
73 0.853305 0.277198 79.131002
74 0.856323 0.271162 80.211376
75 0.859282 0.265266 81.294574
76 0.862038 0.259796 82.376316
77 0.865107 0.253726 83.458321
78 0.86776 0.248483 84.538919
79 0.870149 0.243792 85.621747
80 0.872993 0.238217 86.707554
81 0.875356 0.233603 87.849809
82 0.877912 0.228627 88.930185
83 0.880476 0.223643 90.01065
84 0.882801 0.219132 91.099297
85 0.885193 0.214538 92.179384
86 0.887335 0.210406 93.259945
87 0.889568 0.206133 94.340895
88 0.8918 0.201864 95.42318
89 0.893945 0.197762 96.50544
90 0.896027 0.193816 97.587613
91 0.89798 0.190112 98.667069
92 0.900143 0.185998 99.746555
93 0.901996 0.182487 100.825387
94 0.903623 0.179429 101.911935
95 0.90533 0.176213 103.063706
96 0.907083 0.172919 104.143397
97 0.908667 0.16995 105.224857
98 0.910386 0.166752 106.305048
99 0.912227 0.163317 107.391128
100 0.913669 0.160634 108.471392
101 0.915321 0.157576 109.552855
102 0.916707 0.155018 110.633214
103 0.918237 0.152187 111.712986
104 0.919633 0.149607 112.794343
105 0.920998 0.147094 113.873995
106 0.922302 0.144692 114.954458
107 0.92362 0.14226 116.036369
108 0.92477 0.140164 117.208944
109 0.926049 0.137833 118.37053
110 0.927293 0.135557 119.45202
111 0.928373 0.133593 120.53125
112 0.929531 0.131479 121.609362
113 0.930712 0.129331 122.691801
114 0.931892 0.127197 123.775408
115 0.933117 0.124988 124.855744
116 0.934174 0.123073 125.933678
117 0.935187 0.121245 127.013806
118 0.936316 0.11922 128.096069
119 0.937155 0.117717 129.176732
120 0.938022 0.116171 130.256218
121 0.938865 0.114652 131.335607
122 0.939791 0.113001 132.504713
123 0.940589 0.111577 133.58507
124 0.941473 0.109989 134.66749
125 0.942294 0.108529 135.747156
126 0.943173 0.106961 136.825202
127 0.943908 0.105655 137.907364
128 0.944566 0.104481 138.985903
129 0.945299 0.103176 140.067269
130 0.946017 0.101904 141.152581
131 0.946732 0.100633 142.227423
132 0.947478 0.099314 143.306137
133 0.948221 0.098003 144.380259
134 0.948958 0.096703 145.457047
135 0.9495 0.095753 146.532916
136 0.950173 0.094568 147.704836
137 0.950902 0.09329 148.782073
138 0.951552 0.092143 149.856206
139 0.952292 0.090846 150.946694
140 0.952842 0.089886 152.022443
141 0.953455 0.08881 153.097946
142 0.954107 0.087673 154.175749
143 0.954603 0.086809 155.252222
144 0.955116 0.085916 156.331139
145 0.955731 0.084847 157.40594
146 0.956305 0.083842 158.480832
147 0.956859 0.08288 159.557625
148 0.957389 0.081961 160.632684
149 0.957863 0.081139 161.708279
150 0.958369 0.080259 162.890353
151 0.958888 0.079354 163.965169
152 0.959417 0.078441 165.04418
153 0.959825 0.077731 166.119978
154 0.96019 0.077096 167.201563
155 0.960567 0.076448 168.275833
156 0.960912 0.075861 169.353316
157 0.961292 0.075203 170.428344
158 0.961636 0.074602 171.518866
159 0.962046 0.073893 172.597123
160 0.962376 0.073328 173.672379
161 0.962688 0.072796 174.750584
162 0.962937 0.072368 175.82491
163 0.963255 0.071813 176.900505
164 0.963661 0.071123 178.091959
165 0.963893 0.070722 179.167138
166 0.964038 0.070477 180.245842
167 0.964293 0.070049 181.334476
168 0.964559 0.069602 182.410767
169 0.964884 0.069055 183.490346
170 0.965193 0.068532 184.564652
171 0.965485 0.068039 185.642997
172 0.965797 0.067506 186.718652
173 0.966053 0.067074 187.794963
174 0.966277 0.0667 188.872542
175 0.966604 0.066143 189.948221
176 0.966784 0.065834 191.040816
177 0.967107 0.065288 192.119918
178 0.967341 0.064892 193.320731
179 0.967571 0.064501 194.39868
180 0.96779 0.06413 195.488993
181 0.968011 0.063757 196.565121
182 0.96821 0.063429 197.639724
183 0.968477 0.062976 198.716294
184 0.968745 0.062519 199.792955
185 0.969009 0.06207 200.869596
186 0.969261 0.061654 201.945072
187 0.969473 0.061301 203.020055
188 0.969631 0.061041 204.095756
189 0.969828 0.060718 205.17563
190 0.970039 0.060362 206.253217
191 0.970204 0.060099 207.327089
192 0.970486 0.05962 208.535139
193 0.970672 0.059314 209.610233
194 0.970802 0.059091 210.69012
195 0.970983 0.058787 211.769498
196 0.971234 0.058366 212.846765
197 0.971433 0.058031 213.922361
198 0.971568 0.057805 214.999186
199 0.971749 0.057512 216.079933
200 0.971879 0.057295 217.158182
201 0.972009 0.057092 218.234045
202 0.972131 0.056891 219.308307
203 0.972285 0.056633 220.381182
204 0.972408 0.056439 221.472316
205 0.972594 0.056137 222.691532
206 0.972737 0.055893 223.767363
207 0.972938 0.055567 224.842553
208 0.973048 0.05538 225.917933
209 0.973238 0.055058 226.995302
210 0.97336 0.054847 228.071636
211 0.973518 0.054584 229.147624
212 0.973624 0.054404 230.223432
213 0.973769 0.054171 231.312848
214 0.973815 0.054104 232.394708
215 0.97395 0.053875 233.472797
216 0.974027 0.053751 234.549134
217 0.974148 0.053548 235.624227
218 0.974245 0.053389 236.700749
219 0.974366 0.053183 237.929514
220 0.974504 0.052948 239.006953
221 0.974599 0.052788 240.079731
222 0.974745 0.052548 241.167213
223 0.974805 0.052442 242.243306
224 0.974995 0.052127 243.321308
225 0.975072 0.051998 244.397494
226 0.975167 0.051846 245.472469
227 0.975306 0.051623 246.548091
228 0.975391 0.051477 247.623342
229 0.975501 0.051296 248.704751
230 0.975554 0.051207 249.780182
231 0.975656 0.051034 250.856203
232 0.975707 0.050953 251.931787
233 0.975843 0.050731 253.171815
234 0.975942 0.050572 254.415635
235 0.976088 0.050322 255.493533
236 0.976182 0.050167 256.568724
237 0.976254 0.050051 257.645991
238 0.9763 0.049978 258.72442
239 0.976426 0.049768 259.799727
240 0.976484 0.049689 260.874368
241 0.976562 0.049567 261.952549
242 0.976639 0.049447 263.026829
243 0.976693 0.049357 264.10557
244 0.976761 0.049244 265.179462
245 0.976869 0.049072 266.255235
246 0.976922 0.048991 267.331078
247 0.977044 0.048788 268.585402
248 0.977117 0.048685 269.664826
249 0.977128 0.048672 270.739665
250 0.977178 0.048594 271.815651
251 0.97723 0.0485 272.894865
252 0.977255 0.048458 273.970502
253 0.977356 0.048288 275.050962
254 0.977443 0.048139 276.125143
255 0.97747 0.048103 277.19898
256 0.977577 0.047929 278.271338
257 0.977634 0.047827 279.345092
258 0.977708 0.047711 280.423128
259 0.977718 0.047687 281.510908
260 0.977773 0.047599 282.757987
261 0.977806 0.047549 283.830954
262 0.977801 0.047557 284.910388
263 0.97785 0.047482 285.984632
264 0.977853 0.047481 287.060063
265 0.977894 0.04742 288.135345
266 0.977986 0.047272 289.210986
267 0.97805 0.047167 290.288046
268 0.978113 0.04706 291.377195
269 0.97817 0.046969 292.450877
270 0.978148 0.047005 293.525707
271 0.978201 0.046914 294.600294
272 0.978264 0.046814 295.676068
273 0.978325 0.046714 296.74993
274 0.978391 0.046604 298.006392
275 0.978458 0.046506 299.082321
276 0.978456 0.046504 300.157394

Epoch & Fidelity & KL & Runtime 
1 0.40935 1.537796 1.091552
2 0.530995 1.095103 2.167682
3 0.629356 0.804201 3.247234
4 0.70753 0.602739 4.324235
5 0.76873 0.459483 5.399175
6 0.814242 0.360203 6.477196
7 0.850924 0.284281 7.551793
8 0.879755 0.226872 8.627877
9 0.902004 0.184014 9.703661
10 0.919033 0.151923 10.78355
11 0.930492 0.130917 11.862273
12 0.942895 0.108316 13.127058
13 0.951346 0.093208 14.202184
14 0.957459 0.082388 15.287762
15 0.960832 0.076543 16.366491
16 0.964622 0.070009 17.442292
17 0.967902 0.06432 18.518309
18 0.969712 0.061303 19.595499
19 0.972036 0.057358 20.670445
20 0.973793 0.054338 21.750609
21 0.974968 0.052341 22.826268
22 0.975493 0.051578 23.901122
23 0.97605 0.050701 24.976388
24 0.977257 0.048615 26.051291
25 0.977713 0.047949 27.130054
26 0.978206 0.047248 28.402144
27 0.978963 0.046076 29.479637
28 0.97902 0.046047 30.556381
29 0.978895 0.046434 31.635979
30 0.979278 0.045656 32.71582
31 0.97984 0.044689 33.799528
32 0.979976 0.044588 34.874802
33 0.980439 0.043643 35.949481
34 0.981053 0.042671 37.027415
35 0.981204 0.042484 38.117978
36 0.981191 0.042626 39.193417
37 0.981236 0.042549 40.269399
38 0.981285 0.042601 41.358352
39 0.981867 0.041461 42.636867
40 0.982189 0.040851 43.713956
41 0.982399 0.040477 44.788903
42 0.982444 0.040352 45.868809
43 0.982239 0.040735 46.945067
44 0.982517 0.040145 48.023449
45 0.982598 0.040014 49.099525
46 0.982605 0.040076 50.175069
47 0.982726 0.039871 51.263757
48 0.982978 0.039441 52.340824
49 0.982963 0.039387 53.417296
50 0.983019 0.039278 54.491198
51 0.982704 0.03982 55.568309
52 0.982454 0.040277 56.644938
53 0.982586 0.040049 57.929747
54 0.982932 0.039293 59.007449
55 0.982902 0.039275 60.084153
56 0.983358 0.038527 61.172913
57 0.983189 0.038901 62.249568
58 0.983195 0.03889 63.324023
59 0.983194 0.038902 64.400332
60 0.983158 0.039102 65.477176
61 0.98291 0.039484 66.552889
62 0.982861 0.039756 67.629539
63 0.983039 0.039384 68.708951
64 0.982961 0.039465 69.785889
65 0.983282 0.038838 70.862855
66 0.983651 0.038194 71.941422
67 0.983747 0.037991 73.235435
68 0.983861 0.037784 74.31467
69 0.984109 0.037345 75.392203
70 0.984468 0.036685 76.470654
71 0.984414 0.036747 77.547021
72 0.98446 0.036691 78.622631
73 0.984289 0.036996 79.701418
74 0.984242 0.037148 80.777305
75 0.984297 0.037042 81.852959
76 0.984276 0.037086 82.930059
77 0.984229 0.037142 84.007047
78 0.984156 0.037279 85.085318
79 0.983876 0.03773 86.159468
80 0.984041 0.037429 87.456436
81 0.984347 0.036904 88.530777
82 0.984449 0.036734 89.607633
83 0.984401 0.036787 90.686402
84 0.984449 0.036662 91.765381
85 0.984776 0.036053 92.841676
86 0.984914 0.035941 93.91894
87 0.984503 0.036768 94.993215
88 0.984544 0.03664 96.07102
89 0.984334 0.037031 97.148723
90 0.985143 0.03552 98.226686
91 0.985163 0.035476 99.301955
92 0.985158 0.035394 100.38098
93 0.985 0.035714 101.46959
94 0.985251 0.035261 102.774137
95 0.984885 0.035955 103.852097
96 0.985346 0.035145 104.929846
97 0.98559 0.034701 106.005803
98 0.98561 0.034617 107.085653
99 0.985463 0.034892 108.160151
100 0.985436 0.034908 109.235388
101 0.985583 0.034658 110.313014
102 0.985578 0.034698 111.403633
103 0.985529 0.034777 112.477376
104 0.985707 0.034501 113.555685
105 0.985848 0.034275 114.635257
106 0.985868 0.034239 115.713784
107 0.985817 0.03431 117.038579
108 0.985923 0.034135 118.351897
109 0.986272 0.03357 119.429863
110 0.98636 0.033494 120.507852
111 0.986436 0.033302 121.598126
112 0.986289 0.033561 122.675348
113 0.986288 0.033504 123.751111
114 0.986291 0.033504 124.828659
115 0.986235 0.033629 125.906029
116 0.985942 0.03417 126.984009
117 0.985787 0.034595 128.061188
118 0.986152 0.033925 129.137853
119 0.986349 0.033594 130.215297
120 0.986084 0.034017 131.304527
121 0.985908 0.034249 132.62632
122 0.985861 0.03429 133.700644
123 0.985838 0.034411 134.775335
124 0.985926 0.034301 135.851788
125 0.9857 0.034692 136.926775
126 0.985526 0.035041 138.007735
127 0.985781 0.034604 139.084618
128 0.986383 0.033522 140.159654
129 0.986468 0.033291 141.248064
130 0.986382 0.033535 142.325166
131 0.986211 0.033929 143.406215
132 0.986247 0.033825 144.483747
133 0.986607 0.03316 145.561655
134 0.987006 0.032372 146.638209
135 0.986661 0.033074 147.964148
136 0.986452 0.033468 149.047434
137 0.986562 0.033339 150.126016
138 0.986886 0.032708 151.215638
139 0.987001 0.032506 152.291799
140 0.987141 0.032226 153.369673
141 0.98704 0.032411 154.452186
142 0.986791 0.032839 155.527287
143 0.987084 0.032295 156.603157
144 0.98711 0.032124 157.677884
145 0.987099 0.032193 158.757547
146 0.986872 0.032595 159.833889
147 0.986603 0.033012 160.910712
148 0.986492 0.033166 161.989406
149 0.986927 0.03238 163.321898
150 0.987023 0.032244 164.399057
151 0.987087 0.032137 165.479192
152 0.98684 0.032637 166.555359
153 0.986988 0.032376 167.631371
154 0.987003 0.032354 168.707815
155 0.986536 0.03325 169.786506
156 0.986473 0.033404 170.86894
157 0.986369 0.033588 171.94614
158 0.986328 0.033673 173.022895
159 0.986187 0.0339 174.098488
160 0.986689 0.032894 175.178757
161 0.987205 0.032046 176.259902
162 0.987238 0.032014 177.596843
163 0.986977 0.032534 178.672844
164 0.987149 0.032254 179.748259
165 0.987206 0.03213 180.826587
166 0.987193 0.032076 181.906661
167 0.987402 0.031734 182.98209
168 0.987725 0.031079 184.056882
169 0.987508 0.031446 185.135575
170 0.987747 0.031017 186.211532
171 0.987657 0.03116 187.290552
172 0.987576 0.031316 188.366081
173 0.987795 0.030874 189.444523
174 0.987712 0.031108 190.533177
175 0.98772 0.031079 191.621577
176 0.987842 0.030813 192.964051
177 0.987859 0.030791 194.037965
178 0.987486 0.0314 195.113008
179 0.987344 0.03175 196.191516
180 0.987421 0.031514 197.266424
181 0.987912 0.030619 198.343464
182 0.987823 0.030773 199.420205
183 0.987814 0.030757 200.49608
184 0.98795 0.030579 201.58816
185 0.987776 0.030919 202.662645
186 0.988027 0.030475 203.740868
187 0.9883 0.030056 204.815923
188 0.988474 0.029707 205.892251
189 0.988211 0.030218 206.969235
190 0.987871 0.030841 208.32119
191 0.987482 0.031566 209.39913
192 0.987876 0.030802 210.475978
193 0.987999 0.030658 211.568895
194 0.988006 0.030674 212.645014
195 0.988145 0.030388 213.719101
196 0.987913 0.030744 214.800281
197 0.987916 0.030758 215.875443
198 0.987861 0.030869 216.952767
199 0.988305 0.030088 218.028872
200 0.98829 0.030165 219.103899
201 0.987572 0.031502 220.179876
202 0.987661 0.031425 221.268149
203 0.987699 0.031395 222.625843
204 0.988331 0.030202 223.699424
205 0.989023 0.028851 224.774389
206 0.989051 0.028788 225.849832
207 0.988919 0.029025 226.924851
208 0.988727 0.029394 228.00203
209 0.988489 0.029927 229.075767
210 0.98872 0.029507 230.151049
211 0.98865 0.029678 231.239526
212 0.988383 0.030125 232.315954
213 0.988224 0.03042 233.391972
214 0.98835 0.030187 234.468738
215 0.988016 0.030813 235.543924
216 0.988202 0.030426 236.624287
217 0.988387 0.030044 237.986817
218 0.988615 0.029612 239.06581
219 0.988577 0.029645 240.142667
220 0.98867 0.029493 241.23083
221 0.988676 0.029446 242.307485
222 0.988623 0.029551 243.384549
223 0.988714 0.029494 244.461839
224 0.988587 0.02974 245.537447
225 0.988736 0.029373 246.61348
226 0.989005 0.02886 247.693638
227 0.989062 0.028829 248.772577
228 0.988974 0.028946 249.848204
229 0.989048 0.028822 250.923217
230 0.988901 0.029104 252.002187
231 0.988794 0.029384 253.375566
232 0.988751 0.02947 254.751636
233 0.988505 0.02997 255.826433
234 0.988821 0.029327 256.901803
235 0.98893 0.029163 257.982006
236 0.989091 0.028871 259.059146
237 0.988981 0.029075 260.136804
238 0.988669 0.029758 261.224389
239 0.988802 0.029497 262.30122
240 0.988852 0.029326 263.37661
241 0.989021 0.029026 264.456048
242 0.989127 0.028892 265.533599
243 0.988987 0.029135 266.609284
244 0.989014 0.029002 267.985532
245 0.989294 0.02841 269.061124
246 0.989381 0.028226 270.155724
247 0.989008 0.028927 271.244553
248 0.989121 0.028715 272.322125
249 0.989015 0.028862 273.398358
250 0.988931 0.029037 274.473018
251 0.98861 0.029631 275.550056
252 0.988667 0.029477 276.626833
253 0.98904 0.028836 277.704525
254 0.988853 0.029221 278.77949
255 0.988533 0.029815 279.857504
256 0.988656 0.029606 280.936515
257 0.98857 0.029818 282.013054
258 0.988598 0.029787 283.399604
259 0.988682 0.02957 284.47524
260 0.988794 0.029386 285.550304
261 0.989096 0.028824 286.629361
262 0.989294 0.028395 287.702463
263 0.988655 0.029624 288.777648
264 0.988793 0.029288 289.852817
265 0.988984 0.02898 290.927913
266 0.989032 0.028968 292.007777
267 0.988778 0.029479 293.083468
268 0.988764 0.02951 294.157325
269 0.988295 0.030425 295.232177
270 0.988606 0.029763 296.307884
271 0.988361 0.030301 297.700709
272 0.988388 0.030225 298.775728
273 0.988227 0.030404 299.850614
274 0.988308 0.03031 300.92663

Epoch & Fidelity & KL & Runtime 
1 0.92758 0.134914 1.086908
2 0.974121 0.054508 2.171263
3 0.979053 0.046554 3.249026
4 0.978835 0.046812 4.324935
5 0.981546 0.042535 5.401869
6 0.980191 0.044314 6.480785
7 0.981987 0.041117 7.559776
8 0.980622 0.044757 8.634354
9 0.979501 0.046626 9.709761
10 0.981035 0.043482 10.799369
11 0.98129 0.043138 12.195602
12 0.98179 0.041362 13.27104
13 0.978792 0.04776 14.346741
14 0.984462 0.037337 15.42167
15 0.983604 0.038598 16.496851
16 0.983378 0.039546 17.57534
17 0.984762 0.03696 18.656449
18 0.981905 0.042376 19.734494
19 0.981357 0.04392 20.825429
20 0.982825 0.040732 21.901262
21 0.983834 0.038853 22.979043
22 0.981699 0.043423 24.056013
23 0.986103 0.034777 25.13156
24 0.985127 0.036652 26.528727
25 0.9837 0.039804 27.612056
26 0.983408 0.040462 28.686893
27 0.987214 0.032514 29.76852
28 0.986159 0.035181 30.860525
29 0.987223 0.032777 31.93784
30 0.985962 0.035261 33.017097
31 0.984397 0.038152 34.094358
32 0.985743 0.035863 35.170556
33 0.982229 0.042266 36.245881
34 0.985006 0.036816 37.322861
35 0.985456 0.036033 38.401879
36 0.986635 0.033742 39.490135
37 0.983038 0.040647 40.583449
38 0.983498 0.040424 41.993958
39 0.985254 0.036729 43.071447
40 0.985461 0.036507 44.150218
41 0.987197 0.032952 45.225658
42 0.986006 0.034917 46.3084
43 0.985816 0.035702 47.386031
44 0.987146 0.033269 48.463011
45 0.986444 0.034322 49.542825
46 0.986115 0.035119 50.631786
47 0.987158 0.033267 51.707083
48 0.985615 0.035865 52.782661
49 0.984533 0.038265 53.860376
50 0.987848 0.031681 54.93724
51 0.987773 0.031707 56.014226
52 0.986188 0.034921 57.431961
53 0.986209 0.034306 58.508685
54 0.985431 0.036185 59.587453
55 0.987074 0.033082 60.678204
56 0.986707 0.033959 61.755163
57 0.985837 0.035483 62.830358
58 0.983588 0.039315 63.907799
59 0.986133 0.034868 64.992101
60 0.98669 0.033846 66.068823
61 0.988372 0.030665 67.143872
62 0.986683 0.033697 68.220073
63 0.987493 0.032425 69.296857
64 0.98313 0.041063 70.387454
65 0.985215 0.036187 71.81291
66 0.985668 0.035768 72.891669
67 0.985689 0.035841 73.968946
68 0.987178 0.032935 75.046187
69 0.988002 0.032039 76.126584
70 0.98736 0.032965 77.211808
71 0.988743 0.030296 78.288541
72 0.985589 0.036277 79.364509
73 0.984222 0.039126 80.454573
74 0.984933 0.037472 81.5346
75 0.981154 0.045637 82.613096
76 0.983487 0.040813 83.692021
77 0.981163 0.044592 84.769354
78 0.984813 0.037446 85.847302
79 0.98476 0.037811 87.274919
80 0.98209 0.042826 88.351908
81 0.987677 0.03184 89.430163
82 0.986637 0.0345 90.520759
83 0.984959 0.037926 91.601152
84 0.987562 0.033075 92.679547
85 0.987628 0.03209 93.756749
86 0.987329 0.032867 94.834174
87 0.985675 0.036408 95.910268
88 0.986053 0.035362 96.990546
89 0.987605 0.032677 98.070405
90 0.988702 0.030497 99.151274
91 0.984702 0.038538 100.227435
92 0.986337 0.034849 101.662221
93 0.982034 0.043256 102.74027
94 0.987429 0.032669 103.819047
95 0.9841 0.038906 104.896804
96 0.985837 0.035493 105.973686
97 0.987029 0.033659 107.050133
98 0.988491 0.031072 108.128431
99 0.984108 0.040017 109.204709
100 0.984492 0.038384 110.283799
101 0.982836 0.042434 111.363765
102 0.986901 0.034104 112.4419
103 0.983596 0.040044 113.535613
104 0.98557 0.036687 114.612522
105 0.987297 0.032839 116.05295
106 0.983775 0.040075 117.494423
107 0.985753 0.036107 118.573666
108 0.985441 0.036662 119.651873
109 0.987903 0.032164 120.742547
110 0.986266 0.035493 121.822285
111 0.98461 0.038626 122.899617
112 0.985718 0.036228 123.978719
113 0.986614 0.034151 125.059269
114 0.988025 0.031765 126.142335
115 0.987863 0.031938 127.219691
116 0.986173 0.035334 128.294647
117 0.985973 0.035399 129.373677
118 0.987909 0.032019 130.461948
119 0.983474 0.040412 131.910345
120 0.987249 0.033709 132.988637
121 0.987508 0.032953 134.066013
122 0.980724 0.046086 135.145066
123 0.981483 0.045045 136.220971
124 0.986486 0.034581 137.299138
125 0.984035 0.038986 138.37602
126 0.986167 0.035291 139.457024
127 0.988601 0.031081 140.547823
128 0.987048 0.033683 141.626868
129 0.986593 0.034213 142.704894
130 0.987907 0.031996 143.784117
131 0.987142 0.033848 144.863747
132 0.984909 0.037772 145.942562
133 0.984946 0.038168 147.398533
134 0.986634 0.034672 148.476458
135 0.985904 0.035916 149.553027
136 0.986709 0.034213 150.644896
137 0.985882 0.035943 151.723277
138 0.984873 0.037627 152.799866
139 0.983957 0.039925 153.876717
140 0.983065 0.041111 154.955248
141 0.98526 0.036848 156.033878
142 0.984974 0.03812 157.112961
143 0.984073 0.039591 158.190324
144 0.987649 0.032715 159.267872
145 0.984714 0.038579 160.344223
146 0.986728 0.03447 161.809348
147 0.985266 0.036942 162.885324
148 0.987732 0.03273 163.961454
149 0.987426 0.033 165.039352
150 0.98391 0.039823 166.119106
151 0.983618 0.040874 167.195229
152 0.986878 0.034379 168.276892
153 0.985235 0.037036 169.355401
154 0.986236 0.03496 170.434096
155 0.983761 0.039902 171.514741
156 0.98572 0.036904 172.590042
157 0.984598 0.038674 173.665579
158 0.986337 0.03494 174.744206
159 0.985853 0.035617 175.82053
160 0.985621 0.03626 177.288778
161 0.986793 0.034301 178.364389
162 0.985211 0.036869 179.441373
163 0.984943 0.038015 180.528842
164 0.983489 0.040537 181.607907
165 0.986265 0.035621 182.686197
166 0.987697 0.032939 183.76239
167 0.987249 0.033388 184.839252
168 0.987035 0.033866 185.918514
169 0.984087 0.039933 186.995689
170 0.986427 0.035001 188.076838
171 0.987035 0.033943 189.155284
172 0.988488 0.03098 190.231686
173 0.98318 0.04195 191.704491
174 0.987049 0.033937 192.779335
175 0.98874 0.031034 193.869071
176 0.986213 0.035996 194.944796
177 0.984612 0.038464 196.020531
178 0.986054 0.035387 197.096086
179 0.983299 0.040684 198.175405
180 0.981591 0.043719 199.251822
181 0.983345 0.04136 200.327857
182 0.988093 0.032009 201.408346
183 0.986329 0.034732 202.486439
184 0.985444 0.037392 203.565921
185 0.984267 0.039307 204.64058
186 0.987667 0.032578 205.718861
187 0.986701 0.034508 207.197648
188 0.985839 0.036378 208.273906
189 0.984058 0.039825 209.351065
190 0.984365 0.039004 210.425552
191 0.984985 0.037975 211.502066
192 0.985559 0.036963 212.578083
193 0.986879 0.034109 213.65498
194 0.987973 0.031896 214.733809
195 0.986183 0.035672 215.808354
196 0.986741 0.034587 216.886218
197 0.98584 0.036253 217.965972
198 0.986999 0.033827 219.041895
199 0.987812 0.03234 220.120467
200 0.984415 0.039101 221.614608
201 0.985072 0.037529 222.693751
202 0.98725 0.033515 223.770813
203 0.983261 0.040582 224.848858
204 0.986609 0.034772 225.925498
205 0.986876 0.034689 227.002319
206 0.987007 0.033982 228.080734
207 0.988558 0.030978 229.157626
208 0.985477 0.037504 230.244637
209 0.987047 0.033941 231.322654
210 0.9847 0.038648 232.398431
211 0.983108 0.041792 233.474438
212 0.985219 0.037516 234.54962
213 0.986182 0.035495 235.62678
214 0.987425 0.033192 237.120599
215 0.986984 0.034194 238.195114
216 0.986404 0.035122 239.272
217 0.984056 0.040007 240.349104
218 0.984409 0.038775 241.431569
219 0.983121 0.041695 242.507977
220 0.988329 0.03147 243.58571
221 0.986333 0.035007 244.664844
222 0.986824 0.034018 245.740016
223 0.98666 0.034976 246.817049
224 0.988491 0.031077 247.893836
225 0.986956 0.034378 248.968633
226 0.987306 0.033094 250.047875
227 0.986226 0.035416 251.136788
228 0.987113 0.033432 252.639149
229 0.987633 0.032752 253.716774
230 0.984484 0.038995 255.220049
231 0.987223 0.033517 256.296126
232 0.987937 0.032229 257.376277
233 0.98513 0.037308 258.451519
234 0.985989 0.036045 259.527609
235 0.987153 0.033771 260.603914
236 0.98206 0.043072 261.681876
237 0.986358 0.03487 262.762004
238 0.986437 0.035268 263.83778
239 0.984049 0.039623 264.915712
240 0.98367 0.040205 265.992428
241 0.98365 0.040782 267.498536
242 0.988286 0.03147 268.589183
243 0.985529 0.036621 269.667178
244 0.983851 0.04022 270.756361
245 0.979884 0.048507 271.835186
246 0.984997 0.038454 272.911901
247 0.984971 0.037949 273.990223
248 0.986293 0.035091 275.067914
249 0.986984 0.034071 276.144152
250 0.988306 0.031453 277.220182
251 0.986361 0.035163 278.296855
252 0.986903 0.034345 279.375432
253 0.987465 0.032921 280.452877
254 0.985127 0.037393 281.970922
255 0.985462 0.036848 283.048011
256 0.98484 0.038039 284.1271
257 0.988599 0.031041 285.204564
258 0.988736 0.03067 286.282337
259 0.989312 0.029501 287.359303
260 0.984962 0.038022 288.437401
261 0.988281 0.031635 289.516522
262 0.983914 0.040491 290.593397
263 0.98746 0.03324 291.672157
264 0.987593 0.032805 292.75218
265 0.984412 0.039379 293.829103
266 0.986934 0.034663 294.905624
267 0.988934 0.030487 295.982698
268 0.987307 0.033381 297.502268
269 0.986924 0.034419 298.585684
270 0.988685 0.031223 299.665884
271 0.985369 0.037263 300.758429

Epoch & Fidelity & KL & Runtime 
1 0.958943 0.083546 1.117911
2 0.970028 0.067479 2.196823
3 0.96751 0.070003 3.273818
4 0.962631 0.084018 4.351485
5 0.971534 0.063787 5.431052
6 0.973264 0.062784 6.506457
7 0.974855 0.057786 7.585086
8 0.978799 0.048954 8.664443
9 0.981237 0.044121 9.745141
10 0.98281 0.042289 11.26967
11 0.974228 0.058779 12.346282
12 0.986813 0.034246 13.424459
13 0.982938 0.042565 14.501661
14 0.980482 0.046927 15.580255
15 0.981514 0.045179 16.658097
16 0.980563 0.046623 17.736047
17 0.972527 0.062021 18.814532
18 0.982606 0.043292 19.902464
19 0.981354 0.044052 20.981437
20 0.984458 0.038507 22.061055
21 0.985397 0.036948 23.138595
22 0.98167 0.043603 24.215403
23 0.986088 0.035384 25.29341
24 0.978775 0.049743 26.827723
25 0.974708 0.058579 27.903532
26 0.982351 0.042358 28.981039
27 0.982943 0.042039 30.071422
28 0.974029 0.05803 31.150238
29 0.982975 0.041327 32.226864
30 0.980508 0.046092 33.303611
31 0.978767 0.05093 34.379694
32 0.977089 0.053027 35.458443
33 0.962457 0.079935 36.537203
34 0.984405 0.039407 37.615022
35 0.978857 0.048603 38.707384
36 0.97062 0.0645 39.785865
37 0.983619 0.03982 41.324852
38 0.982264 0.043493 42.404107
39 0.963072 0.077156 43.484584
40 0.969399 0.065664 44.56225
41 0.979421 0.047421 45.641376
42 0.977431 0.051367 46.720414
43 0.976928 0.052599 47.797882
44 0.973337 0.061521 48.873764
45 0.969041 0.067487 49.963229
46 0.979989 0.047955 51.041027
47 0.977789 0.052285 52.118369
48 0.964633 0.076694 53.196465
49 0.980398 0.046855 54.273658
50 0.976893 0.053107 55.353105
51 0.963985 0.076262 56.899873
52 0.953469 0.09785 57.977307
53 0.970299 0.065086 59.055039
54 0.979488 0.049328 60.148824
55 0.980554 0.047223 61.224617
56 0.970496 0.066407 62.300827
57 0.957684 0.086837 63.378532
58 0.977565 0.052017 64.454971
59 0.953439 0.09474 65.532963
60 0.980985 0.046734 66.610397
61 0.974545 0.058776 67.687194
62 0.964207 0.078128 68.767413
63 0.974789 0.056607 69.843791
64 0.968841 0.067183 71.395919
65 0.978215 0.051395 72.475054
66 0.974438 0.057728 73.551923
67 0.9715 0.064837 74.630404
68 0.973788 0.058525 75.709268
69 0.973723 0.058548 76.787459
70 0.96943 0.065355 77.862937
71 0.968783 0.067878 78.939874
72 0.9801 0.047861 80.034265
73 0.959352 0.087801 81.11528
74 0.977969 0.052703 82.191303
75 0.970346 0.067062 83.269195
76 0.977965 0.052338 84.34695
77 0.979837 0.046728 85.904458
78 0.973745 0.059467 86.984369
79 0.962557 0.074679 88.065229
80 0.97558 0.05669 89.14295
81 0.985011 0.037733 90.232394
82 0.975088 0.057422 91.311649
83 0.975503 0.055471 92.388442
84 0.971037 0.063746 93.465457
85 0.974425 0.058864 94.543741
86 0.978502 0.050031 95.622152
87 0.972104 0.061458 96.698043
88 0.973571 0.06049 97.77571
89 0.970304 0.066147 98.852856
90 0.96305 0.077487 99.928806
91 0.974404 0.058641 101.493305
92 0.958215 0.086538 102.569504
93 0.97603 0.054659 103.644084
94 0.974141 0.059004 104.722249
95 0.972926 0.06109 105.800909
96 0.981576 0.046217 106.880642
97 0.965303 0.074018 107.958404
98 0.978263 0.051275 109.03402
99 0.97132 0.065062 110.125284
100 0.966783 0.07247 111.206889
101 0.971632 0.064518 112.287498
102 0.977541 0.052756 113.367275
103 0.976119 0.054746 114.933854
104 0.979121 0.049423 116.504645
105 0.96849 0.069826 117.582252
106 0.968785 0.068569 118.662357
107 0.974341 0.058169 119.7534
108 0.97656 0.055069 120.833183
109 0.973635 0.05801 121.915119
110 0.979037 0.050051 122.996513
111 0.98004 0.047535 124.073507
112 0.973805 0.059903 125.152494
113 0.973585 0.059852 126.230374
114 0.974203 0.05816 127.310328
115 0.976305 0.053776 128.390275
116 0.981939 0.043517 129.466757
117 0.972151 0.060306 131.057633
118 0.971765 0.063134 132.134975
119 0.967519 0.071005 133.211615
120 0.97843 0.051095 134.289923
121 0.972904 0.060934 135.36701
122 0.977992 0.051403 136.442387
123 0.967328 0.069086 137.518988
124 0.967991 0.069203 138.595031
125 0.975131 0.05527 139.675194
126 0.967484 0.071248 140.765083
127 0.975825 0.054725 141.842641
128 0.965924 0.072232 142.919446
129 0.971339 0.06331 143.997093
130 0.972759 0.060241 145.07947
131 0.975945 0.055337 146.662409
132 0.976027 0.05585 147.741153
133 0.97282 0.062023 148.823911
134 0.973548 0.058769 149.904015
135 0.958892 0.086103 150.98296
136 0.974018 0.059005 152.058592
137 0.978889 0.050344 153.134895
138 0.9729 0.061555 154.211175
139 0.978969 0.049078 155.290707
140 0.974612 0.058539 156.37082
141 0.972398 0.062331 157.448333
142 0.969637 0.065486 158.525208
143 0.974539 0.057612 159.601104
144 0.982505 0.042934 161.210186
145 0.967219 0.071589 162.285954
146 0.962441 0.078506 163.362003
147 0.965474 0.073707 164.440338
148 0.972143 0.064439 165.517294
149 0.973863 0.059982 166.595842
150 0.971432 0.062459 167.67268
151 0.95632 0.090627 168.749919
152 0.976113 0.054829 169.82811
153 0.978376 0.050446 170.904633
154 0.974374 0.057531 171.983456
155 0.970138 0.064918 173.060385
156 0.979763 0.047299 174.135893
157 0.968748 0.067988 175.21317
158 0.975296 0.054313 176.810293
159 0.976143 0.053938 177.888737
160 0.979167 0.048759 178.965188
161 0.980444 0.046402 180.043506
162 0.981647 0.044944 181.122349
163 0.980871 0.046539 182.201896
164 0.95107 0.099657 183.280663
165 0.97338 0.058638 184.357167
166 0.960475 0.082381 185.434156
167 0.965172 0.074185 186.510926
168 0.965679 0.072995 187.590782
169 0.967189 0.070723 188.667801
170 0.983563 0.040942 189.745283
171 0.979902 0.047925 191.352113
172 0.981641 0.044008 192.430603
173 0.977015 0.052116 193.512766
174 0.968416 0.069342 194.60292
175 0.973755 0.058547 195.679783
176 0.970906 0.063416 196.757602
177 0.976509 0.054356 197.833009
178 0.978751 0.0498 198.910539
179 0.96098 0.082576 199.991372
180 0.97427 0.059049 201.068548
181 0.973941 0.05962 202.145985
182 0.97594 0.054661 203.22299
183 0.972857 0.061746 204.301435
184 0.9566 0.094697 205.396417
185 0.975079 0.0561 206.982004
186 0.977661 0.052094 208.058598
187 0.969847 0.063969 209.137041
188 0.972194 0.0609 210.230031
189 0.973531 0.059025 211.306792
190 0.962424 0.080457 212.382529
191 0.964693 0.077101 213.459917
192 0.979189 0.049032 214.539221
193 0.971966 0.062307 215.616318
194 0.979474 0.048704 216.694637
195 0.9607 0.083631 217.770981
196 0.977608 0.052884 218.847135
197 0.977536 0.053083 219.925783
198 0.971479 0.0626 221.534652
199 0.959141 0.084612 222.613939
200 0.966207 0.074936 223.691638
201 0.97549 0.056315 224.769234
202 0.968115 0.069573 225.849792
203 0.969648 0.067964 226.925905
204 0.962149 0.07993 228.003465
205 0.971267 0.063306 229.081635
206 0.964021 0.078348 230.170881
207 0.977562 0.052771 231.250553
208 0.965756 0.073479 232.325718
209 0.961068 0.080158 233.399446
210 0.967285 0.071197 234.476204
211 0.981154 0.045492 236.089079
212 0.96736 0.070294 237.165021
213 0.969679 0.0659 238.240293
214 0.979478 0.048591 239.315934
215 0.97237 0.062111 240.404095
216 0.971887 0.06351 241.480655
217 0.971946 0.062651 242.557395
218 0.969297 0.066933 243.63413
219 0.969538 0.067957 244.71199
220 0.971005 0.065799 245.787238
221 0.972029 0.063923 246.865836
222 0.962472 0.078252 247.942242
223 0.964795 0.077211 249.017784
224 0.977534 0.051303 250.093989
225 0.973932 0.059783 251.711606
226 0.975856 0.053886 252.788513
227 0.977583 0.052241 253.863546
228 0.950437 0.098282 254.938484
229 0.963731 0.077927 256.556952
230 0.974228 0.058278 257.631848
231 0.97465 0.05646 258.708668
232 0.967708 0.0684 259.783452
233 0.958803 0.08728 260.871729
234 0.970049 0.065379 261.947396
235 0.970595 0.064559 263.024032
236 0.968952 0.067419 264.10033
237 0.964502 0.073943 265.177655
238 0.977938 0.052259 266.798844
239 0.967888 0.068476 267.876693
240 0.968125 0.071112 268.957526
241 0.964715 0.074716 270.035348
242 0.978366 0.050925 271.111955
243 0.96557 0.073733 272.188969
244 0.962649 0.078285 273.26592
245 0.970172 0.063477 274.342279
246 0.965517 0.074576 275.430309
247 0.961344 0.082233 276.506601
248 0.969011 0.068698 277.583065
249 0.974175 0.05872 278.658103
250 0.971792 0.062685 279.734387
251 0.972195 0.062214 281.3718
252 0.974349 0.056943 282.447282
253 0.969899 0.067857 283.522815
254 0.965039 0.07433 284.599373
255 0.969371 0.069984 285.680464
256 0.974301 0.058202 286.757633
257 0.951076 0.101742 287.834379
258 0.981664 0.045483 288.911187
259 0.970818 0.06415 289.989458
260 0.961341 0.080053 291.066617
261 0.976059 0.053492 292.141836
262 0.974122 0.058247 293.216139
263 0.973925 0.059956 294.293203
264 0.978824 0.05088 295.37053
265 0.977658 0.05219 297.004429
266 0.958893 0.087962 298.079442
267 0.973406 0.060541 299.155457
268 0.967126 0.070697 300.243203

Epoch & Fidelity & KL & Runtime 
1 0.925502 0.164713 1.086974
2 0.934755 0.145053 2.16413
3 0.851071 0.318073 3.239536
4 0.947715 0.114364 4.316941
5 0.918925 0.164484 5.393636
6 0.846229 0.287943 6.470336
7 0.967231 0.074952 7.551512
8 0.954488 0.105825 8.62734
9 0.940358 0.12807 9.703245
10 0.910505 0.203655 11.336048
11 0.949546 0.111829 12.411736
12 0.902877 0.205176 13.486938
13 0.922293 0.155324 14.569137
14 0.929562 0.154393 15.643557
15 0.942959 0.121347 16.719921
16 0.956703 0.081815 17.795359
17 0.959457 0.093756 18.869247
18 0.912426 0.19714 19.943572
19 0.942881 0.123335 21.019178
20 0.854087 0.238965 22.09551
21 0.808201 0.299027 23.173962
22 0.904749 0.213089 24.250917
23 0.961922 0.085583 25.886399
24 0.972685 0.055016 26.964259
25 0.954353 0.094722 28.042903
26 0.963169 0.0831 29.11741
27 0.911332 0.179317 30.206714
28 0.937034 0.125359 31.282195
29 0.950673 0.105383 32.357517
30 0.960579 0.08879 33.433114
31 0.943939 0.122831 34.508382
32 0.936153 0.140971 35.583189
33 0.911177 0.18641 36.661178
34 0.971085 0.064313 37.744517
35 0.913303 0.198985 38.821136
36 0.919341 0.155215 39.896778
37 0.958706 0.094624 41.538388
38 0.702088 0.503578 42.615184
39 0.663242 0.603862 43.694245
40 0.971222 0.059926 44.775558
41 0.864843 0.265659 45.852045
42 0.706857 0.446061 46.925542
43 0.929853 0.127659 47.999865
44 0.804683 0.331388 49.078222
45 0.868856 0.245592 50.163727
46 0.894706 0.229398 51.238539
47 0.937217 0.135844 52.312728
48 0.92109 0.150569 53.399729
49 0.918295 0.162954 54.477036
50 0.921028 0.147937 56.116804
51 0.900184 0.225138 57.192549
52 0.356714 1.213167 58.267252
53 0.885808 0.240185 59.341995
54 0.974006 0.055782 60.430436
55 0.882423 0.200586 61.505193
56 0.969623 0.064326 62.579953
57 0.962678 0.079419 63.653352
58 0.620667 0.610933 64.732333
59 0.905699 0.216186 65.810206
60 0.951243 0.104923 66.885098
61 0.924936 0.155373 67.960485
62 0.943618 0.114619 69.036666
63 0.923287 0.16043 70.695571
64 0.93093 0.119707 71.771987
65 0.852336 0.260044 72.847257
66 0.902051 0.203329 73.921795
67 0.93971 0.12575 74.998443
68 0.932598 0.12458 76.076226
69 0.934042 0.121346 77.149525
70 0.860162 0.233965 78.226198
71 0.935974 0.14199 79.300637
72 0.85203 0.306714 80.390893
73 0.943185 0.107718 81.467814
74 0.870131 0.219646 82.54236
75 0.902263 0.212496 83.616331
76 0.295967 1.548012 84.691377
77 0.92412 0.154859 86.341887
78 0.927743 0.159919 87.424078
79 0.932837 0.136284 88.50045
80 0.796142 0.348781 89.576423
81 0.889777 0.199297 90.665136
82 0.964572 0.081455 91.741237
83 0.902412 0.190661 92.815309
84 0.9 0.208172 93.8908
85 0.888293 0.236823 94.966391
86 0.800018 0.349801 96.042493
87 0.899425 0.181975 97.118315
88 0.92271 0.155288 98.195124
89 0.926246 0.158973 99.269843
90 0.800753 0.296164 100.936889
91 0.940204 0.137547 102.012856
92 0.958462 0.089996 103.089138
93 0.886536 0.243074 104.164558
94 0.918749 0.160899 105.244463
95 0.950737 0.087509 106.320689
96 0.380484 1.247327 107.395725
97 0.92872 0.150656 108.472698
98 0.769873 0.372186 109.546929
99 0.917452 0.173733 110.636369
100 0.282737 1.559147 111.713731
101 0.952403 0.105941 112.793038
102 0.856045 0.247251 114.448004
103 0.91288 0.192344 116.102483
104 0.957988 0.091206 117.176905
105 0.378361 1.124063 118.256264
106 0.940342 0.11616 119.332486
107 0.965634 0.075555 120.42018
108 0.968159 0.065195 121.494814
109 0.760915 0.419323 122.569717
110 0.900007 0.205207 123.643921
111 0.593371 0.645882 124.719476
112 0.918097 0.153531 125.793424
113 0.70001 0.467759 126.866404
114 0.923869 0.160161 127.940078
115 0.948708 0.113515 129.026585
116 0.721946 0.429792 130.103071
117 0.939255 0.139026 131.7803
118 0.958511 0.092204 132.855654
119 0.700622 0.500703 133.930647
120 0.958528 0.094489 135.006064
121 0.879538 0.189477 136.08531
122 0.966699 0.073421 137.159885
123 0.668687 0.53122 138.237222
124 0.918923 0.165527 139.314776
125 0.914529 0.159359 140.38971
126 0.939998 0.115773 141.478088
127 0.952663 0.10621 142.551637
128 0.931522 0.139359 143.625143
129 0.846313 0.295717 144.699389
130 0.904466 0.211085 146.365385
131 0.827119 0.261777 147.438797
132 0.088726 2.63713 148.520626
133 0.87987 0.1989 149.594472
134 0.924414 0.16985 150.66858
135 0.702514 0.441286 151.759445
136 0.959546 0.088755 152.833993
137 0.916188 0.182173 153.906875
138 0.944691 0.112897 154.981762
139 0.962462 0.076846 156.054984
140 0.862919 0.207 157.130602
141 0.936456 0.129277 158.205379
142 0.949507 0.109343 159.280016
143 0.113483 2.530784 160.946781
144 0.975104 0.054664 162.022652
145 0.870129 0.217931 163.100625
146 0.94394 0.116647 164.1785
147 0.091617 2.689501 165.253999
148 0.888458 0.18342 166.337889
149 0.941448 0.130623 167.412632
150 0.942294 0.124893 168.489827
151 0.915166 0.145963 169.564435
152 0.971285 0.065702 170.640526
153 0.941707 0.127121 171.729756
154 0.959885 0.090823 172.80553
155 0.951303 0.102084 173.880377
156 0.891313 0.171846 174.954846
157 0.927576 0.162064 176.629185
158 0.820875 0.351255 177.70407
159 0.916493 0.165804 178.785338
160 0.849333 0.233042 179.861171
161 0.916549 0.178643 180.936391
162 0.923965 0.130287 182.012772
163 0.912036 0.159149 183.0873
164 0.654387 0.54531 184.163905
165 0.765976 0.377004 185.238665
166 0.881324 0.198289 186.312885
167 0.883276 0.189787 187.387495
168 0.942206 0.107326 188.461766
169 0.939999 0.125865 189.544498
170 0.51206 0.847261 191.234613
171 0.517015 0.761385 192.309625
172 0.954569 0.098966 193.386263
173 0.896383 0.217694 194.464121
174 0.909769 0.206721 195.541563
175 0.969476 0.065531 196.615565
176 0.965909 0.074445 197.691384
177 0.944445 0.112248 198.767435
178 0.934008 0.136952 199.84478
179 0.912582 0.165922 200.91921
180 0.938647 0.131702 201.998296
181 0.926089 0.138647 203.074404
182 0.939067 0.134713 204.147997
183 0.811895 0.302982 205.826382
184 0.93158 0.142739 206.902704
185 0.892835 0.212109 207.978882
186 0.90839 0.182577 209.052737
187 0.927283 0.143849 210.139277
188 0.925792 0.150494 211.228069
189 0.94748 0.117731 212.304192
190 0.844866 0.253179 213.377673
191 0.904011 0.219151 214.451947
192 0.886501 0.251702 215.526255
193 0.961139 0.088044 216.602055
194 0.482432 0.873246 217.676795
195 0.882678 0.238982 218.75135
196 0.906327 0.172826 219.828776
197 0.912131 0.187851 221.531443
198 0.942493 0.113833 222.606385
199 0.724199 0.406838 223.683215
200 0.905979 0.185774 224.756841
201 0.958097 0.09607 225.831949
202 0.851408 0.253089 226.908969
203 0.923549 0.155285 227.982522
204 0.955586 0.097867 229.059103
205 0.569625 0.733364 230.134705
206 0.9329 0.144157 231.222922
207 0.922276 0.147075 232.300766
208 0.875802 0.234225 233.374298
209 0.902065 0.200129 234.449124
210 0.952485 0.103065 236.137114
211 0.883756 0.243917 237.212008
212 0.823342 0.278829 238.294317
213 0.786549 0.353749 239.370682
214 0.445133 0.973799 240.445518
215 0.787866 0.330044 241.533402
216 0.869944 0.250415 242.60965
217 0.889418 0.185693 243.685641
218 0.769019 0.411552 244.762473
219 0.906675 0.205489 245.836184
220 0.847811 0.254677 246.915584
221 0.324244 1.421945 247.992691
222 0.877901 0.227501 249.069358
223 0.935295 0.12551 250.766031
224 0.86722 0.294543 251.855628
225 0.876354 0.264826 252.931153
226 0.908004 0.178517 254.006878
227 0.379217 1.095642 255.699293
228 0.86124 0.234642 256.774862
229 0.531428 0.781685 257.849988
230 0.944373 0.124786 258.924858
231 0.765128 0.420519 260.000899
232 0.906443 0.205699 261.074851
233 0.936928 0.119296 262.149694
234 0.952459 0.097069 263.223955
235 0.891352 0.194062 264.298914
236 0.917458 0.154038 265.994982
237 0.859062 0.262495 267.069814
238 0.924592 0.133637 268.144028
239 0.914059 0.165728 269.225009
240 0.924104 0.14846 270.302612
241 0.944854 0.119426 271.390262
242 0.934892 0.123906 272.464803
243 0.946267 0.102595 273.5393
244 0.971342 0.06693 274.616872
245 0.881398 0.249711 275.692504
246 0.940424 0.114808 276.767004
247 0.204934 1.839981 277.842433
248 0.751882 0.371186 278.917056
249 0.908583 0.195937 279.992324
250 0.944067 0.122249 281.707863
251 0.889674 0.23268 282.781931
252 0.385553 1.093501 283.857146
253 0.443159 1.04285 284.934278
254 0.877633 0.221785 286.024021
255 0.558866 0.730374 287.099941
256 0.730422 0.412753 288.173757
257 0.907024 0.145978 289.250335
258 0.917192 0.150724 290.326399
259 0.436234 1.060692 291.414567
260 0.170297 2.033216 292.4913
261 0.949095 0.113979 293.566298
262 0.899656 0.167577 294.641326
263 0.781935 0.383582 296.34486
264 0.947965 0.11582 297.422365
265 0.808295 0.308569 298.498695
266 0.84551 0.25645 299.573112
267 0.319611 1.287743 300.648675

Epoch & Fidelity & KL & Runtime 
1 0.661268 0.963106 1.096187
2 0.625395 0.966794 2.17628
3 0.654781 1.022764 3.252878
4 0.683631 0.92147 4.329462
5 0.618289 1.076295 5.405385
6 0.649926 0.923272 6.482021
7 0.445117 1.611461 7.560482
8 0.625134 0.912053 8.637164
9 0.608725 1.084603 10.346527
10 0.681657 0.831269 11.425458
11 0.7546 0.665747 12.502601
12 0.43526 1.54521 13.580913
13 0.4377 1.640403 14.65806
14 0.744441 0.686825 15.732624
15 0.606564 1.085325 16.811084
16 0.6705 0.826503 17.88814
17 0.537843 1.445038 18.963837
18 0.503418 1.454116 20.038457
19 0.763869 0.599029 21.125869
20 0.470123 1.577453 22.199921
21 0.50698 1.427581 23.27647
22 0.770394 0.605029 24.352433
23 0.774704 0.577313 26.066861
24 0.714449 0.708081 27.144546
25 0.640524 0.899572 28.219607
26 0.318928 2.5748 29.298409
27 0.746059 0.637768 30.374152
28 0.545061 1.393858 31.45115
29 0.314535 2.528703 32.525874
30 0.498026 1.464113 33.602496
31 0.608259 1.100782 34.67975
32 0.755009 0.601295 35.756603
33 0.858234 0.355353 36.832523
34 0.477816 1.506535 37.907307
35 0.490105 1.543917 38.98314
36 0.571928 1.203762 40.717102
37 0.742669 0.667248 41.795763
38 0.688749 0.782206 42.87258
39 0.690692 0.782129 43.950534
40 0.815064 0.429365 45.029451
41 0.508998 1.491178 46.105513
42 0.607674 1.138389 47.181593
43 0.544534 1.250002 48.258917
44 0.342436 2.246807 49.33464
45 0.645292 0.867742 50.413113
46 0.618538 1.07752 51.489982
47 0.503282 1.339782 52.566452
48 0.665884 0.828256 53.642728
49 0.61404 1.099424 56.006579
50 0.43887 1.750848 57.083125
51 0.72827 0.730284 58.169641
52 0.506032 1.43591 59.251539
53 0.660483 0.881405 60.324657
54 0.703591 0.74595 61.400291
55 0.475998 1.603118 62.475736
56 0.60528 0.989547 63.551281
57 0.499286 1.366445 64.626361
58 0.584234 1.157011 65.700675
59 0.419059 1.6683 66.775743
60 0.599297 1.110561 67.853562
61 0.681506 1.090106 68.932819
62 0.404239 1.888835 70.658999
63 0.710338 0.762955 71.735287
64 0.612975 1.288857 72.811579
65 0.688122 0.858648 73.885245
66 0.787621 0.570824 74.959456
67 0.511108 1.382804 76.036497
68 0.676858 0.871653 77.11099
69 0.647528 0.952064 78.186857
70 0.723689 0.71761 79.263137
71 0.683575 0.797637 80.337496
72 0.731061 0.690829 81.422362
73 0.557079 1.373193 82.496639
74 0.697194 0.814586 83.571974
75 0.621805 0.938174 85.297249
76 0.594989 1.278594 86.37363
77 0.613756 1.18784 87.449576
78 0.667986 0.876023 88.526748
79 0.722301 0.650985 89.603187
80 0.663284 0.924163 90.681531
81 0.53928 1.398043 91.760365
82 0.287667 2.756617 92.83569
83 0.751572 0.612715 93.912328
84 0.499498 1.502089 94.98802
85 0.53271 1.368501 96.061087
86 0.673775 0.895268 97.135731
87 0.447837 1.782512 98.210117
88 0.709465 0.869988 99.284946
89 0.799998 0.466974 101.03143
90 0.516602 1.585051 102.10865
91 0.61743 1.259057 103.182754
92 0.715663 0.77363 104.259004
93 0.644079 0.975675 105.333122
94 0.517235 1.462422 106.408924
95 0.603324 1.10794 107.486358
96 0.712243 0.756457 108.564406
97 0.622991 1.109633 109.639287
98 0.584227 1.225984 110.71719
99 0.708944 0.709132 111.807795
100 0.65119 0.948682 112.883711
101 0.496999 1.474537 115.277309
102 0.623113 1.004459 116.351635
103 0.526281 1.441813 117.4281
104 0.64322 0.920386 118.501776
105 0.54539 1.450982 119.575799
106 0.482155 1.647779 120.649779
107 0.596307 1.099767 121.72651
108 0.550167 1.246032 122.801666
109 0.610709 1.225338 123.877242
110 0.624212 1.107272 124.953417
111 0.509677 1.369717 126.029999
112 0.573825 1.223463 127.109062
113 0.769137 0.555927 128.18585
114 0.491426 1.431219 129.261175
115 0.679784 0.881065 131.016323
116 0.664769 0.832038 132.092147
117 0.610017 1.104457 133.171884
118 0.588356 1.063769 134.246999
119 0.474851 1.601722 135.3219
120 0.762079 0.583949 136.397412
121 0.607575 1.098555 137.472611
122 0.503079 1.522105 138.549497
123 0.688406 0.799746 139.627922
124 0.553423 1.17318 140.704395
125 0.727993 0.741868 141.782086
126 0.520619 1.259271 142.859908
127 0.652873 0.946709 143.936853
128 0.401117 2.17705 145.679642
129 0.879793 0.268912 146.768706
130 0.576672 1.165664 147.84565
131 0.660627 0.79588 148.920699
132 0.537382 1.305937 149.997082
133 0.842613 0.380964 151.086224
134 0.582117 1.251847 152.16404
135 0.709058 0.831569 153.238852
136 0.702437 0.814846 154.315968
137 0.621904 1.061665 155.39342
138 0.81668 0.429217 156.468158
139 0.773517 0.52118 157.542498
140 0.769961 0.563713 158.619156
141 0.735896 0.656654 160.365067
142 0.730351 0.74146 161.454381
143 0.749166 0.628751 162.528949
144 0.723879 0.677034 163.603771
145 0.496975 1.466304 164.67863
146 0.730628 0.808927 165.757879
147 0.431067 1.781736 166.834148
148 0.729497 0.702546 167.908142
149 0.825076 0.416058 168.984804
150 0.675969 0.926012 170.060235
151 0.541307 1.249578 171.155586
152 0.556354 1.224179 172.231012
153 0.565256 1.20859 173.307126
154 0.758089 0.572553 174.382473
155 0.864448 0.336494 176.137048
156 0.560754 1.2579 177.212069
157 0.823019 0.438614 178.286852
158 0.436075 1.953201 179.36097
159 0.423272 1.961365 180.435166
160 0.62388 1.057436 181.525894
161 0.318853 2.64573 182.601839
162 0.442536 1.611749 183.679209
163 0.65093 1.035973 184.756949
164 0.484533 1.46866 185.836212
165 0.558966 1.261684 186.91427
166 0.420732 1.891249 187.989473
167 0.699934 0.873318 189.065526
168 0.578828 1.276472 190.821147
169 0.623844 0.958592 191.913281
170 0.765869 0.602663 192.990727
171 0.547522 1.346654 194.067293
172 0.616465 1.205333 195.145102
173 0.6046 1.103327 196.221087
174 0.475784 1.70489 197.296767
175 0.561107 1.183086 198.374699
176 0.78272 0.520619 199.450236
177 0.79797 0.444288 200.52511
178 0.702374 0.736646 201.606966
179 0.575124 1.178612 202.683001
180 0.450392 1.710453 203.757798
181 0.599468 1.166681 205.516236
182 0.747726 0.648811 206.590848
183 0.438795 2.092477 207.665505
184 0.628787 1.038479 208.741093
185 0.566787 1.36541 209.814965
186 0.345682 2.077992 210.903012
187 0.317606 2.316932 211.979989
188 0.57667 1.106864 213.055314
189 0.490506 1.410241 214.137881
190 0.619702 1.090857 215.215105
191 0.550234 1.414514 216.288294
192 0.705444 0.731682 217.364634
193 0.22636 3.34365 218.439377
194 0.632337 0.904772 220.20233
195 0.534561 1.278522 221.293803
196 0.578884 1.140313 222.380698
197 0.450817 1.706805 223.455204
198 0.508307 1.628818 224.53054
199 0.506124 1.30734 225.609786
200 0.850658 0.376316 226.684787
201 0.708229 0.745246 227.760423
202 0.633774 1.018277 228.835207
203 0.42089 1.90194 229.90966
204 0.398828 2.058732 230.998435
205 0.599749 1.237273 232.078864
206 0.500136 1.525578 233.152746
207 0.36645 2.18565 234.226756
208 0.516481 1.248886 235.994606
209 0.642474 0.910462 237.070055
210 0.652208 0.881763 238.146176
211 0.614049 1.053532 239.22082
212 0.414754 1.790711 240.296429
213 0.675128 0.900415 241.388482
214 0.523349 1.384576 242.463024
215 0.650261 0.926343 243.537346
216 0.729251 0.740679 244.617196
217 0.607167 1.341564 245.693242
218 0.4844 1.839459 246.770121
219 0.719286 0.704171 247.84507
220 0.66685 0.951577 248.920744
221 0.75675 0.638049 250.690148
222 0.708181 0.919305 251.768732
223 0.6377 1.074443 253.542256
224 0.610659 1.097256 254.619972
225 0.671396 0.910891 255.695044
226 0.429857 1.581197 256.769334
227 0.491126 1.507025 257.846878
228 0.649836 0.95095 258.921373
229 0.663352 0.970301 259.994935
230 0.327705 2.314565 261.083714
231 0.583489 1.196362 262.159914
232 0.634211 1.01668 263.237535
233 0.592325 1.188094 264.312702
234 0.726521 0.841401 266.087435
235 0.476931 1.682945 267.163597
236 0.72234 0.766586 268.240541
237 0.539933 1.364418 269.315422
238 0.480354 1.551918 270.388424
239 0.430206 1.822105 271.477108
240 0.61816 1.0765 272.552881
241 0.686864 0.843716 273.628963
242 0.574035 1.135484 274.704657
243 0.543499 1.335871 275.779964
244 0.578071 1.274675 276.855361
245 0.698385 0.838404 277.932409
246 0.240352 3.002459 279.011163
247 0.515371 1.376322 280.78805
248 0.487774 1.640158 281.866375
249 0.665732 0.895995 282.941928
250 0.629477 1.128976 284.016291
251 0.615256 0.986311 285.093354
252 0.558484 1.119446 286.169188
253 0.371135 2.114343 287.243826
254 0.544057 1.226982 288.318064
255 0.55129 1.40343 289.393775
256 0.755556 0.582925 290.470183
257 0.691884 0.877401 291.559797
258 0.592235 1.038744 292.636364
259 0.59303 1.136521 293.717758
260 0.735714 0.73675 295.500448
261 0.798941 0.452632 296.57819
262 0.426101 1.790898 297.652071
263 0.565098 1.381537 298.727434
264 0.604019 1.064228 299.802025
265 0.472306 1.68685 300.877607

