samples: 5000
burn_in: 500
steps: 100
Exact H:-4.75
   Fidelity  ROE       Mean      Median    CI Width LL on CI  UL on CI  mmRatio  Min Err  Max Err
1     N/A    0.000232  -4.74890  -4.75710  0.00162  -4.75052  -4.74728  0.99828  0.00011  0.00057  
2     N/A    0.000257  -4.74878  -4.75133  0.00168  -4.75046  -4.74710  0.99946  0.00010  0.00061  
3     N/A    0.000008  -4.74996  -4.75022  0.00152  -4.75148  -4.74844  0.99995  0.00031  0.00033  
4     N/A    0.000616  -4.74707  -4.74761  0.00186  -4.74893  -4.74521  0.99989  0.00022  0.00101  
5     N/A    0.000231  -4.74890  -4.75077  0.00142  -4.75032  -4.74748  0.99961  0.00007  0.00053  
6     N/A    0.000001  -4.75000  -4.75230  0.00102  -4.75102  -4.74899  0.99952  0.00021  0.00021  
7     N/A    0.000145  -4.74931  -4.75168  0.00112  -4.75043  -4.74819  0.99950  0.00009  0.00038  
8     N/A    0.000167  -4.74921  -4.75071  0.00139  -4.75060  -4.74782  0.99968  0.00013  0.00046  
9     N/A    0.000092  -4.74956  -4.74979  0.00149  -4.75105  -4.74807  0.99995  0.00022  0.00041  
10     N/A    0.000084  -4.74960  -4.75079  0.00133  -4.75093  -4.74827  0.99975  0.00020  0.00036  
11     N/A    0.000514  -4.74756  -4.74722  0.00169  -4.74925  -4.74587  1.00007  0.00016  0.00087  
12     N/A    0.000155  -4.74926  -4.75095  0.00111  -4.75038  -4.74815  0.99964  0.00008  0.00039  
13     N/A    0.000182  -4.74914  -4.75074  0.00142  -4.75055  -4.74772  0.99966  0.00012  0.00048  
14     N/A    0.000210  -4.74900  -4.75052  0.00124  -4.75025  -4.74776  0.99968  0.00005  0.00047  
15     N/A    0.000155  -4.74926  -4.75002  0.00143  -4.75069  -4.74783  0.99984  0.00015  0.00046  
16     N/A    0.000295  -4.74860  -4.74943  0.00139  -4.74999  -4.74721  0.99982  0.00000  0.00059  
17     N/A    0.000499  -4.74763  -4.74743  0.00172  -4.74935  -4.74592  1.00004  0.00014  0.00086  
18     N/A    0.000220  -4.74895  -4.75003  0.00139  -4.75035  -4.74756  0.99977  0.00007  0.00051  
19     N/A    0.000124  -4.74941  -4.75044  0.00168  -4.75108  -4.74773  0.99978  0.00023  0.00048  
