Batch size is 128

Optimizer is Adadelta
Epoch & Fidelity & Runtime 
100 0.792746 5.975053
200 0.744666 12.027913
300 0.747637 18.037827
400 0.792065 24.014952
500 0.789634 30.065982
600 0.766896 36.040044
700 0.771621 42.010911
800 0.738221 48.049918
900 0.759852 54.078855
1000 0.744925 60.004354

Optimizer is Adam
Epoch & Fidelity & Runtime 
100 0.655876 5.641234
200 0.762951 11.360844
300 0.67657 17.089885
400 0.692627 22.816389
500 0.701804 28.537113
600 0.516194 34.230542
700 0.599781 39.923
800 0.480174 45.589325
900 0.60499 51.273414
1000 0.680623 56.985563

Optimizer is Adamax
Epoch & Fidelity & Runtime 
100 0.590444 6.450602
200 0.738534 12.907323
300 0.692819 19.406263
400 0.5296 25.863743
500 0.361024 32.352048
600 0.309542 38.812647
700 0.230824 45.235302
800 0.208471 51.673355
900 0.152511 58.114506
1000 0.103871 64.521177

Optimizer is RMSprop
Epoch & Fidelity & Runtime 
100 0.125476 5.612131
200 0.050636 11.239435
300 0.000774 16.844889
400 0.000117 22.418453
500 6.7e-05 28.000632
600 1.9e-05 33.457306
700 8e-06 38.905558
800 4e-06 44.343203
900 2e-06 49.786395
1000 2e-06 55.236395

Optimizer is SGD
Epoch & Fidelity & Runtime 
100 0.422383 5.141099
200 0.524111 10.327559
300 0.560011 15.430626
400 0.580485 20.54932
500 0.602811 25.698241
600 0.628744 30.769003
700 0.653194 35.834504
800 0.676524 40.901175
900 0.699175 45.961331
1000 0.719998 51.011174

Optimizer is SGD $\gamma$ = 0.9
Epoch & Fidelity & Runtime 
100 0.776572 5.251469
200 0.840398 10.516788
300 0.857424 15.739288
400 0.866379 21.0189
500 0.856348 26.274004
600 0.853418 31.528381
700 0.847166 36.76651
800 0.848368 41.977784
900 0.822467 47.247883
1000 0.822243 52.509922

Optimizer is NAG $\gamma$ = 0.9
Epoch & Fidelity & Runtime 
100 0.772359 5.419026
200 0.846187 10.832216
300 0.868798 16.178855
400 0.871302 21.54558
500 0.879351 26.932119
600 0.867121 32.282928
700 0.855262 37.605578
800 0.855103 43.08603
900 0.85716 48.473351
1000 0.841278 53.829545

