Batch size is 256

Optimizer is Adadelta
Epoch & Fidelity & Runtime 
100 0.751078 3.73623
200 0.755671 7.487942
300 0.721392 11.215313
400 0.69529 14.947708
500 0.687537 18.685405
600 0.659583 22.473296
700 0.606559 26.21801
800 0.616854 29.954327
900 0.536207 33.691997
1000 0.536627 37.425988

Optimizer is Adam
Epoch & Fidelity & Runtime 
100 0.545466 3.594741
200 0.705064 7.237998
300 0.778594 10.884326
400 0.797324 14.529519
500 0.752604 18.17569
600 0.728094 21.791017
700 0.708775 25.409019
800 0.601907 29.029018
900 0.405404 32.642362
1000 0.231059 36.265084

Optimizer is Adamax
Epoch & Fidelity & Runtime 
100 0.550134 4.036402
200 0.687033 8.03017
300 0.765433 12.059227
400 0.808599 16.070686
500 0.821474 20.09099
600 0.797137 24.077614
700 0.817285 28.061225
800 0.824429 32.048811
900 0.827705 36.042748
1000 0.828111 40.034285

Optimizer is RMSprop
Epoch & Fidelity & Runtime 
100 0.429138 3.575607
200 0.458572 7.163476
300 0.210141 10.711771
400 0.417185 14.252466
500 0.518969 17.79403
600 0.434061 21.33072
700 0.466249 24.857133
800 0.36703 28.381989
900 0.387207 31.888542
1000 0.277825 35.414818

Optimizer is SGD
Epoch & Fidelity & Runtime 
100 0.309813 3.385933
200 0.426952 6.791064
300 0.510013 10.096015
400 0.550128 13.402491
500 0.574122 16.70602
600 0.595869 19.986993
700 0.621036 23.275184
800 0.648421 26.567881
900 0.672188 29.860336
1000 0.692259 33.143126

Optimizer is SGD $\gamma$ = 0.9
Epoch & Fidelity & Runtime 
100 0.668274 3.506183
200 0.76647 6.968465
300 0.80134 10.371496
400 0.813702 13.768908
500 0.824524 17.165101
600 0.833463 20.529534
700 0.84428 23.904763
800 0.854468 27.278596
900 0.857275 30.658301
1000 0.863545 34.033195

Optimizer is NAG $\gamma$ = 0.9
Epoch & Fidelity & Runtime 
100 0.64738 3.587164
200 0.762872 7.160602
300 0.808704 10.610804
400 0.827775 14.074869
500 0.840564 17.534201
600 0.858188 20.959203
700 0.865407 24.398021
800 0.870409 27.829306
900 0.88079 31.263779
1000 0.887583 34.697505

