Batch size is 512

Optimizer is Adadelta
Epoch & Fidelity & Runtime 
100 0.653394 2.596705
200 0.784232 5.198348
300 0.814195 7.795301
400 0.831622 10.402399
500 0.85059 13.00466
600 0.866458 15.611624
700 0.867508 18.215159
800 0.873945 20.817888
900 0.851035 23.428859
1000 0.825442 26.03364

Optimizer is Adam
Epoch & Fidelity & Runtime 
100 0.398951 2.543369
200 0.56876 5.09521
300 0.646483 7.635566
400 0.710249 10.175675
500 0.75261 12.71759
600 0.783349 15.259837
700 0.805661 17.797009
800 0.813836 20.329276
900 0.821548 22.868844
1000 0.827926 25.4103

Optimizer is Adamax
Epoch & Fidelity & Runtime 
100 0.299054 2.751879
200 0.428133 5.471611
300 0.511327 8.199921
400 0.552101 10.924453
500 0.575521 13.661071
600 0.593012 16.394689
700 0.609536 19.12673
800 0.642542 21.854957
900 0.681188 24.583796
1000 0.710208 27.345148

Optimizer is RMSprop
Epoch & Fidelity & Runtime 
100 0.73166 2.523401
200 0.213937 5.017664
300 0.04496 7.500719
400 0.009417 9.985757
500 0.006023 12.472049
600 0.005079 14.960764
700 0.0033 17.447534
800 0.003765 19.929423
900 0.003392 22.412243
1000 0.002611 24.899141

Optimizer is SGD
Epoch & Fidelity & Runtime 
100 0.223489 2.46379
200 0.298296 4.86419
300 0.364645 7.225729
400 0.439654 9.591488
500 0.496488 11.956128
600 0.529077 14.321272
700 0.548866 16.675301
800 0.561922 19.031859
900 0.571504 21.395642
1000 0.580182 23.75194

Optimizer is SGD $\gamma$ = 0.9
Epoch & Fidelity & Runtime 
100 0.558296 2.436415
200 0.644636 4.855868
300 0.696158 7.267516
400 0.747781 9.684557
500 0.773026 12.098792
600 0.795186 14.502481
700 0.805482 16.90378
800 0.812709 19.310034
900 0.815126 21.706692
1000 0.817975 24.111825

Optimizer is NAG $\gamma$ = 0.9
Epoch & Fidelity & Runtime 
100 0.575897 2.452733
200 0.677734 4.90287
300 0.747033 7.333641
400 0.784673 9.768663
500 0.808734 12.204861
600 0.821941 14.628306
700 0.830529 17.058259
800 0.842206 19.48896
900 0.852314 21.920434
1000 0.858113 24.357861

