Batch size is 64

Optimizer is Adadelta
Epoch & Fidelity & Runtime 
100 0.730942 10.206814
200 0.562116 20.371835
300 0.569068 30.620641
400 0.455827 40.92627
500 0.388389 51.338902
600 0.404931 61.571059
700 0.375788 71.815697
800 0.347621 82.14209
900 0.321871 92.392443
1000 0.330639 102.556646

Optimizer is Adam
Epoch & Fidelity & Runtime 
100 0.765744 9.662617
200 0.803206 19.333429
300 0.541847 28.974624
400 0.477426 38.635887
500 0.318794 48.321224
600 0.207327 58.039785
700 0.043045 67.704354
800 0.040791 77.383277
900 0.003486 87.0521
1000 0.001532 96.748985

Optimizer is Adamax
Epoch & Fidelity & Runtime 
100 0.673693 11.03775
200 0.731827 22.045675
300 0.358302 33.090389
400 0.110359 44.112008
500 0.039208 55.142413
600 0.022073 66.221852
700 0.014785 77.226254
800 0.012045 88.237004
900 0.009084 99.241927
1000 0.007617 110.270104

Optimizer is RMSprop
Epoch & Fidelity & Runtime 
100 0.004596 9.253876
200 1.2e-05 18.55949
300 2e-06 27.878713
400 1e-06 37.185176
500 0.0 46.496158
600 0.0 55.863016
700 0.0 65.177581
800 0.0 74.475441
900 0.0 83.772279
1000 0.0 93.07273

Optimizer is SGD
Epoch & Fidelity & Runtime 
100 0.565154 8.480535
200 0.649654 16.896833
300 0.717893 25.32699
400 0.759096 33.746541
500 0.78385 42.293223
600 0.802841 50.789485
700 0.81975 59.194121
800 0.828663 67.58902
900 0.83743 75.986571
1000 0.851102 84.389479

Optimizer is SGD $\gamma$ = 0.9
Epoch & Fidelity & Runtime 
100 0.854934 8.779044
200 0.877917 17.511063
300 0.899304 26.219962
400 0.885307 34.985078
500 0.825086 43.736942
600 0.57355 52.48629
700 0.273298 61.204249
800 0.08491 69.918165
900 0.029063 78.634906
1000 0.010046 87.347136

Optimizer is NAG $\gamma$ = 0.9
Epoch & Fidelity & Runtime 
100 0.850548 9.00965
200 0.882556 17.926402
300 0.894076 26.843243
400 0.897603 35.79039
500 0.895914 44.748429
600 0.901951 53.764367
700 0.902694 62.976986
800 0.902345 71.980925
900 0.889805 80.901165
1000 0.873786 89.811325

