nh: 6
samples1: 50000
samples2: 5000
burn_in: 500
steps: 100
Exact H:-18.74
   Fidelity  ROE       Mean      Median    CI Width LL on CI  UL on CI  mmRatio  Min Err  Max Err
20  0.714766  0.069444  -17.43862  -17.52666  0.09356  -17.53218  -17.34506  0.99498  0.06445  0.07444  
40  0.861125  0.037008  -18.04646  -18.18042  0.07152  -18.11798  -17.97494  0.99263  0.03319  0.04082  
60  0.904594  0.025342  -18.26510  -18.38389  0.06044  -18.32554  -18.20466  0.99354  0.02212  0.02857  
80  0.927693  0.020762  -18.35091  -18.43029  0.05566  -18.40657  -18.29526  0.99569  0.01779  0.02373  
100  0.937020  0.018523  -18.39289  -18.42609  0.05069  -18.44357  -18.34220  0.99820  0.01582  0.02123  
120  0.950730  0.014860  -18.46152  -18.49817  0.04898  -18.51050  -18.41254  0.99802  0.01225  0.01747  
140  0.956845  0.014366  -18.47077  -18.48148  0.04558  -18.51635  -18.42520  0.99942  0.01193  0.01680  
160  0.961760  0.012119  -18.51289  -18.55092  0.04345  -18.55634  -18.46944  0.99795  0.00980  0.01444  
180  0.964995  0.010657  -18.54030  -18.56734  0.04065  -18.58095  -18.49965  0.99854  0.00849  0.01283  
200  0.967567  0.010592  -18.54151  -18.57942  0.04069  -18.58220  -18.50082  0.99796  0.00842  0.01276  
220  0.970458  0.010365  -18.54576  -18.57660  0.03908  -18.58484  -18.50668  0.99834  0.00828  0.01245  
240  0.971479  0.009997  -18.55266  -18.61248  0.03687  -18.58953  -18.51579  0.99679  0.00803  0.01196  
260  0.974804  0.007025  -18.60835  -18.66196  0.03648  -18.64483  -18.57187  0.99713  0.00508  0.00897  
280  0.976529  0.007624  -18.59713  -18.65438  0.03607  -18.63320  -18.56105  0.99693  0.00570  0.00955  
300  0.976265  0.007033  -18.60821  -18.64981  0.03446  -18.64267  -18.57375  0.99777  0.00519  0.00887  
320  0.977140  0.007602  -18.59754  -18.63354  0.03464  -18.63218  -18.56289  0.99807  0.00575  0.00945  
340  0.977363  0.006350  -18.62100  -18.64089  0.03476  -18.65576  -18.58624  0.99893  0.00450  0.00820  
360  0.979091  0.007868  -18.59255  -18.65573  0.03365  -18.62619  -18.55890  0.99661  0.00607  0.00966  
380  0.978604  0.006236  -18.62314  -18.64433  0.03392  -18.65706  -18.58922  0.99886  0.00443  0.00805  
400  0.978599  0.006261  -18.62267  -18.65576  0.03330  -18.65596  -18.58937  0.99823  0.00448  0.00804  
420  0.978836  0.006476  -18.61863  -18.65935  0.03332  -18.65195  -18.58531  0.99782  0.00470  0.00825  
440  0.979819  0.007290  -18.60338  -18.66114  0.03451  -18.63788  -18.56887  0.99690  0.00545  0.00913  
460  0.980020  0.005799  -18.63132  -18.66219  0.03381  -18.66513  -18.59751  0.99835  0.00399  0.00760  
480  0.979768  0.007933  -18.59134  -18.65657  0.03373  -18.62507  -18.55761  0.99650  0.00613  0.00973  
500  0.980150  0.006085  -18.62598  -18.65735  0.03381  -18.65979  -18.59216  0.99832  0.00428  0.00789  
520  0.979969  0.004852  -18.64908  -18.68436  0.03233  -18.68142  -18.61675  0.99811  0.00313  0.00658  
540  0.979874  0.006283  -18.62226  -18.67292  0.03369  -18.65595  -18.58857  0.99729  0.00449  0.00808  
560  0.980289  0.006975  -18.60929  -18.65252  0.03323  -18.64252  -18.57607  0.99768  0.00520  0.00875  
580  0.980352  0.005448  -18.63791  -18.66450  0.03369  -18.67160  -18.60422  0.99858  0.00365  0.00725  
600  0.979130  0.005514  -18.63668  -18.68536  0.03379  -18.67047  -18.60288  0.99739  0.00371  0.00732  
620  0.980340  0.005657  -18.63399  -18.67235  0.03387  -18.66786  -18.60012  0.99795  0.00385  0.00746  
640  0.980085  0.005069  -18.64500  -18.70129  0.03290  -18.67790  -18.61210  0.99699  0.00331  0.00682  
660  0.977948  0.006852  -18.61160  -18.65405  0.03309  -18.64469  -18.57850  0.99772  0.00509  0.00862  
680  0.979912  0.006409  -18.61989  -18.66419  0.03319  -18.65308  -18.58670  0.99763  0.00464  0.00818  
700  0.980036  0.006879  -18.61109  -18.67760  0.03275  -18.64384  -18.57834  0.99644  0.00513  0.00863  
720  0.980096  0.005492  -18.63708  -18.68923  0.03321  -18.67029  -18.60387  0.99721  0.00372  0.00726  
740  0.979902  0.005561  -18.63580  -18.68986  0.03311  -18.66890  -18.60269  0.99711  0.00379  0.00733  
760  0.979380  0.006420  -18.61969  -18.68538  0.03222  -18.65191  -18.58747  0.99648  0.00470  0.00814  
780  0.980092  0.007114  -18.60668  -18.66483  0.03265  -18.63933  -18.57403  0.99688  0.00537  0.00886  
800  0.979921  0.005655  -18.63402  -18.69704  0.03207  -18.66609  -18.60194  0.99663  0.00394  0.00737  
820  0.978862  0.006553  -18.61719  -18.67683  0.03296  -18.65015  -18.58423  0.99681  0.00479  0.00831  
840  0.980546  0.007672  -18.59623  -18.65805  0.03311  -18.62934  -18.56313  0.99669  0.00591  0.00944  
860  0.980837  0.005880  -18.62981  -18.68493  0.03262  -18.66244  -18.59719  0.99705  0.00414  0.00762  
880  0.980389  0.005614  -18.63479  -18.68837  0.03279  -18.66758  -18.60201  0.99713  0.00386  0.00736  
900  0.980487  0.006335  -18.62128  -18.71731  0.03238  -18.65367  -18.58890  0.99487  0.00461  0.00806  
920  0.980772  0.005777  -18.63174  -18.69427  0.03293  -18.66467  -18.59881  0.99666  0.00402  0.00753  
940  0.979996  0.005586  -18.63533  -18.68750  0.03252  -18.66785  -18.60280  0.99721  0.00385  0.00732  
960  0.979421  0.007238  -18.60436  -18.66321  0.03291  -18.63727  -18.57145  0.99685  0.00548  0.00899  
980  0.980159  0.006734  -18.61380  -18.69008  0.03228  -18.64608  -18.58152  0.99592  0.00501  0.00846  
1000  0.980580  0.006971  -18.60937  -18.67370  0.03218  -18.64155  -18.57718  0.99656  0.00525  0.00869  
1020  0.980435  0.006510  -18.61801  -18.66000  0.03266  -18.65067  -18.58535  0.99775  0.00477  0.00825  
1040  0.980876  0.006547  -18.61730  -18.69338  0.03362  -18.65092  -18.58369  0.99593  0.00475  0.00834  
1060  0.979945  0.006526  -18.61770  -18.66575  0.03284  -18.65055  -18.58486  0.99743  0.00477  0.00828  
1080  0.979819  0.005508  -18.63677  -18.70630  0.03276  -18.66953  -18.60402  0.99628  0.00376  0.00726  
1100  0.980999  0.006729  -18.61391  -18.68253  0.03247  -18.64638  -18.58143  0.99633  0.00500  0.00846  
1120  0.979807  0.006418  -18.61973  -18.67436  0.03265  -18.65239  -18.58708  0.99707  0.00468  0.00816  
1140  0.981008  0.006349  -18.62101  -18.67919  0.03193  -18.65294  -18.58909  0.99689  0.00465  0.00805  
1160  0.980774  0.007006  -18.60871  -18.69224  0.03245  -18.64116  -18.57625  0.99553  0.00527  0.00874  
1180  0.980108  0.005477  -18.63737  -18.67989  0.03233  -18.66969  -18.60504  0.99772  0.00375  0.00720  
1200  0.980797  0.007067  -18.60757  -18.68428  0.03209  -18.63966  -18.57548  0.99589  0.00535  0.00878  
1220  0.980964  0.006027  -18.62706  -18.68237  0.03264  -18.65971  -18.59442  0.99704  0.00428  0.00777  
1240  0.980542  0.005700  -18.63319  -18.67248  0.03183  -18.66502  -18.60136  0.99790  0.00400  0.00740  
1260  0.981281  0.006566  -18.61694  -18.67185  0.03144  -18.64839  -18.58550  0.99706  0.00489  0.00824  
1280  0.980884  0.005865  -18.63008  -18.69196  0.03363  -18.66372  -18.59645  0.99669  0.00407  0.00766  
