nh: 7
samples1: 50000
samples2: 5000
burn_in: 500
steps: 100
Exact H:-18.74
   Fidelity  ROE       Mean      Median    CI Width LL on CI  UL on CI  mmRatio  Min Err  Max Err
20  0.748787  0.065270  -17.51683  -17.61256  0.08978  -17.60661  -17.42705  0.99456  0.06048  0.07006  
40  0.875734  0.030955  -18.15991  -18.24683  0.06766  -18.22757  -18.09225  0.99524  0.02734  0.03457  
60  0.918236  0.021024  -18.34601  -18.57170  0.05640  -18.40240  -18.28961  0.98785  0.01801  0.02403  
80  0.945761  0.015054  -18.45789  -18.60457  0.05011  -18.50800  -18.40778  0.99212  0.01238  0.01773  
100  0.953832  0.011579  -18.52301  -18.59115  0.04514  -18.56815  -18.47786  0.99633  0.00917  0.01399  
120  0.962163  0.010948  -18.53484  -18.60954  0.04444  -18.57929  -18.49040  0.99599  0.00858  0.01332  
140  0.962426  0.011487  -18.52474  -18.62763  0.04132  -18.56606  -18.48343  0.99448  0.00928  0.01369  
160  0.967502  0.010218  -18.54851  -18.61100  0.04018  -18.58869  -18.50833  0.99664  0.00807  0.01236  
180  0.971546  0.010354  -18.54596  -18.63089  0.03806  -18.58402  -18.50790  0.99544  0.00832  0.01239  
200  0.972596  0.008972  -18.57186  -18.63892  0.03657  -18.60843  -18.53529  0.99640  0.00702  0.01092  
220  0.976478  0.006641  -18.61555  -18.70816  0.03578  -18.65133  -18.57977  0.99505  0.00473  0.00855  
240  0.980016  0.006368  -18.62067  -18.66369  0.03233  -18.65300  -18.58834  0.99769  0.00464  0.00809  
260  0.982121  0.005080  -18.64481  -18.70013  0.03111  -18.67592  -18.61370  0.99704  0.00342  0.00674  
280  0.983380  0.005516  -18.63664  -18.67642  0.02872  -18.66536  -18.60792  0.99787  0.00398  0.00705  
300  0.984449  0.004904  -18.64810  -18.68488  0.02763  -18.67573  -18.62046  0.99803  0.00343  0.00638  
320  0.985430  0.003574  -18.67302  -18.68049  0.02816  -18.70118  -18.64486  0.99960  0.00207  0.00508  
340  0.987722  0.003785  -18.66906  -18.71037  0.02693  -18.69599  -18.64213  0.99779  0.00235  0.00522  
360  0.987728  0.002483  -18.69348  -18.68707  0.02615  -18.71962  -18.66733  1.00034  0.00109  0.00388  
380  0.988662  0.004240  -18.66054  -18.67851  0.02491  -18.68545  -18.63563  0.99904  0.00291  0.00557  
400  0.989136  0.003292  -18.67832  -18.68939  0.02443  -18.70275  -18.65388  0.99941  0.00199  0.00460  
420  0.988594  0.002501  -18.69313  -18.68348  0.02463  -18.71776  -18.66850  1.00052  0.00119  0.00382  
440  0.989141  0.002489  -18.69335  -18.69409  0.02337  -18.71672  -18.66998  0.99996  0.00124  0.00374  
460  0.990019  0.002971  -18.68432  -18.69751  0.02385  -18.70818  -18.66047  0.99929  0.00170  0.00424  
480  0.989893  0.003332  -18.67757  -18.67850  0.02318  -18.70075  -18.65439  0.99995  0.00209  0.00457  
500  0.989893  0.003287  -18.67840  -18.68675  0.02306  -18.70146  -18.65535  0.99955  0.00206  0.00452  
520  0.989903  0.003868  -18.66750  -18.68642  0.02347  -18.69098  -18.64403  0.99899  0.00262  0.00512  
540  0.990719  0.003478  -18.67481  -18.69951  0.02297  -18.69778  -18.65184  0.99868  0.00225  0.00470  
560  0.990610  0.002361  -18.69575  -18.71923  0.02353  -18.71928  -18.67222  0.99875  0.00111  0.00362  
580  0.991044  0.003491  -18.67458  -18.70713  0.02295  -18.69754  -18.65163  0.99826  0.00227  0.00472  
600  0.990868  0.002510  -18.69295  -18.72140  0.02215  -18.71510  -18.67081  0.99848  0.00133  0.00369  
620  0.991879  0.002413  -18.69478  -18.71553  0.02180  -18.71658  -18.67298  0.99889  0.00125  0.00358  
640  0.991090  0.002728  -18.68888  -18.71957  0.02076  -18.70964  -18.66812  0.99836  0.00162  0.00384  
660  0.992316  0.002221  -18.69838  -18.72933  0.02054  -18.71893  -18.67784  0.99835  0.00112  0.00332  
680  0.993957  0.001113  -18.71914  -18.72946  0.01956  -18.73870  -18.69957  0.99945  0.00007  0.00216  
700  0.994532  0.001301  -18.71562  -18.72500  0.01863  -18.73425  -18.69699  0.99950  0.00031  0.00230  
720  0.994094  0.001381  -18.71412  -18.73748  0.01667  -18.73080  -18.69745  0.99875  0.00049  0.00227  
740  0.994400  0.001316  -18.71533  -18.70584  0.01543  -18.73076  -18.69990  1.00051  0.00049  0.00214  
760  0.993898  0.001371  -18.71430  -18.71511  0.01479  -18.72909  -18.69952  0.99996  0.00058  0.00216  
780  0.995727  0.000772  -18.72553  -18.72485  0.01377  -18.73930  -18.71176  1.00004  0.00004  0.00151  
800  0.995216  0.000664  -18.72756  -18.72682  0.01318  -18.74074  -18.71439  1.00004  0.00004  0.00137  
820  0.996231  0.001142  -18.71860  -18.72287  0.01271  -18.73131  -18.70588  0.99977  0.00046  0.00182  
840  0.996192  0.000335  -18.73373  -18.72847  0.01184  -18.74557  -18.72189  1.00028  0.00030  0.00097  
860  0.996532  0.000672  -18.72741  -18.71798  0.01186  -18.73928  -18.71555  1.00050  0.00004  0.00130  
880  0.996751  0.000619  -18.72840  -18.72389  0.01125  -18.73965  -18.71715  1.00024  0.00002  0.00122  
900  0.997674  0.000516  -18.73032  -18.72112  0.01055  -18.74087  -18.71978  1.00049  0.00005  0.00108  
920  0.997179  0.000408  -18.73235  -18.72922  0.01014  -18.74249  -18.72220  1.00017  0.00013  0.00095  
940  0.997324  0.000530  -18.73006  -18.73250  0.00986  -18.73992  -18.72020  0.99987  0.00000  0.00106  
960  0.997907  0.000624  -18.72830  -18.72735  0.00942  -18.73772  -18.71888  1.00005  0.00012  0.00113  
980  0.997314  0.000293  -18.73451  -18.72038  0.00944  -18.74395  -18.72507  1.00075  0.00021  0.00080  
1000  0.997770  0.000328  -18.73385  -18.72650  0.00871  -18.74256  -18.72514  1.00039  0.00014  0.00079  
1020  0.997783  0.000530  -18.73007  -18.72564  0.00897  -18.73904  -18.72110  1.00024  0.00005  0.00101  
1040  0.997949  0.000298  -18.73442  -18.72485  0.00844  -18.74285  -18.72598  1.00051  0.00015  0.00075  
1060  0.997736  0.000180  -18.73662  -18.72565  0.00826  -18.74488  -18.72836  1.00059  0.00026  0.00062  
1080  0.997860  0.000077  -18.73855  -18.72981  0.00822  -18.74677  -18.73034  1.00047  0.00036  0.00052  
1100  0.998119  0.000330  -18.73382  -18.72856  0.00802  -18.74184  -18.72580  1.00028  0.00010  0.00076  
1120  0.997396  0.000299  -18.73440  -18.73562  0.00788  -18.74228  -18.72653  0.99993  0.00012  0.00072  
1140  0.998096  0.000202  -18.73622  -18.73944  0.00752  -18.74374  -18.72869  0.99983  0.00020  0.00060  
1160  0.997831  0.000343  -18.73357  -18.72625  0.00773  -18.74130  -18.72584  1.00039  0.00007  0.00076  
1180  0.998070  0.000519  -18.73028  -18.71536  0.00762  -18.73790  -18.72266  1.00080  0.00011  0.00093  
1200  0.996839  0.000145  -18.73729  -18.74178  0.00769  -18.74498  -18.72961  0.99976  0.00027  0.00055  
1220  0.998347  0.000009  -18.74017  -18.74286  0.00737  -18.74755  -18.73280  0.99986  0.00038  0.00040  
1240  0.997934  0.000223  -18.73582  -18.72358  0.00739  -18.74321  -18.72843  1.00065  0.00017  0.00062  
