Batch size is 16
Epoch & Fidelity & Runtime
100 0.77 13.104419
200 0.853714 26.164784
300 0.885429 39.154773
400 0.917284 52.140851
500 0.928763 65.119798
600 0.932332 78.105994
700 0.926825 91.092961
800 0.920192 104.100201
900 0.922259 117.111209
1000 0.926145 130.167332
1100 0.931061 143.165365
1200 0.910656 156.149153
1300 0.920486 169.137237

Batch size is 32
Epoch & Fidelity & Runtime
100 0.701343 6.935787
200 0.792031 13.875499
300 0.859323 20.808396
400 0.895345 27.743187
500 0.919519 34.664161
600 0.932801 41.585941
700 0.944538 48.512921
800 0.94975 55.43522
900 0.955351 62.368664
1000 0.959852 69.300612
1100 0.963426 76.227942
1200 0.963894 83.147815
1300 0.967603 90.085483
1400 0.968957 97.011112
1500 0.971288 103.928441
1600 0.971787 110.835428
1700 0.972912 117.74928
1800 0.972731 124.660976
1900 0.976023 131.5728
2000 0.975791 138.492401
2100 0.976117 145.403966
2200 0.974721 152.325358
2300 0.975872 159.228775
2400 0.97515 166.141891
2500 0.974516 173.052173
2600 0.97705 179.979748

Batch size is 64
Epoch & Fidelity & Runtime
100 0.59731 3.723114
200 0.698687 7.427431
300 0.74974 11.092031
400 0.790104 14.768311
500 0.818491 18.435242
600 0.841168 22.115124
700 0.857035 25.783773
800 0.872862 29.457717
900 0.883104 33.135158
1000 0.890646 36.809495
1100 0.899581 40.476993
1200 0.906154 44.148935
1300 0.911851 47.817619
1400 0.915639 51.486193
1500 0.918618 55.155584
1600 0.922432 58.826681
1700 0.925953 62.505799
1800 0.929088 66.176836
1900 0.930568 69.854359
2000 0.93279 73.542464
2100 0.934459 77.209124
2200 0.93771 80.879329
2300 0.938937 84.555245
2400 0.939451 88.229311
2500 0.940277 91.896825
2600 0.942196 95.560671
2700 0.943736 99.237986
2800 0.944807 102.915753
2900 0.943723 106.583442
3000 0.944562 110.252073
3100 0.944295 113.925548
3200 0.945696 117.603597
3300 0.944815 121.280114
3400 0.944959 124.955374
3500 0.946117 128.627039
3600 0.94314 132.300659
3700 0.941962 135.983747
3800 0.943496 139.654075
3900 0.943085 143.321307
4000 0.938276 146.991404
4100 0.945799 150.668351
4200 0.944739 154.337295
4300 0.942002 157.999569
4400 0.944362 161.659166
4500 0.942987 165.328646
4600 0.944244 168.996946
4700 0.944595 172.662631
4800 0.946222 176.327169
4900 0.945074 180.002334

Batch size is 128
Epoch & Fidelity & Runtime
100 0.467046 2.143987
200 0.567879 4.21437
300 0.647428 6.269796
400 0.686301 8.303844
500 0.714139 10.340673
600 0.735669 12.376151
700 0.756548 14.419638
800 0.776291 16.460902
900 0.793653 18.496601
1000 0.808695 20.538707
1100 0.818293 22.583777
1200 0.827619 24.626198
1300 0.8346 26.675368
1400 0.841406 28.726682
1500 0.84725 30.766302
1600 0.850834 32.807189
1700 0.856249 34.846696
1800 0.860531 36.887583
1900 0.864259 38.925084
2000 0.869487 40.96599
2100 0.870913 43.010568
2200 0.874358 45.045168
2300 0.878306 47.076979
2400 0.883555 49.114945
2500 0.885471 51.152411
2600 0.889215 53.191219
2700 0.894397 55.229118
2800 0.894694 57.264712
2900 0.89881 59.307412
3000 0.902154 61.345697
3100 0.905082 63.38394
3200 0.90632 65.420018
3300 0.908279 67.459548
3400 0.911172 69.500101
3500 0.910312 71.538053
3600 0.913679 73.58248
3700 0.913941 75.620214
3800 0.917458 77.656217
3900 0.919266 79.694063
4000 0.91993 81.731555
4100 0.921993 83.767644
4200 0.922852 85.808263
4300 0.923186 87.868451
4400 0.924034 89.907947
4500 0.924117 91.950976
4600 0.927204 93.992549
4700 0.928096 96.029496
4800 0.929843 98.066863
4900 0.929755 100.100054
5000 0.930085 102.142448
5100 0.931026 104.189493
5200 0.931237 106.221162
5300 0.932903 108.261379
5400 0.933498 110.301021
5500 0.933145 112.344013
5600 0.932977 114.384917
5700 0.934986 116.420075
5800 0.934791 118.466136
5900 0.93516 120.508466
6000 0.936849 122.547718
6100 0.937051 124.584154
6200 0.937181 126.623518
6300 0.937693 128.664848
6400 0.937722 130.706867
6500 0.938133 132.759632
6600 0.937528 134.797183
6700 0.937958 136.841682
6800 0.939588 138.885197
6900 0.939136 140.9312
7000 0.940448 142.972425
7100 0.940266 145.010295
7200 0.941437 147.053638
7300 0.941965 149.100944
7400 0.941836 151.139031
7500 0.942774 153.180264
7600 0.943066 155.217268
7700 0.942664 157.256488
7800 0.943313 159.294317
7900 0.945354 161.332214
8000 0.946946 163.369195
8100 0.949142 165.408039
8200 0.950873 167.444813
8300 0.952851 169.481063
8400 0.954161 171.52296
8500 0.95528 173.562788
8600 0.957014 175.604318
8700 0.958171 177.647886
8800 0.958767 179.689708

Batch size is 256
Epoch & Fidelity & Runtime
100 0.428098 1.292418
200 0.51965 2.568054
300 0.592274 3.826382
400 0.637794 5.078264
500 0.666761 6.327914
600 0.686179 7.575368
700 0.69921 8.815475
800 0.710196 10.05934
900 0.719138 11.307293
1000 0.727199 12.561213
1100 0.734844 13.809397
1200 0.742748 15.05943
1300 0.751191 16.309917
1400 0.759091 17.554963
1500 0.766735 18.809845
1600 0.775264 20.057053
1700 0.785156 21.30274
1800 0.794391 22.546229
1900 0.8044 23.795754
2000 0.815536 25.039288
2100 0.826051 26.290048
2200 0.835751 27.547904
2300 0.844616 28.793962
2400 0.852957 30.043688
2500 0.85951 31.292311
2600 0.866206 32.538804
2700 0.872484 33.785452
2800 0.877703 35.034449
2900 0.882658 36.284409
3000 0.887499 37.530217
3100 0.891533 38.77813
3200 0.895165 40.02276
3300 0.89893 41.271344
3400 0.902352 42.526477
3500 0.905467 43.771909
3600 0.908498 45.018574
3700 0.91103 46.274258
3800 0.913715 47.519627
3900 0.916115 48.765644
4000 0.918044 50.011029
4100 0.920601 51.258624
4200 0.922702 52.509382
4300 0.924366 53.758259
4400 0.926029 55.005726
4500 0.92778 56.254335
4600 0.929309 57.514945
4700 0.931266 58.763827
4800 0.932486 60.009386
4900 0.934204 61.2547
5000 0.935189 62.49711
5100 0.936521 63.739578
5200 0.937415 64.984755
5300 0.938605 66.229573
5400 0.939854 67.477192
5500 0.941005 68.718524
5600 0.942162 69.963479
5700 0.943025 71.213334
5800 0.944149 72.467659
5900 0.945168 73.71376
6000 0.945936 74.961218
6100 0.946735 76.204294
6200 0.947539 77.449489
6300 0.948011 78.696547
6400 0.949196 79.946224
6500 0.94897 81.192369
6600 0.949758 82.439819
6700 0.949475 83.685757
6800 0.951342 84.933113
6900 0.952149 86.182339
7000 0.952862 87.440633
7100 0.954241 88.689639
7200 0.954192 89.939867
7300 0.95527 91.189134
7400 0.95598 92.439404
7500 0.95642 93.687395
7600 0.956516 94.933732
7700 0.956827 96.180142
7800 0.957366 97.427492
7900 0.957945 98.677173
8000 0.958739 99.925869
8100 0.959352 101.174984
8200 0.959464 102.433395
8300 0.959766 103.678547
8400 0.960383 104.925612
8500 0.961238 106.171631
8600 0.961049 107.41999
8700 0.961716 108.670004
8800 0.961509 109.920928
8900 0.961912 111.16999
9000 0.963028 112.418221
9100 0.963363 113.665073
9200 0.963526 114.912708
9300 0.963441 116.162137
9400 0.964101 117.422031
9500 0.963905 118.669914
9600 0.964011 119.919104
9700 0.964349 121.168914
9800 0.965226 122.417043
9900 0.965549 123.663908
10000 0.965226 124.904739
10100 0.965523 126.14825
10200 0.966414 127.393506
10300 0.96676 128.640568
10400 0.965904 129.88917
10500 0.965799 131.135329
10600 0.966505 132.389646
10700 0.966323 133.633011
10800 0.966768 134.878145
10900 0.967357 136.119595
11000 0.967647 137.361445
11100 0.96768 138.605482
11200 0.967703 139.848995
11300 0.968016 141.093034
11400 0.968174 142.341958
11500 0.968424 143.59038
11600 0.968629 144.835632
11700 0.968603 146.08426
11800 0.968387 147.343203
11900 0.968201 148.586657
12000 0.968411 149.833626
12100 0.968081 151.080465
12200 0.968543 152.324248
12300 0.969031 153.574817
12400 0.968689 154.828525
12500 0.968496 156.07776
12600 0.969512 157.319863
12700 0.96948 158.565854
12800 0.970076 159.810129
12900 0.970102 161.05821
13000 0.970369 162.31842
13100 0.971002 163.567675
13200 0.971639 164.811545
13300 0.97139 166.059083
13400 0.971743 167.308568
13500 0.971409 168.551921
13600 0.971141 169.803098
13700 0.971627 171.046701
13800 0.971453 172.29209
13900 0.972152 173.537616
14000 0.971565 174.786381
14100 0.971441 176.033513
14200 0.97139 177.28451
14300 0.971904 178.542731
14400 0.972757 179.790239

Batch size is 512
Epoch & Fidelity & Runtime
100 0.386263 0.861841
200 0.419787 1.709522
300 0.45774 2.546985
400 0.497561 3.364857
500 0.532715 4.183177
600 0.562799 4.995622
700 0.588113 5.805191
800 0.608267 6.613709
900 0.625321 7.420787
1000 0.639749 8.217917
1100 0.651836 9.018183
1200 0.662432 9.820446
1300 0.672858 10.62235
1400 0.682392 11.423927
1500 0.691113 12.237784
1600 0.699536 13.040831
1700 0.707017 13.840793
1800 0.714336 14.641998
1900 0.722477 15.444091
2000 0.729217 16.245361
2100 0.736394 17.046999
2200 0.743469 17.849795
2300 0.750079 18.651768
2400 0.756337 19.454232
2500 0.762648 20.254632
2600 0.768736 21.053851
2700 0.774699 21.853906
2800 0.779966 22.654015
2900 0.784935 23.45426
3000 0.789554 24.253823
3100 0.794193 25.057812
3200 0.79851 25.861142
3300 0.802578 26.664118
3400 0.806707 27.482808
3500 0.810396 28.284196
3600 0.813824 29.088016
3700 0.817159 29.892447
3800 0.820571 30.696527
3900 0.822946 31.50001
4000 0.826043 32.303696
4100 0.829071 33.106211
4200 0.831949 33.907025
4300 0.834466 34.710401
4400 0.836815 35.510772
4500 0.839386 36.310595
4600 0.841816 37.124181
4700 0.84417 37.92458
4800 0.846317 38.724102
4900 0.848478 39.525294
5000 0.850869 40.326816
5100 0.85299 41.128413
5200 0.855008 41.931025
5300 0.856889 42.744413
5400 0.859041 43.546374
5500 0.860943 44.348669
5600 0.862982 45.149814
5700 0.864976 45.950002
5800 0.866863 46.751531
5900 0.868587 47.554551
6000 0.870429 48.355896
6100 0.872286 49.158998
6200 0.874148 49.95801
6300 0.875848 50.758697
6400 0.877701 51.561923
6500 0.879504 52.364974
6600 0.881366 53.166225
6700 0.882987 53.966559
6800 0.884755 54.767426
6900 0.88641 55.569961
7000 0.888081 56.37203
7100 0.889768 57.188597
7200 0.891507 57.991315
7300 0.893067 58.790882
7400 0.89469 59.591182
7500 0.896315 60.395504
7600 0.897936 61.201259
7700 0.899381 62.002089
7800 0.9008 62.808154
7900 0.902223 63.612937
8000 0.903597 64.418541
8100 0.905057 65.224639
8200 0.906525 66.025466
8300 0.907854 66.828368
8400 0.908923 67.630421
8500 0.910121 68.431529
8600 0.911185 69.234613
8700 0.912331 70.037523
8800 0.91349 70.841361
8900 0.914666 71.646912
9000 0.915677 72.464518
9100 0.916603 73.268569
9200 0.917475 74.07066
9300 0.918501 74.876055
9400 0.919422 75.680758
9500 0.920355 76.48401
9600 0.921175 77.289747
9700 0.922026 78.094045
9800 0.922695 78.902717
9900 0.923365 79.704336
10000 0.924216 80.507606
10100 0.924987 81.313285
10200 0.925621 82.119061
10300 0.92643 82.923979
10400 0.927146 83.728986
10500 0.927618 84.534019
10600 0.928584 85.338552
10700 0.929025 86.143541
10800 0.929684 86.953723
10900 0.930324 87.77018
11000 0.93078 88.574935
11100 0.930967 89.382062
11200 0.931448 90.186887
11300 0.931726 90.993308
11400 0.932426 91.794963
11500 0.933025 92.599519
11600 0.93347 93.404036
11700 0.933856 94.209417
11800 0.93425 95.015142
11900 0.934855 95.818352
12000 0.935272 96.62023
12100 0.93566 97.424717
12200 0.935846 98.225375
12300 0.936151 99.029794
12400 0.936266 99.836895
12500 0.937008 100.642922
12600 0.937441 101.448847
12700 0.938031 102.265574
12800 0.938322 103.066151
12900 0.938522 103.870412
13000 0.938696 104.669806
13100 0.938745 105.4701
13200 0.939002 106.274685
13300 0.939017 107.078627
13400 0.939077 107.883177
13500 0.939814 108.690065
13600 0.940151 109.496572
13700 0.94043 110.301453
13800 0.940595 111.102506
13900 0.941461 111.904242
14000 0.941642 112.707244
14100 0.941607 113.512349
14200 0.941606 114.318957
14300 0.941973 115.125119
14400 0.942327 115.93145
14500 0.942693 116.735034
14600 0.942655 117.5548
14700 0.94291 118.359392
14800 0.943001 119.164125
14900 0.943117 119.968845
15000 0.943069 120.770093
15100 0.943354 121.57627
15200 0.943515 122.377743
15300 0.943695 123.181314
15400 0.944004 123.986811
15500 0.943998 124.789131
15600 0.944319 125.594779
15700 0.944465 126.399286
15800 0.944639 127.204775
15900 0.945119 128.008838
16000 0.945478 128.808938
16100 0.945571 129.613739
16200 0.945596 130.41715
16300 0.945217 131.218108
16400 0.945366 132.019017
16500 0.945846 132.836211
16600 0.946279 133.641164
16700 0.946734 134.442154
16800 0.946528 135.244903
16900 0.946494 136.046963
17000 0.946609 136.847342
17100 0.946488 137.650249
17200 0.946844 138.45455
17300 0.947027 139.272557
17400 0.947301 140.073245
17500 0.947264 140.878096
17600 0.947343 141.678371
17700 0.947314 142.483704
17800 0.947474 143.283311
17900 0.94774 144.089558
18000 0.948142 144.895658
18100 0.948125 145.698676
18200 0.948543 146.505575
18300 0.94862 147.326114
18400 0.948382 148.128766
18500 0.948105 148.933556
18600 0.948472 149.738692
18700 0.948584 150.539564
18800 0.948672 151.342403
18900 0.948604 152.143592
19000 0.948877 152.948137
19100 0.948812 153.750884
19200 0.948488 154.552478
19300 0.948606 155.352644
19400 0.94885 156.156971
19500 0.949214 156.958799
19600 0.948798 157.762308
19700 0.949249 158.564964
19800 0.949187 159.369143
19900 0.949698 160.17363
20000 0.94996 160.977552
20100 0.949801 161.781848
20200 0.949501 162.599952
20300 0.949812 163.406883
20400 0.949965 164.211132
20500 0.949597 165.016306
20600 0.950289 165.820439
20700 0.950282 166.625954
20800 0.950195 167.42915
20900 0.950395 168.233329
21000 0.95019 169.038273
21100 0.950514 169.842529
21200 0.950904 170.66345
21300 0.95112 171.467464
21400 0.951072 172.272299
21500 0.951185 173.073005
21600 0.951275 173.876589
21700 0.951804 174.682304
21800 0.951803 175.485292
21900 0.952129 176.290305
22000 0.952161 177.110131
22100 0.952242 177.915571
22200 0.952145 178.71751
22300 0.951921 179.519609
