nh: 99
samples1: 100000
samples2: 5000
burn_in: 500
steps: 100
Exact H:-222.45
   Fidelity  ROE       Mean      Median    CI Width LL on CI  UL on CI  mmRatio  Min Err  Max Err
40     N/A    0.032316  -215.26126  -215.49121  0.23687  -215.49813  -215.02439  0.99893  0.03125  0.03338  
80     N/A    0.022377  -217.47223  -217.49532  0.19714  -217.66937  -217.27509  0.99989  0.02149  0.02326  
120     N/A    0.015768  -218.94238  -219.12014  0.17153  -219.11391  -218.77085  0.99919  0.01500  0.01654  
160     N/A    0.012432  -219.68449  -219.77457  0.15259  -219.83708  -219.53190  0.99959  0.01175  0.01312  
200     N/A    0.009516  -220.33312  -220.37147  0.13721  -220.47033  -220.19591  0.99983  0.00890  0.01013  
240     N/A    0.007218  -220.84438  -220.91044  0.12740  -220.97178  -220.71698  0.99970  0.00665  0.00779  
280     N/A    0.007091  -220.87252  -220.91136  0.11523  -220.98774  -220.75729  0.99982  0.00657  0.00761  
320     N/A    0.005734  -221.17442  -221.25021  0.10744  -221.28186  -221.06699  0.99966  0.00525  0.00622  
360     N/A    0.004498  -221.44953  -221.44765  0.09531  -221.54484  -221.35422  1.00001  0.00407  0.00493  
400     N/A    0.004501  -221.44882  -221.49164  0.09046  -221.53928  -221.35837  0.99981  0.00409  0.00491  
440     N/A    0.003770  -221.61140  -221.68344  0.08741  -221.69881  -221.52398  0.99968  0.00338  0.00416  
480     N/A    0.003349  -221.70502  -221.73481  0.08135  -221.78636  -221.62367  0.99987  0.00298  0.00371  
520     N/A    0.003180  -221.74254  -221.76729  0.08063  -221.82318  -221.66191  0.99989  0.00282  0.00354  
560     N/A    0.003096  -221.76137  -221.79435  0.07650  -221.83787  -221.68487  0.99985  0.00275  0.00344  
600     N/A    0.003098  -221.76084  -221.76997  0.07597  -221.83682  -221.68487  0.99996  0.00276  0.00344  
640     N/A    0.002830  -221.82043  -221.90473  0.07446  -221.89488  -221.74597  0.99962  0.00250  0.00316  
680     N/A    0.003047  -221.77222  -221.79427  0.07230  -221.84452  -221.69993  0.99990  0.00272  0.00337  
720     N/A    0.002652  -221.86014  -221.88022  0.07068  -221.93082  -221.78946  0.99991  0.00233  0.00297  
760     N/A    0.002729  -221.84302  -221.88843  0.06812  -221.91115  -221.77490  0.99980  0.00242  0.00303  
800     N/A    0.002536  -221.88582  -221.87381  0.06903  -221.95485  -221.81678  1.00005  0.00223  0.00285  
840     N/A    0.002431  -221.90931  -221.92962  0.06678  -221.97609  -221.84253  0.99991  0.00213  0.00273  
880     N/A    0.002484  -221.89753  -221.91616  0.06619  -221.96372  -221.83133  0.99992  0.00219  0.00278  
920     N/A    0.002503  -221.89310  -221.91411  0.06766  -221.96076  -221.82544  0.99991  0.00220  0.00281  
960     N/A    0.002673  -221.85528  -221.89226  0.06668  -221.92197  -221.78860  0.99983  0.00237  0.00297  
1000     N/A    0.002435  -221.90841  -221.91585  0.06543  -221.97384  -221.84297  0.99997  0.00214  0.00273  
