nh: 100
samples1: 100000
samples2: 5000
burn_in: 500
steps: 100
Exact H:-222.45
   Fidelity  ROE       Mean      Median    CI Width LL on CI  UL on CI  mmRatio  Min Err  Max Err
40     N/A    0.033068  -215.09406  -215.21315  0.23561  -215.32967  -214.85845  0.99945  0.03201  0.03413  
80     N/A    0.022335  -217.48156  -217.64514  0.19721  -217.67877  -217.28435  0.99925  0.02145  0.02322  
120     N/A    0.016096  -218.86942  -218.99373  0.16951  -219.03893  -218.69990  0.99943  0.01533  0.01686  
160     N/A    0.012475  -219.67493  -219.79388  0.15275  -219.82768  -219.52218  0.99946  0.01179  0.01316  
200     N/A    0.010008  -220.22383  -220.28575  0.13851  -220.36234  -220.08532  0.99972  0.00938  0.01063  
240     N/A    0.007953  -220.68088  -220.74372  0.12773  -220.80861  -220.55315  0.99972  0.00738  0.00853  
280     N/A    0.007312  -220.82348  -220.90773  0.12190  -220.94537  -220.70158  0.99962  0.00676  0.00786  
320     N/A    0.006214  -221.06776  -221.16506  0.11349  -221.18125  -220.95427  0.99956  0.00570  0.00672  
360     N/A    0.005810  -221.15765  -221.22249  0.10718  -221.26484  -221.05047  0.99971  0.00533  0.00629  
400     N/A    0.005134  -221.30800  -221.31151  0.10112  -221.40912  -221.20689  0.99998  0.00468  0.00559  
440     N/A    0.004640  -221.41781  -221.43982  0.09653  -221.51434  -221.32128  0.99990  0.00421  0.00507  
480     N/A    0.003977  -221.56525  -221.55316  0.09400  -221.65925  -221.47125  1.00005  0.00355  0.00440  
520     N/A    0.003664  -221.63491  -221.67281  0.08921  -221.72412  -221.54571  0.99983  0.00326  0.00407  
560     N/A    0.003513  -221.66850  -221.68291  0.08318  -221.75168  -221.58532  0.99994  0.00314  0.00389  
600     N/A    0.003276  -221.72126  -221.74856  0.08057  -221.80183  -221.64068  0.99988  0.00291  0.00364  
640     N/A    0.003398  -221.69407  -221.71754  0.07985  -221.77391  -221.61422  0.99989  0.00304  0.00376  
680     N/A    0.002845  -221.81707  -221.85373  0.07662  -221.89370  -221.74045  0.99983  0.00250  0.00319  
720     N/A    0.003056  -221.77022  -221.78377  0.07415  -221.84437  -221.69608  0.99994  0.00272  0.00339  
760     N/A    0.003062  -221.76884  -221.78110  0.07393  -221.84277  -221.69491  0.99994  0.00273  0.00339  
800     N/A    0.002861  -221.81362  -221.82477  0.07435  -221.88797  -221.73927  0.99995  0.00253  0.00320  
840     N/A    0.002773  -221.83321  -221.83903  0.07020  -221.90342  -221.76301  0.99997  0.00246  0.00309  
880     N/A    0.002892  -221.80675  -221.81066  0.07366  -221.88040  -221.73309  0.99998  0.00256  0.00322  
920     N/A    0.002837  -221.81899  -221.81898  0.07131  -221.89030  -221.74768  1.00000  0.00252  0.00316  
960     N/A    0.002738  -221.84100  -221.82080  0.07049  -221.91149  -221.77052  1.00009  0.00242  0.00305  
1000     N/A    0.002634  -221.86401  -221.87632  0.07005  -221.93406  -221.79396  0.99994  0.00232  0.00295  
