nh: 14
samples1: 100000
samples2: 5000
burn_in: 500
steps: 100
Exact H:-31.47
   Fidelity  ROE       Mean      Median    CI Width LL on CI  UL on CI  mmRatio  Min Err  Max Err
20     N/A    0.031966  -30.46404  -30.64617  0.08619  -30.55023  -30.37785  0.99406  0.02923  0.03470  
40     N/A    0.014955  -30.99938  -31.16640  0.06403  -31.06341  -30.93535  0.99464  0.01292  0.01699  
60     N/A    0.010708  -31.13301  -31.27268  0.05287  -31.18589  -31.08014  0.99553  0.00903  0.01239  
80     N/A    0.006952  -31.25123  -31.38538  0.04393  -31.29515  -31.20730  0.99573  0.00556  0.00835  
100     N/A    0.004960  -31.31390  -31.40448  0.03857  -31.35247  -31.27533  0.99712  0.00373  0.00619  
120     N/A    0.004050  -31.34254  -31.41838  0.03441  -31.37695  -31.30813  0.99759  0.00296  0.00514  
140     N/A    0.003539  -31.35864  -31.40471  0.03155  -31.39019  -31.32708  0.99853  0.00254  0.00454  
160     N/A    0.002886  -31.37917  -31.41999  0.02886  -31.40803  -31.35030  0.99870  0.00197  0.00380  
180     N/A    0.002746  -31.38358  -31.42448  0.02727  -31.41085  -31.35632  0.99870  0.00188  0.00361  
200     N/A    0.002639  -31.38695  -31.42563  0.02607  -31.41302  -31.36088  0.99877  0.00181  0.00347  
220     N/A    0.002039  -31.40582  -31.42865  0.02385  -31.42968  -31.38197  0.99927  0.00128  0.00280  
240     N/A    0.001601  -31.41961  -31.43944  0.02103  -31.44063  -31.39858  0.99937  0.00093  0.00227  
260     N/A    0.001011  -31.43819  -31.45638  0.01986  -31.45805  -31.41833  0.99942  0.00038  0.00164  
280     N/A    0.000624  -31.45038  -31.45507  0.01746  -31.46784  -31.43292  0.99985  0.00007  0.00118  
300     N/A    0.000738  -31.44678  -31.45193  0.01632  -31.46310  -31.43046  0.99984  0.00022  0.00126  
320     N/A    0.000957  -31.43987  -31.45366  0.01620  -31.45607  -31.42366  0.99956  0.00044  0.00147  
340     N/A    0.000587  -31.45153  -31.45869  0.01512  -31.46665  -31.43641  0.99977  0.00011  0.00107  
360     N/A    0.000725  -31.44719  -31.46030  0.01470  -31.46190  -31.43249  0.99958  0.00026  0.00119  
380     N/A    0.000539  -31.45304  -31.47083  0.01415  -31.46720  -31.43889  0.99943  0.00009  0.00099  
400     N/A    0.001126  -31.43456  -31.45124  0.01380  -31.44836  -31.42076  0.99947  0.00069  0.00156  
420     N/A    0.000621  -31.45046  -31.45643  0.01331  -31.46377  -31.43715  0.99981  0.00020  0.00104  
440     N/A    0.000759  -31.44610  -31.45867  0.01300  -31.45911  -31.43310  0.99960  0.00035  0.00117  
460     N/A    0.000368  -31.45842  -31.46959  0.01282  -31.47124  -31.44560  0.99965  0.00004  0.00078  
480     N/A    0.000595  -31.45128  -31.46859  0.01232  -31.46360  -31.43896  0.99945  0.00020  0.00099  
