nh: 12
samples1: 100000
samples2: 5000
burn_in: 500
steps: 100
Exact H:-31.47
   Fidelity  ROE       Mean      Median    CI Width LL on CI  UL on CI  mmRatio  Min Err  Max Err
20     N/A    0.036829  -30.31100  -30.46967  0.09102  -30.40202  -30.21998  0.99479  0.03394  0.03972  
40     N/A    0.021049  -30.80760  -30.88028  0.07135  -30.87895  -30.73626  0.99765  0.01878  0.02332  
60     N/A    0.013664  -31.03998  -31.12265  0.06000  -31.09998  -30.97998  0.99734  0.01176  0.01557  
80     N/A    0.010051  -31.15371  -31.26094  0.05388  -31.20759  -31.09982  0.99657  0.00834  0.01176  
100     N/A    0.009113  -31.18323  -31.27036  0.04813  -31.23136  -31.13509  0.99721  0.00758  0.01064  
120     N/A    0.007736  -31.22656  -31.34573  0.04577  -31.27233  -31.18079  0.99620  0.00628  0.00919  
140     N/A    0.005197  -31.30646  -31.36087  0.04282  -31.34928  -31.26364  0.99827  0.00384  0.00656  
160     N/A    0.004848  -31.31742  -31.35763  0.04033  -31.35775  -31.27709  0.99872  0.00357  0.00613  
180     N/A    0.005612  -31.29340  -31.34336  0.03864  -31.33204  -31.25476  0.99841  0.00438  0.00684  
200     N/A    0.005192  -31.30661  -31.34575  0.03802  -31.34463  -31.26859  0.99875  0.00398  0.00640  
220     N/A    0.004835  -31.31784  -31.37030  0.03459  -31.35243  -31.28325  0.99833  0.00374  0.00593  
240     N/A    0.004092  -31.34121  -31.36581  0.03436  -31.37557  -31.30685  0.99922  0.00300  0.00518  
260     N/A    0.004739  -31.32085  -31.36557  0.03406  -31.35491  -31.28680  0.99857  0.00366  0.00582  
280     N/A    0.003349  -31.36460  -31.37570  0.03400  -31.39860  -31.33060  0.99965  0.00227  0.00443  
300     N/A    0.004175  -31.33860  -31.37306  0.03337  -31.37197  -31.30523  0.99890  0.00312  0.00524  
320     N/A    0.004311  -31.33435  -31.35606  0.03213  -31.36648  -31.30221  0.99931  0.00329  0.00533  
340     N/A    0.003757  -31.35178  -31.38588  0.03237  -31.38415  -31.31941  0.99891  0.00273  0.00479  
360     N/A    0.003220  -31.36866  -31.38319  0.03212  -31.40078  -31.33653  0.99954  0.00220  0.00424  
380     N/A    0.003213  -31.36888  -31.40124  0.03213  -31.40101  -31.33675  0.99897  0.00219  0.00423  
