nh: 13
samples1: 100000
samples2: 5000
burn_in: 500
steps: 100
Exact H:-31.47
   Fidelity  ROE       Mean      Median    CI Width LL on CI  UL on CI  mmRatio  Min Err  Max Err
20     N/A    0.034714  -30.37754  -30.56514  0.09217  -30.46971  -30.28537  0.99386  0.03179  0.03764  
40     N/A    0.017841  -30.90854  -31.04938  0.06815  -30.97669  -30.84039  0.99546  0.01568  0.02001  
60     N/A    0.011504  -31.10797  -31.26799  0.05686  -31.16483  -31.05111  0.99488  0.00970  0.01331  
80     N/A    0.009914  -31.15801  -31.30035  0.04976  -31.20777  -31.10826  0.99545  0.00833  0.01149  
100     N/A    0.007910  -31.22109  -31.33906  0.04615  -31.26723  -31.17494  0.99624  0.00644  0.00938  
120     N/A    0.005537  -31.29576  -31.37803  0.04234  -31.33809  -31.25342  0.99738  0.00419  0.00688  
140     N/A    0.005534  -31.29586  -31.37268  0.03945  -31.33530  -31.25641  0.99755  0.00428  0.00679  
160     N/A    0.005001  -31.31263  -31.36597  0.03685  -31.34948  -31.27578  0.99830  0.00383  0.00617  
180     N/A    0.004197  -31.33793  -31.37054  0.03615  -31.37408  -31.30178  0.99896  0.00305  0.00535  
200     N/A    0.003283  -31.36667  -31.40284  0.03409  -31.40076  -31.33259  0.99885  0.00220  0.00437  
220     N/A    0.004099  -31.34102  -31.39775  0.03171  -31.37273  -31.30931  0.99819  0.00309  0.00511  
240     N/A    0.003969  -31.34511  -31.40821  0.03035  -31.37546  -31.31476  0.99799  0.00300  0.00493  
260     N/A    0.002971  -31.37649  -31.41482  0.02889  -31.40538  -31.34760  0.99878  0.00205  0.00389  
280     N/A    0.002499  -31.39135  -31.40484  0.02820  -31.41955  -31.36315  0.99957  0.00160  0.00340  
300     N/A    0.002079  -31.40457  -31.41406  0.02636  -31.43093  -31.37821  0.99970  0.00124  0.00292  
320     N/A    0.002430  -31.39353  -31.40577  0.02589  -31.41942  -31.36765  0.99961  0.00161  0.00325  
340     N/A    0.002156  -31.40215  -31.42054  0.02476  -31.42691  -31.37738  0.99941  0.00137  0.00294  
360     N/A    0.001788  -31.41374  -31.41471  0.02394  -31.43768  -31.38980  0.99997  0.00103  0.00255  
380     N/A    0.001920  -31.40959  -31.41104  0.02316  -31.43275  -31.38644  0.99995  0.00118  0.00266  
400     N/A    0.001584  -31.42016  -31.42076  0.02222  -31.44238  -31.39794  0.99998  0.00088  0.00229  
420     N/A    0.001585  -31.42012  -31.44645  0.02134  -31.44147  -31.39878  0.99916  0.00091  0.00226  
440     N/A    0.001416  -31.42543  -31.44004  0.02000  -31.44543  -31.40543  0.99954  0.00078  0.00205  
