Epoch & Fidelity & KL & Runtime 
1 0.998701 0.002922 0.578067
2 0.999551 0.001215 1.156153
3 0.999371 0.001577 1.718611
4 0.99943 0.001456 2.281072
5 0.999288 0.00173 2.874782
6 0.999045 0.00224 3.437243
7 0.999624 0.001073 3.999705
8 0.999063 0.002194 4.577791
9 0.999337 0.001645 5.218369
10 0.999329 0.001661 5.874573
11 0.999151 0.002021 6.461206
12 0.999157 0.002001 7.054932
13 0.999504 0.001315 7.617374
14 0.99928 0.001758 8.195462
15 0.999367 0.001587 8.75792
16 0.999618 0.001086 9.320384
17 0.999606 0.001109 9.882844
18 0.999076 0.002164 10.42968
19 0.999319 0.001677 10.99214
20 0.999289 0.001745 11.570244
21 0.999696 0.000926 12.13269
22 0.99912 0.00208 12.710772
23 0.999838 0.000643 13.273232
24 0.999582 0.001152 13.85132
25 0.999392 0.001527 14.429402
26 0.999448 0.001417 14.991864
27 0.999496 0.001321 15.569949

