Batch size is 256

Optimizer is Adadelta
Epoch & Fidelity & Runtime 
100 0.767363 7.268002
200 0.828853 14.487089
300 0.857887 21.722372
400 0.860987 28.976319
500 0.854355 36.209131
600 0.826684 43.436182
700 0.773315 50.694542
800 0.73253 57.925236
900 0.650817 65.186202
1000 0.527044 72.422299

Optimizer is Adam
Epoch & Fidelity & Runtime 
100 0.55334 7.139036
200 0.68832 14.170118
300 0.763384 21.219811
400 0.797592 28.263056
500 0.768809 35.331631
600 0.746712 42.389055
700 0.706734 49.469725
800 0.68564 56.5558
900 0.651773 63.654498
1000 0.720236 70.715886

Optimizer is Adamax
Epoch & Fidelity & Runtime 
100 0.527596 7.678586
200 0.636317 15.267411
300 0.73697 22.885649
400 0.791143 30.484324
500 0.811036 38.133949
600 0.813322 45.735097
700 0.802342 53.354656
800 0.733505 60.956092
900 0.73542 68.591986
1000 0.696013 76.198811

Optimizer is RMSprop
Epoch & Fidelity & Runtime 
100 0.285323 6.954205
200 0.008393 13.83348
300 0.001271 20.737037
400 5.6e-05 27.599346
500 5.9e-05 34.507334
600 2e-06 41.394752
700 0.0 48.313344
800 0.0 55.223495
900 0.0 62.118607
1000 0.0 69.04067

Optimizer is SGD
Epoch & Fidelity & Runtime 
100 0.311139 6.572942
200 0.444912 13.103261
300 0.517082 19.639669
400 0.548576 26.163208
500 0.566261 32.653225
600 0.581477 39.195762
700 0.599428 45.719328
800 0.620131 52.225776
900 0.643124 58.757006
1000 0.663616 65.270807

Optimizer is SGD $\gamma$ = 0.9
Epoch & Fidelity & Runtime 
100 0.661702 6.777853
200 0.78804 13.398026
300 0.821227 20.041055
400 0.83618 26.65363
500 0.853787 33.307896
600 0.861981 39.966115
700 0.864337 46.714233
800 0.863665 53.424226
900 0.865337 60.148185
1000 0.861552 66.913496

Optimizer is NAG $\gamma$ = 0.9
Epoch & Fidelity & Runtime 
100 0.648568 6.830417
200 0.77482 13.588147
300 0.823607 20.315307
400 0.851002 27.049742
500 0.867057 33.785644
600 0.879482 40.595955
700 0.886383 47.422082
800 0.894536 54.235059
900 0.901662 61.086285
1000 0.904845 67.875916

