nh: 39
samples1: 47500
samples2: 5000
burn_in: 500
steps: 100
Exact H:-88.77
   Fidelity  ROE       Mean      Median    CI Width LL on CI  UL on CI  mmRatio  Min Err  Max Err
50     N/A    0.036432  -85.53595  -85.75169  0.15296  -85.68891  -85.38299  0.99748  0.03471  0.03815  
100     N/A    0.020857  -86.91849  -87.11973  0.12136  -87.03984  -86.79713  0.99769  0.01949  0.02222  
150     N/A    0.013111  -87.60610  -87.76405  0.10124  -87.70734  -87.50486  0.99820  0.01197  0.01425  
200     N/A    0.011103  -87.78441  -87.94097  0.09214  -87.87655  -87.69227  0.99822  0.01006  0.01214  
250     N/A    0.008357  -88.02814  -88.11089  0.07967  -88.10781  -87.94847  0.99906  0.00746  0.00925  
300     N/A    0.007650  -88.09093  -88.16053  0.07647  -88.16740  -88.01447  0.99921  0.00679  0.00851  
350     N/A    0.006457  -88.19682  -88.26402  0.07293  -88.26974  -88.12389  0.99924  0.00564  0.00728  
400     N/A    0.006376  -88.20398  -88.26746  0.07045  -88.27443  -88.13354  0.99928  0.00558  0.00717  
450     N/A    0.005332  -88.29664  -88.36734  0.06675  -88.36339  -88.22989  0.99920  0.00458  0.00608  
500     N/A    0.005114  -88.31599  -88.36964  0.06271  -88.37870  -88.25328  0.99939  0.00441  0.00582  
550     N/A    0.004993  -88.32673  -88.35006  0.05985  -88.38658  -88.26688  0.99974  0.00432  0.00567  
600     N/A    0.004508  -88.36979  -88.42414  0.05813  -88.42792  -88.31166  0.99939  0.00385  0.00516  
650     N/A    0.003799  -88.43278  -88.50557  0.05558  -88.48836  -88.37720  0.99918  0.00317  0.00442  
700     N/A    0.003909  -88.42299  -88.48664  0.05434  -88.47733  -88.36866  0.99928  0.00330  0.00452  
750     N/A    0.003846  -88.42861  -88.47304  0.05304  -88.48165  -88.37557  0.99950  0.00325  0.00444  
800     N/A    0.003011  -88.50271  -88.53072  0.04993  -88.55264  -88.45278  0.99968  0.00245  0.00357  
850     N/A    0.003175  -88.48814  -88.50450  0.04880  -88.53694  -88.43933  0.99982  0.00263  0.00372  
900     N/A    0.002776  -88.52360  -88.55630  0.04686  -88.57046  -88.47674  0.99963  0.00225  0.00330  
950     N/A    0.002416  -88.55557  -88.55783  0.04429  -88.59986  -88.51128  0.99997  0.00192  0.00291  
1000     N/A    0.002537  -88.54483  -88.56888  0.04292  -88.58775  -88.50191  0.99973  0.00205  0.00302  
1050     N/A    0.002460  -88.55161  -88.56229  0.04174  -88.59335  -88.50986  0.99988  0.00199  0.00293  
1100     N/A    0.001947  -88.59715  -88.62507  0.04188  -88.63903  -88.55527  0.99968  0.00148  0.00242  
1150     N/A    0.002489  -88.54908  -88.58047  0.04101  -88.59010  -88.50807  0.99965  0.00203  0.00295  
1200     N/A    0.002101  -88.58350  -88.61370  0.03966  -88.62316  -88.54385  0.99966  0.00165  0.00255  
1250     N/A    0.002068  -88.58646  -88.60155  0.03892  -88.62539  -88.54754  0.99983  0.00163  0.00251  
1300     N/A    0.002022  -88.59053  -88.59195  0.03792  -88.62845  -88.55261  0.99998  0.00159  0.00245  
1350     N/A    0.002168  -88.57752  -88.60030  0.03836  -88.61588  -88.53915  0.99974  0.00174  0.00260  
1400     N/A    0.001730  -88.61642  -88.61956  0.03802  -88.65445  -88.57840  0.99996  0.00130  0.00216  
1450     N/A    0.001957  -88.59628  -88.61728  0.03648  -88.63277  -88.55980  0.99976  0.00155  0.00237  
1500     N/A    0.001837  -88.60696  -88.59866  0.03750  -88.64446  -88.56946  1.00009  0.00141  0.00226  
1550     N/A    0.001657  -88.62293  -88.63642  0.03672  -88.65965  -88.58621  0.99985  0.00124  0.00207  
1600     N/A    0.001919  -88.59967  -88.62275  0.03619  -88.63586  -88.56348  0.99974  0.00151  0.00233  
1650     N/A    0.001820  -88.60844  -88.63671  0.03611  -88.64455  -88.57232  0.99968  0.00141  0.00223  
1700     N/A    0.001778  -88.61218  -88.61611  0.03509  -88.64727  -88.57710  0.99996  0.00138  0.00217  
1750     N/A    0.001713  -88.61796  -88.62179  0.03553  -88.65349  -88.58243  0.99996  0.00131  0.00211  
1800     N/A    0.001795  -88.61070  -88.62946  0.03492  -88.64562  -88.57578  0.99979  0.00140  0.00219  
1850     N/A    0.001739  -88.61566  -88.63229  0.03421  -88.64987  -88.58145  0.99981  0.00135  0.00212  
1900     N/A    0.001925  -88.59914  -88.61529  0.03442  -88.63356  -88.56472  0.99982  0.00154  0.00231  
1950     N/A    0.001749  -88.61473  -88.60864  0.03409  -88.64882  -88.58065  1.00007  0.00137  0.00213  
2000     N/A    0.001421  -88.64384  -88.64366  0.03329  -88.67713  -88.61055  1.00000  0.00105  0.00180  
2050     N/A    0.001664  -88.62232  -88.62758  0.03414  -88.65646  -88.58819  0.99994  0.00128  0.00205  
2100     N/A    0.001737  -88.61582  -88.62237  0.03330  -88.64912  -88.58253  0.99993  0.00136  0.00211  
2150     N/A    0.001860  -88.60490  -88.61445  0.03405  -88.63895  -88.57085  0.99989  0.00148  0.00224  
2200     N/A    0.001781  -88.61187  -88.61110  0.03268  -88.64455  -88.57919  1.00001  0.00141  0.00215  
2250     N/A    0.001564  -88.63120  -88.63001  0.03309  -88.66429  -88.59811  1.00001  0.00119  0.00194  
2300     N/A    0.001710  -88.61822  -88.62847  0.03275  -88.65097  -88.58548  0.99988  0.00134  0.00208  
2350     N/A    0.001754  -88.61432  -88.63580  0.03295  -88.64727  -88.58138  0.99976  0.00138  0.00212  
2400     N/A    0.001489  -88.63780  -88.63420  0.03233  -88.67013  -88.60547  1.00004  0.00113  0.00185  
2450     N/A    0.001536  -88.63365  -88.63677  0.03189  -88.66555  -88.60176  0.99996  0.00118  0.00190  
2500     N/A    0.001580  -88.62976  -88.63262  0.03266  -88.66242  -88.59710  0.99997  0.00121  0.00195  
2550     N/A    0.001472  -88.63933  -88.64709  0.03166  -88.67099  -88.60767  0.99991  0.00112  0.00183  
2600     N/A    0.001656  -88.62299  -88.62711  0.03208  -88.65506  -88.59091  0.99995  0.00129  0.00202  
2650     N/A    0.001587  -88.62916  -88.62696  0.03237  -88.66154  -88.59679  1.00002  0.00122  0.00195  
2700     N/A    0.001579  -88.62984  -88.62739  0.03242  -88.66226  -88.59743  1.00003  0.00121  0.00194  
2750     N/A    0.001521  -88.63501  -88.64890  0.03216  -88.66717  -88.60286  0.99984  0.00116  0.00188  
2800     N/A    0.001660  -88.62268  -88.63074  0.03306  -88.65574  -88.58962  0.99991  0.00129  0.00203  
2850     N/A    0.001923  -88.59934  -88.59834  0.03159  -88.63093  -88.56774  1.00001  0.00157  0.00228  
2900     N/A    0.001531  -88.63413  -88.62105  0.03305  -88.66718  -88.60109  1.00015  0.00116  0.00190  
2950     N/A    0.001610  -88.62707  -88.63971  0.03141  -88.65848  -88.59566  0.99986  0.00126  0.00196  
3000     N/A    0.001503  -88.63659  -88.63918  0.03221  -88.66880  -88.60438  0.99997  0.00114  0.00187  
3050     N/A    0.001449  -88.64136  -88.64152  0.03273  -88.67409  -88.60863  1.00000  0.00108  0.00182  
3100     N/A    0.001607  -88.62731  -88.63303  0.03291  -88.66022  -88.59439  0.99994  0.00124  0.00198  
3150     N/A    0.001537  -88.63358  -88.62658  0.03248  -88.66606  -88.60111  1.00008  0.00117  0.00190  
3200     N/A    0.001768  -88.61308  -88.61576  0.03166  -88.64474  -88.58141  0.99997  0.00141  0.00212  
3250     N/A    0.001781  -88.61193  -88.60432  0.03266  -88.64458  -88.57927  1.00009  0.00141  0.00215  
3300     N/A    0.001654  -88.62317  -88.63759  0.03291  -88.65607  -88.59026  0.99984  0.00128  0.00202  
3350     N/A    0.001419  -88.64408  -88.62925  0.03206  -88.67613  -88.61202  1.00017  0.00106  0.00178  
3400     N/A    0.001662  -88.62248  -88.62677  0.03239  -88.65486  -88.59009  0.99995  0.00130  0.00203  
3450     N/A    0.001998  -88.59263  -88.59315  0.03183  -88.62445  -88.56080  0.99999  0.00164  0.00236  
3500     N/A    0.001706  -88.61858  -88.61869  0.03178  -88.65037  -88.58680  1.00000  0.00135  0.00206  
3550     N/A    0.001527  -88.63443  -88.64449  0.03173  -88.66616  -88.60270  0.99989  0.00117  0.00188  
3600     N/A    0.001599  -88.62809  -88.65313  0.03252  -88.66061  -88.59558  0.99972  0.00123  0.00196  
3650     N/A    0.001486  -88.63813  -88.62395  0.03217  -88.67030  -88.60596  1.00016  0.00112  0.00185  
3700     N/A    0.001652  -88.62339  -88.61288  0.03270  -88.65609  -88.59069  1.00012  0.00128  0.00202  
3750     N/A    0.001678  -88.62108  -88.61869  0.03210  -88.65318  -88.58899  1.00003  0.00132  0.00204  
3800     N/A    0.001726  -88.61682  -88.61765  0.03218  -88.64900  -88.58464  0.99999  0.00136  0.00209  
3850     N/A    0.001802  -88.61007  -88.63780  0.03267  -88.64274  -88.57740  0.99969  0.00143  0.00217  
3900     N/A    0.001562  -88.63137  -88.62165  0.03157  -88.66294  -88.59980  1.00011  0.00121  0.00192  
3950     N/A    0.001634  -88.62497  -88.64190  0.03299  -88.65797  -88.59198  0.99981  0.00126  0.00201  
4000     N/A    0.001485  -88.63816  -88.65017  0.03180  -88.66995  -88.60636  0.99986  0.00113  0.00184  
4050     N/A    0.001673  -88.62148  -88.63649  0.03274  -88.65422  -88.58874  0.99983  0.00130  0.00204  
4100     N/A    0.001788  -88.61126  -88.60476  0.03164  -88.64290  -88.57962  1.00007  0.00143  0.00214  
4150     N/A    0.001640  -88.62441  -88.62022  0.03186  -88.65627  -88.59256  1.00005  0.00128  0.00200  
4200     N/A    0.001746  -88.61502  -88.61373  0.03213  -88.64714  -88.58289  1.00001  0.00138  0.00211  
4250     N/A    0.001706  -88.61853  -88.61982  0.03232  -88.65085  -88.58621  0.99999  0.00134  0.00207  
4300     N/A    0.001489  -88.63786  -88.63451  0.03249  -88.67035  -88.60538  1.00004  0.00112  0.00185  
4350     N/A    0.001660  -88.62264  -88.62814  0.03276  -88.65540  -88.58987  0.99994  0.00129  0.00203  
4400     N/A    0.001688  -88.62018  -88.61691  0.03215  -88.65232  -88.58803  1.00004  0.00133  0.00205  
4450     N/A    0.001970  -88.59516  -88.60864  0.03205  -88.62721  -88.56311  0.99985  0.00161  0.00233  
4500     N/A    0.001607  -88.62732  -88.61410  0.03274  -88.66005  -88.59458  1.00015  0.00124  0.00198  
4550     N/A    0.001641  -88.62435  -88.62169  0.03229  -88.65664  -88.59206  1.00003  0.00128  0.00200  
4600     N/A    0.001486  -88.63808  -88.64239  0.03150  -88.66958  -88.60658  0.99995  0.00113  0.00184  
4650     N/A    0.001427  -88.64336  -88.63727  0.03260  -88.67596  -88.61076  1.00007  0.00106  0.00179  
4700     N/A    0.001934  -88.59835  -88.60789  0.03284  -88.63120  -88.56551  0.99989  0.00156  0.00230  
4750     N/A    0.001654  -88.62322  -88.61558  0.03184  -88.65506  -88.59138  1.00009  0.00129  0.00201  
4800     N/A    0.001845  -88.60623  -88.62858  0.03364  -88.63986  -88.57259  0.99975  0.00147  0.00222  
4850     N/A    0.001418  -88.64410  -88.65707  0.03326  -88.67735  -88.61084  0.99985  0.00104  0.00179  
