nh: 39
samples1: 45000
samples2: 5000
burn_in: 500
steps: 100
Exact H:-88.77
   Fidelity  ROE       Mean      Median    CI Width LL on CI  UL on CI  mmRatio  Min Err  Max Err
50     N/A    0.036687  -85.51333  -85.70690  0.15644  -85.66977  -85.35689  0.99774  0.03492  0.03845  
100     N/A    0.024781  -86.57018  -86.73103  0.12857  -86.69876  -86.44161  0.99815  0.02333  0.02623  
150     N/A    0.017711  -87.19776  -87.30742  0.11119  -87.30895  -87.08658  0.99874  0.01646  0.01896  
200     N/A    0.013657  -87.55763  -87.69881  0.10157  -87.65921  -87.45606  0.99839  0.01251  0.01480  
250     N/A    0.011198  -87.77597  -87.83897  0.09416  -87.87013  -87.68181  0.99928  0.01014  0.01226  
300     N/A    0.009877  -87.89321  -87.97534  0.08629  -87.97951  -87.80692  0.99907  0.00890  0.01085  
350     N/A    0.009683  -87.91045  -87.98201  0.08322  -87.99367  -87.82724  0.99919  0.00875  0.01062  
400     N/A    0.008215  -88.04072  -88.13348  0.08066  -88.12138  -87.96006  0.99895  0.00731  0.00912  
450     N/A    0.007104  -88.13937  -88.18024  0.07592  -88.21529  -88.06345  0.99954  0.00625  0.00796  
500     N/A    0.006426  -88.19958  -88.24606  0.07347  -88.27305  -88.12611  0.99947  0.00560  0.00725  
550     N/A    0.005516  -88.28034  -88.29321  0.06916  -88.34950  -88.21117  0.99985  0.00474  0.00630  
600     N/A    0.005560  -88.27646  -88.27157  0.06719  -88.34365  -88.20927  1.00006  0.00480  0.00632  
650     N/A    0.004909  -88.33420  -88.37628  0.06433  -88.39853  -88.26987  0.99952  0.00418  0.00563  
700     N/A    0.004599  -88.36170  -88.38550  0.06340  -88.42511  -88.29830  0.99973  0.00389  0.00531  
750     N/A    0.004569  -88.36442  -88.40957  0.06054  -88.42496  -88.30388  0.99949  0.00389  0.00525  
800     N/A    0.004147  -88.40183  -88.45353  0.05688  -88.45871  -88.34495  0.99942  0.00351  0.00479  
850     N/A    0.003843  -88.42890  -88.46448  0.05518  -88.48408  -88.37372  0.99960  0.00322  0.00446  
900     N/A    0.004070  -88.40870  -88.44386  0.05669  -88.46539  -88.35200  0.99960  0.00343  0.00471  
950     N/A    0.004271  -88.39089  -88.43141  0.05387  -88.44476  -88.33702  0.99954  0.00366  0.00488  
1000     N/A    0.003806  -88.43211  -88.47257  0.05386  -88.48597  -88.37825  0.99954  0.00320  0.00441  
1050     N/A    0.003808  -88.43194  -88.45271  0.05297  -88.48491  -88.37897  0.99977  0.00321  0.00440  
1100     N/A    0.003099  -88.49493  -88.51440  0.05156  -88.54650  -88.44337  0.99978  0.00252  0.00368  
1150     N/A    0.003301  -88.47701  -88.49264  0.04962  -88.52662  -88.42739  0.99982  0.00274  0.00386  
1200     N/A    0.003311  -88.47609  -88.49165  0.04864  -88.52473  -88.42746  0.99982  0.00276  0.00386  
1250     N/A    0.002966  -88.50667  -88.54391  0.04679  -88.55346  -88.45988  0.99958  0.00244  0.00349  
1300     N/A    0.003312  -88.47602  -88.50769  0.04578  -88.52180  -88.43024  0.99964  0.00280  0.00383  
1350     N/A    0.003010  -88.50281  -88.52381  0.04433  -88.54714  -88.45848  0.99976  0.00251  0.00351  
1400     N/A    0.002663  -88.53359  -88.55512  0.04303  -88.57662  -88.49056  0.99976  0.00218  0.00315  
1450     N/A    0.002735  -88.52722  -88.55564  0.04277  -88.56999  -88.48446  0.99968  0.00225  0.00322  
1500     N/A    0.002298  -88.56598  -88.60282  0.04195  -88.60793  -88.52404  0.99958  0.00183  0.00277  
1550     N/A    0.002337  -88.56253  -88.58280  0.04089  -88.60343  -88.52164  0.99977  0.00188  0.00280  
1600     N/A    0.002488  -88.54914  -88.57975  0.04179  -88.59093  -88.50735  0.99965  0.00202  0.00296  
1650     N/A    0.002464  -88.55125  -88.56445  0.04062  -88.59187  -88.51063  0.99985  0.00201  0.00292  
1700     N/A    0.002266  -88.56888  -88.59932  0.04042  -88.60930  -88.52846  0.99966  0.00181  0.00272  
1750     N/A    0.002273  -88.56826  -88.58129  0.04115  -88.60941  -88.52711  0.99985  0.00181  0.00274  
1800     N/A    0.002321  -88.56401  -88.58677  0.03936  -88.60337  -88.52465  0.99974  0.00188  0.00276  
1850     N/A    0.002484  -88.54951  -88.57832  0.04115  -88.59065  -88.50836  0.99967  0.00202  0.00295  
1900     N/A    0.002194  -88.57523  -88.60235  0.04000  -88.61524  -88.53523  0.99969  0.00174  0.00264  
1950     N/A    0.002399  -88.55700  -88.56947  0.03881  -88.59581  -88.51818  0.99986  0.00196  0.00284  
2000     N/A    0.002007  -88.59185  -88.59776  0.03823  -88.63008  -88.55362  0.99993  0.00158  0.00244  
2050     N/A    0.001919  -88.59965  -88.61622  0.03856  -88.63821  -88.56109  0.99981  0.00148  0.00235  
2100     N/A    0.001979  -88.59430  -88.60015  0.03733  -88.63164  -88.55697  0.99993  0.00156  0.00240  
2150     N/A    0.002059  -88.58724  -88.58477  0.03675  -88.62399  -88.55050  1.00003  0.00164  0.00247  
2200     N/A    0.001951  -88.59682  -88.60232  0.03583  -88.63264  -88.56099  0.99994  0.00155  0.00235  
2250     N/A    0.001862  -88.60472  -88.59655  0.03502  -88.63974  -88.56970  1.00009  0.00147  0.00226  
2300     N/A    0.002001  -88.59241  -88.59814  0.03513  -88.62754  -88.55728  0.99994  0.00160  0.00240  
2350     N/A    0.001974  -88.59476  -88.59869  0.03494  -88.62971  -88.55982  0.99996  0.00158  0.00237  
2400     N/A    0.001805  -88.60981  -88.60628  0.03384  -88.64365  -88.57597  1.00004  0.00142  0.00219  
2450     N/A    0.001699  -88.61921  -88.61765  0.03403  -88.65324  -88.58518  1.00002  0.00132  0.00208  
2500     N/A    0.001854  -88.60542  -88.60305  0.03443  -88.63984  -88.57099  1.00003  0.00147  0.00224  
2550     N/A    0.001834  -88.60715  -88.61922  0.03419  -88.64134  -88.57296  0.99986  0.00145  0.00222  
2600     N/A    0.001698  -88.61930  -88.60310  0.03332  -88.65262  -88.58598  1.00018  0.00132  0.00207  
2650     N/A    0.002015  -88.59109  -88.58765  0.03396  -88.62506  -88.55713  1.00004  0.00163  0.00240  
2700     N/A    0.001792  -88.61093  -88.61101  0.03445  -88.64539  -88.57648  1.00000  0.00140  0.00218  
2750     N/A    0.001600  -88.62799  -88.62914  0.03336  -88.66136  -88.59463  0.99999  0.00122  0.00198  
2800     N/A    0.002001  -88.59234  -88.58973  0.03229  -88.62463  -88.56005  1.00003  0.00164  0.00237  
2850     N/A    0.001728  -88.61662  -88.62782  0.03305  -88.64967  -88.58357  0.99987  0.00136  0.00210  
2900     N/A    0.001792  -88.61094  -88.60190  0.03389  -88.64483  -88.57705  1.00010  0.00141  0.00217  
2950     N/A    0.001864  -88.60450  -88.60656  0.03395  -88.63845  -88.57055  0.99998  0.00148  0.00225  
3000     N/A    0.001804  -88.60987  -88.60568  0.03335  -88.64322  -88.57651  1.00005  0.00143  0.00218  
3050     N/A    0.001834  -88.60719  -88.60610  0.03347  -88.64065  -88.57372  1.00001  0.00146  0.00221  
3100     N/A    0.001542  -88.63314  -88.64515  0.03320  -88.66635  -88.59994  0.99986  0.00117  0.00192  
3150     N/A    0.001406  -88.64519  -88.64275  0.03303  -88.67822  -88.61217  1.00003  0.00103  0.00178  
3200     N/A    0.001742  -88.61537  -88.62159  0.03350  -88.64887  -88.58188  0.99993  0.00136  0.00212  
3250     N/A    0.001720  -88.61736  -88.62775  0.03316  -88.65052  -88.58419  0.99988  0.00135  0.00209  
3300     N/A    0.001553  -88.63215  -88.61643  0.03343  -88.66558  -88.59873  1.00018  0.00118  0.00193  
3350     N/A    0.001866  -88.60432  -88.60350  0.03333  -88.63765  -88.57099  1.00001  0.00149  0.00224  
3400     N/A    0.001643  -88.62418  -88.63324  0.03374  -88.65792  -88.59043  0.99990  0.00126  0.00202  
3450     N/A    0.001622  -88.62602  -88.60563  0.03321  -88.65922  -88.59281  1.00023  0.00125  0.00200  
3500     N/A    0.001578  -88.62988  -88.62317  0.03399  -88.66387  -88.59589  1.00008  0.00120  0.00196  
3550     N/A    0.001879  -88.60322  -88.62822  0.03388  -88.63710  -88.56934  0.99972  0.00150  0.00226  
3600     N/A    0.001775  -88.61242  -88.60028  0.03355  -88.64597  -88.57888  1.00014  0.00140  0.00215  
