nh: 39
samples1: 100000
samples2: 5000
burn_in: 500
steps: 100
Exact H:-88.77
   Fidelity  ROE       Mean      Median    CI Width LL on CI  UL on CI  mmRatio  Min Err  Max Err
20     N/A    0.040947  -85.13510  -85.22412  0.16166  -85.29675  -84.97344  0.99896  0.03913  0.04277  
40     N/A    0.025652  -86.49289  -86.59179  0.13108  -86.62396  -86.36181  0.99886  0.02418  0.02713  
60     N/A    0.019649  -87.02576  -87.15528  0.11649  -87.14224  -86.90927  0.99851  0.01834  0.02096  
80     N/A    0.015677  -87.37837  -87.50568  0.10787  -87.48625  -87.27050  0.99855  0.01446  0.01689  
100     N/A    0.012336  -87.67490  -87.78449  0.10129  -87.77618  -87.57361  0.99875  0.01120  0.01348  
120     N/A    0.011013  -87.79235  -87.92500  0.09489  -87.88724  -87.69746  0.99849  0.00994  0.01208  
140     N/A    0.009754  -87.90418  -87.98725  0.08678  -87.99096  -87.81740  0.99906  0.00878  0.01073  
160     N/A    0.007986  -88.06108  -88.07121  0.08256  -88.14364  -87.97852  0.99988  0.00706  0.00892  
180     N/A    0.007784  -88.07900  -88.15532  0.07827  -88.15727  -88.00074  0.99913  0.00690  0.00867  
200     N/A    0.007298  -88.12213  -88.15083  0.07342  -88.19555  -88.04872  0.99967  0.00647  0.00813  
220     N/A    0.006385  -88.20316  -88.24365  0.07051  -88.27368  -88.13265  0.99954  0.00559  0.00718  
240     N/A    0.005813  -88.25400  -88.27702  0.06541  -88.31941  -88.18859  0.99974  0.00508  0.00655  
260     N/A    0.005223  -88.30632  -88.33556  0.06386  -88.37018  -88.24246  0.99967  0.00450  0.00594  
280     N/A    0.004609  -88.36085  -88.37530  0.06085  -88.42170  -88.30000  0.99984  0.00392  0.00529  
300     N/A    0.003967  -88.41786  -88.43317  0.05648  -88.47433  -88.36138  0.99983  0.00333  0.00460  
320     N/A    0.003526  -88.45704  -88.48040  0.05423  -88.51127  -88.40281  0.99974  0.00291  0.00414  
340     N/A    0.003038  -88.50030  -88.51078  0.05239  -88.55269  -88.44791  0.99988  0.00245  0.00363  
360     N/A    0.002739  -88.52682  -88.54325  0.04855  -88.57538  -88.47827  0.99981  0.00219  0.00329  
380     N/A    0.002718  -88.52870  -88.53872  0.04746  -88.57616  -88.48123  0.99989  0.00218  0.00325  
400     N/A    0.002517  -88.54654  -88.55160  0.04534  -88.59188  -88.50120  0.99994  0.00201  0.00303  
420     N/A    0.002426  -88.55467  -88.56535  0.04382  -88.59850  -88.51085  0.99988  0.00193  0.00292  
440     N/A    0.001981  -88.59417  -88.60823  0.04071  -88.63488  -88.55346  0.99984  0.00152  0.00244  
460     N/A    0.002065  -88.58671  -88.60080  0.03948  -88.62619  -88.54723  0.99984  0.00162  0.00251  
480     N/A    0.002129  -88.58104  -88.58198  0.03844  -88.61948  -88.54260  0.99999  0.00170  0.00256  
500     N/A    0.001846  -88.60615  -88.59985  0.03677  -88.64291  -88.56938  1.00007  0.00143  0.00226  
520     N/A    0.001719  -88.61738  -88.63190  0.03507  -88.65244  -88.58231  0.99984  0.00132  0.00211  
540     N/A    0.001480  -88.63858  -88.63840  0.03404  -88.67262  -88.60455  1.00000  0.00110  0.00186  
