nh: 39
samples1: 65000
samples2: 5000
burn_in: 500
steps: 100
Exact H:-88.77
   Fidelity  ROE       Mean      Median    CI Width LL on CI  UL on CI  mmRatio  Min Err  Max Err
40     N/A    0.034227  -85.73165  -86.01053  0.15005  -85.88170  -85.58161  0.99676  0.03254  0.03592  
80     N/A    0.022438  -86.77814  -86.96325  0.12774  -86.90589  -86.65040  0.99787  0.02100  0.02388  
120     N/A    0.016210  -87.33105  -87.46403  0.10891  -87.43996  -87.22214  0.99848  0.01498  0.01744  
160     N/A    0.011036  -87.79038  -87.90725  0.09429  -87.88467  -87.69609  0.99867  0.00997  0.01210  
200     N/A    0.009051  -87.96653  -88.04161  0.08893  -88.05546  -87.87760  0.99915  0.00805  0.01005  
240     N/A    0.008411  -88.02336  -88.10874  0.07987  -88.10323  -87.94349  0.99903  0.00751  0.00931  
280     N/A    0.007753  -88.08179  -88.13597  0.07641  -88.15820  -88.00538  0.99939  0.00689  0.00861  
320     N/A    0.006140  -88.22494  -88.27131  0.07308  -88.29803  -88.15186  0.99947  0.00532  0.00696  
360     N/A    0.006697  -88.17555  -88.24571  0.07045  -88.24599  -88.10510  0.99920  0.00590  0.00749  
400     N/A    0.005862  -88.24960  -88.30489  0.06730  -88.31690  -88.18230  0.99937  0.00510  0.00662  
440     N/A    0.005114  -88.31603  -88.35642  0.06591  -88.38195  -88.25012  0.99954  0.00437  0.00586  
480     N/A    0.004822  -88.34194  -88.42384  0.06386  -88.40580  -88.27808  0.99907  0.00410  0.00554  
520     N/A    0.004618  -88.36006  -88.42172  0.06082  -88.42088  -88.29924  0.99930  0.00393  0.00530  
560     N/A    0.003844  -88.42878  -88.45666  0.05827  -88.48706  -88.37051  0.99968  0.00319  0.00450  
600     N/A    0.003762  -88.43606  -88.46672  0.05582  -88.49187  -88.38024  0.99965  0.00313  0.00439  
640     N/A    0.003343  -88.47321  -88.48599  0.05512  -88.52832  -88.41809  0.99986  0.00272  0.00396  
680     N/A    0.003978  -88.41688  -88.44715  0.05253  -88.46941  -88.36434  0.99966  0.00339  0.00457  
720     N/A    0.003403  -88.46795  -88.51799  0.05104  -88.51899  -88.41691  0.99943  0.00283  0.00398  
760     N/A    0.003054  -88.49891  -88.53428  0.05074  -88.54965  -88.44816  0.99960  0.00248  0.00363  
800     N/A    0.002935  -88.50945  -88.52107  0.04920  -88.55865  -88.46026  0.99987  0.00238  0.00349  
840     N/A    0.002938  -88.50915  -88.54212  0.04754  -88.55669  -88.46161  0.99963  0.00240  0.00347  
880     N/A    0.002478  -88.55001  -88.58742  0.04698  -88.59699  -88.50304  0.99958  0.00195  0.00301  
920     N/A    0.002740  -88.52680  -88.54537  0.04685  -88.57365  -88.47995  0.99979  0.00221  0.00327  
960     N/A    0.002495  -88.54850  -88.58467  0.04492  -88.59342  -88.50358  0.99959  0.00199  0.00300  
1000     N/A    0.002388  -88.55803  -88.58848  0.04475  -88.60278  -88.51328  0.99966  0.00188  0.00289  
1040     N/A    0.002710  -88.52947  -88.54637  0.04374  -88.57321  -88.48573  0.99981  0.00222  0.00320  
1080     N/A    0.002066  -88.58662  -88.60085  0.04265  -88.62928  -88.54397  0.99984  0.00159  0.00255  
1120     N/A    0.002318  -88.56426  -88.60421  0.04174  -88.60600  -88.52252  0.99955  0.00185  0.00279  
1160     N/A    0.002100  -88.58359  -88.60698  0.04295  -88.62654  -88.54064  0.99974  0.00162  0.00258  
1200     N/A    0.002237  -88.57141  -88.57329  0.04190  -88.61331  -88.52951  0.99998  0.00177  0.00271  
1240     N/A    0.002032  -88.58965  -88.58261  0.04158  -88.63123  -88.54806  1.00008  0.00156  0.00250  
1280     N/A    0.002011  -88.59151  -88.61344  0.04079  -88.63230  -88.55073  0.99975  0.00155  0.00247  
1320     N/A    0.002085  -88.58496  -88.60038  0.04109  -88.62605  -88.54387  0.99983  0.00162  0.00255  
1360     N/A    0.002230  -88.57207  -88.58498  0.04000  -88.61207  -88.53206  0.99985  0.00178  0.00268  
1400     N/A    0.002383  -88.55844  -88.56633  0.04135  -88.59979  -88.51710  0.99991  0.00192  0.00285  
