nh: 39
samples1: 50000
samples2: 5000
burn_in: 500
steps: 100
Exact H:-88.77
   Fidelity  ROE       Mean      Median    CI Width LL on CI  UL on CI  mmRatio  Min Err  Max Err
50     N/A    0.033932  -85.75782  -85.95292  0.14847  -85.90630  -85.60935  0.99773  0.03226  0.03560  
100     N/A    0.020800  -86.92361  -87.10616  0.11897  -87.04258  -86.80465  0.99790  0.01946  0.02214  
150     N/A    0.015564  -87.38835  -87.49430  0.10362  -87.49196  -87.28473  0.99879  0.01440  0.01673  
200     N/A    0.011363  -87.76129  -87.84366  0.09347  -87.85476  -87.66781  0.99906  0.01031  0.01242  
250     N/A    0.009799  -87.90010  -88.03519  0.08640  -87.98650  -87.81370  0.99847  0.00883  0.01077  
300     N/A    0.007952  -88.06411  -88.18547  0.07984  -88.14395  -87.98427  0.99862  0.00705  0.00885  
350     N/A    0.006291  -88.21157  -88.27582  0.07370  -88.28527  -88.13786  0.99927  0.00546  0.00712  
400     N/A    0.006326  -88.20840  -88.24733  0.06741  -88.27581  -88.14100  0.99956  0.00557  0.00709  
450     N/A    0.005402  -88.29045  -88.35238  0.06555  -88.35599  -88.22490  0.99930  0.00466  0.00614  
500     N/A    0.004505  -88.37007  -88.43146  0.06016  -88.43023  -88.30992  0.99931  0.00383  0.00518  
550     N/A    0.004414  -88.37817  -88.43216  0.05760  -88.43577  -88.32057  0.99939  0.00377  0.00506  
600     N/A    0.004242  -88.39342  -88.39473  0.05430  -88.44772  -88.33912  0.99999  0.00363  0.00485  
650     N/A    0.003795  -88.43312  -88.46547  0.05236  -88.48548  -88.38076  0.99963  0.00321  0.00438  
700     N/A    0.003273  -88.47950  -88.51897  0.04856  -88.52806  -88.43094  0.99955  0.00273  0.00382  
750     N/A    0.002877  -88.51457  -88.58631  0.04774  -88.56232  -88.46683  0.99919  0.00234  0.00342  
800     N/A    0.002687  -88.53147  -88.57945  0.04705  -88.57851  -88.48442  0.99946  0.00216  0.00322  
850     N/A    0.002376  -88.55909  -88.57935  0.04565  -88.60474  -88.51344  0.99977  0.00186  0.00289  
900     N/A    0.002477  -88.55008  -88.57225  0.04416  -88.59424  -88.50591  0.99975  0.00198  0.00297  
950     N/A    0.002684  -88.53173  -88.54892  0.04281  -88.57454  -88.48891  0.99981  0.00220  0.00317  
1000     N/A    0.002352  -88.56117  -88.58492  0.04167  -88.60284  -88.51950  0.99973  0.00188  0.00282  
1050     N/A    0.002352  -88.56123  -88.55960  0.04122  -88.60246  -88.52001  1.00002  0.00189  0.00282  
1100     N/A    0.002008  -88.59174  -88.59820  0.03939  -88.63114  -88.55235  0.99993  0.00156  0.00245  
1150     N/A    0.002354  -88.56104  -88.58687  0.03942  -88.60045  -88.52162  0.99971  0.00191  0.00280  
1200     N/A    0.001940  -88.59781  -88.61828  0.03808  -88.63589  -88.55973  0.99977  0.00151  0.00237  
1250     N/A    0.002206  -88.57419  -88.58443  0.03724  -88.61143  -88.53695  0.99988  0.00179  0.00263  
1300     N/A    0.002101  -88.58352  -88.60062  0.03735  -88.62087  -88.54617  0.99981  0.00168  0.00252  
1350     N/A    0.001818  -88.60865  -88.63211  0.03622  -88.64486  -88.57243  0.99974  0.00141  0.00223  
1400     N/A    0.001772  -88.61266  -88.62717  0.03563  -88.64829  -88.57703  0.99984  0.00137  0.00217  
1450     N/A    0.001667  -88.62200  -88.63574  0.03464  -88.65664  -88.58737  0.99984  0.00128  0.00206  
1500     N/A    0.001520  -88.63509  -88.64871  0.03443  -88.66952  -88.60066  0.99985  0.00113  0.00191  
1550     N/A    0.001735  -88.61597  -88.62662  0.03403  -88.65000  -88.58195  0.99988  0.00135  0.00212  
1600     N/A    0.001571  -88.63054  -88.62925  0.03341  -88.66395  -88.59712  1.00001  0.00119  0.00195  
1650     N/A    0.001924  -88.59922  -88.63759  0.03414  -88.63335  -88.56508  0.99957  0.00154  0.00231  
1700     N/A    0.001700  -88.61909  -88.63743  0.03391  -88.65300  -88.58518  0.99979  0.00132  0.00208  
1750     N/A    0.001753  -88.61436  -88.63970  0.03322  -88.64759  -88.58114  0.99971  0.00138  0.00213  
1800     N/A    0.001784  -88.61159  -88.61001  0.03303  -88.64462  -88.57857  1.00002  0.00141  0.00216  
1850     N/A    0.001523  -88.63478  -88.63636  0.03366  -88.66844  -88.60112  0.99998  0.00114  0.00190  
1900     N/A    0.001619  -88.62626  -88.63248  0.03326  -88.65951  -88.59300  0.99993  0.00124  0.00199  
1950     N/A    0.001920  -88.59959  -88.61682  0.03275  -88.63235  -88.56684  0.99981  0.00155  0.00229  
2000     N/A    0.001591  -88.62876  -88.65391  0.03289  -88.66165  -88.59587  0.99972  0.00122  0.00196  
2050     N/A    0.001360  -88.64927  -88.65773  0.03297  -88.68223  -88.61630  0.99990  0.00099  0.00173  
2100     N/A    0.001651  -88.62346  -88.63073  0.03263  -88.65610  -88.59083  0.99992  0.00128  0.00202  
2150     N/A    0.001636  -88.62481  -88.63361  0.03328  -88.65809  -88.59153  0.99990  0.00126  0.00201  
2200     N/A    0.001487  -88.63797  -88.65278  0.03318  -88.67115  -88.60479  0.99983  0.00111  0.00186  
2250     N/A    0.001714  -88.61784  -88.62541  0.03307  -88.65092  -88.58477  0.99991  0.00134  0.00209  
2300     N/A    0.001604  -88.62762  -88.64459  0.03252  -88.66014  -88.59510  0.99981  0.00124  0.00197  
2350     N/A    0.001513  -88.63568  -88.64585  0.03211  -88.66778  -88.60357  0.99989  0.00115  0.00187  
2400     N/A    0.001706  -88.61855  -88.62223  0.03362  -88.65217  -88.58493  0.99996  0.00133  0.00208  
2450     N/A    0.001548  -88.63258  -88.62330  0.03303  -88.66561  -88.59955  1.00010  0.00118  0.00192  
2500     N/A    0.001686  -88.62037  -88.63421  0.03340  -88.65377  -88.58697  0.99984  0.00131  0.00206  
2550     N/A    0.001761  -88.61369  -88.62745  0.03336  -88.64706  -88.58033  0.99984  0.00138  0.00214  
2600     N/A    0.001517  -88.63535  -88.63527  0.03347  -88.66883  -88.60188  1.00000  0.00114  0.00189  
2650     N/A    0.001549  -88.63246  -88.63072  0.03222  -88.66469  -88.60024  1.00002  0.00119  0.00191  
2700     N/A    0.001861  -88.60476  -88.62362  0.03254  -88.63730  -88.57222  0.99979  0.00149  0.00223  
2750     N/A    0.001280  -88.65642  -88.65989  0.03300  -88.68942  -88.62341  0.99996  0.00091  0.00165  
2800     N/A    0.001511  -88.63591  -88.65994  0.03269  -88.66860  -88.60321  0.99973  0.00114  0.00188  
2850     N/A    0.001529  -88.63428  -88.65034  0.03320  -88.66748  -88.60107  0.99982  0.00115  0.00190  
2900     N/A    0.001645  -88.62396  -88.63168  0.03325  -88.65721  -88.59071  0.99991  0.00127  0.00202  
2950     N/A    0.001613  -88.62677  -88.62723  0.03253  -88.65930  -88.59425  0.99999  0.00125  0.00198  
3000     N/A    0.001614  -88.62673  -88.65185  0.03284  -88.65957  -88.59390  0.99972  0.00124  0.00198  
3050     N/A    0.001607  -88.62737  -88.61697  0.03269  -88.66005  -88.59468  1.00012  0.00124  0.00197  
3100     N/A    0.001786  -88.61141  -88.61810  0.03295  -88.64436  -88.57847  0.99992  0.00142  0.00216  
3150     N/A    0.001625  -88.62576  -88.64040  0.03230  -88.65806  -88.59347  0.99983  0.00126  0.00199  
3200     N/A    0.001622  -88.62598  -88.62092  0.03309  -88.65906  -88.59289  1.00006  0.00125  0.00200  
3250     N/A    0.001611  -88.62700  -88.63417  0.03236  -88.65937  -88.59464  0.99992  0.00125  0.00198  
3300     N/A    0.001689  -88.62004  -88.62936  0.03259  -88.65262  -88.58745  0.99989  0.00132  0.00206  
3350     N/A    0.001812  -88.60916  -88.61729  0.03279  -88.64195  -88.57637  0.99991  0.00144  0.00218  
3400     N/A    0.001670  -88.62173  -88.62708  0.03299  -88.65472  -88.58874  0.99994  0.00130  0.00204  
3450     N/A    0.001683  -88.62060  -88.62218  0.03280  -88.65340  -88.58780  0.99998  0.00131  0.00205  
3500     N/A    0.001418  -88.64411  -88.64891  0.03222  -88.67633  -88.61189  0.99995  0.00106  0.00178  
3550     N/A    0.001961  -88.59596  -88.60774  0.03211  -88.62807  -88.56385  0.99987  0.00160  0.00232  
3600     N/A    0.001812  -88.60919  -88.62178  0.03213  -88.64131  -88.57706  0.99986  0.00145  0.00217  
3650     N/A    0.001887  -88.60245  -88.61998  0.03322  -88.63567  -88.56923  0.99980  0.00151  0.00226  
3700     N/A    0.001715  -88.61773  -88.62952  0.03264  -88.65037  -88.58509  0.99987  0.00135  0.00208  
3750     N/A    0.001478  -88.63877  -88.63531  0.03313  -88.67190  -88.60564  1.00004  0.00111  0.00185  
3800     N/A    0.001889  -88.60233  -88.59689  0.03278  -88.63511  -88.56956  1.00006  0.00152  0.00226  
3850     N/A    0.001562  -88.63138  -88.63402  0.03284  -88.66422  -88.59854  0.99997  0.00119  0.00193  
3900     N/A    0.001770  -88.61289  -88.63044  0.03282  -88.64570  -88.58007  0.99980  0.00140  0.00214  
3950     N/A    0.001901  -88.60121  -88.61843  0.03288  -88.63409  -88.56832  0.99981  0.00153  0.00227  
4000     N/A    0.001544  -88.63290  -88.63861  0.03337  -88.66627  -88.59953  0.99994  0.00117  0.00192  
4050     N/A    0.001532  -88.63397  -88.62129  0.03302  -88.66699  -88.60095  1.00014  0.00116  0.00190  
4100     N/A    0.001543  -88.63305  -88.63755  0.03262  -88.66567  -88.60043  0.99995  0.00118  0.00191  
4150     N/A    0.001666  -88.62211  -88.62501  0.03201  -88.65413  -88.59010  0.99997  0.00131  0.00203  
4200     N/A    0.001565  -88.63110  -88.64238  0.03289  -88.66399  -88.59821  0.99987  0.00119  0.00194  
4250     N/A    0.001540  -88.63332  -88.64230  0.03239  -88.66572  -88.60093  0.99990  0.00117  0.00190  
4300     N/A    0.001667  -88.62203  -88.62100  0.03275  -88.65478  -88.58929  1.00001  0.00130  0.00204  
4350     N/A    0.001500  -88.63687  -88.65604  0.03208  -88.66895  -88.60479  0.99978  0.00114  0.00186  
4400     N/A    0.001653  -88.62323  -88.64112  0.03293  -88.65616  -88.59031  0.99980  0.00128  0.00202  
4450     N/A    0.002019  -88.59079  -88.58893  0.03294  -88.62373  -88.55785  1.00002  0.00165  0.00239  
4500     N/A    0.001966  -88.59548  -88.58824  0.03376  -88.62924  -88.56172  1.00008  0.00159  0.00235  
4550     N/A    0.001511  -88.63585  -88.64517  0.03267  -88.66853  -88.60318  0.99989  0.00114  0.00188  
4600     N/A    0.001789  -88.61123  -88.61744  0.03270  -88.64393  -88.57852  0.99993  0.00142  0.00216  
