nh: 38
samples1: 100000
samples2: 5000
burn_in: 500
steps: 100
Exact H:-88.77
   Fidelity  ROE       Mean      Median    CI Width LL on CI  UL on CI  mmRatio  Min Err  Max Err
20     N/A    0.041084  -85.12297  -85.26802  0.16068  -85.28364  -84.96229  0.99830  0.03927  0.04289  
40     N/A    0.025114  -86.54061  -86.66761  0.13141  -86.67202  -86.40920  0.99853  0.02363  0.02659  
60     N/A    0.018269  -87.14828  -87.27505  0.11578  -87.26406  -87.03250  0.99855  0.01696  0.01957  
80     N/A    0.015098  -87.42978  -87.51036  0.10487  -87.53466  -87.32491  0.99908  0.01392  0.01628  
100     N/A    0.012769  -87.63648  -87.73074  0.09672  -87.73320  -87.53976  0.99893  0.01168  0.01386  
120     N/A    0.011158  -87.77952  -87.86800  0.08984  -87.86936  -87.68969  0.99899  0.01015  0.01217  
140     N/A    0.009348  -87.94017  -88.04481  0.08530  -88.02548  -87.85487  0.99881  0.00839  0.01031  
160     N/A    0.007640  -88.09179  -88.17157  0.07919  -88.17098  -88.01259  0.99910  0.00675  0.00853  
180     N/A    0.007110  -88.13882  -88.20092  0.07439  -88.21321  -88.06444  0.99930  0.00627  0.00795  
200     N/A    0.006425  -88.19962  -88.28405  0.07147  -88.27109  -88.12814  0.99904  0.00562  0.00723  
220     N/A    0.005987  -88.23852  -88.33932  0.06718  -88.30570  -88.17134  0.99886  0.00523  0.00674  
240     N/A    0.005503  -88.28147  -88.29759  0.06394  -88.34541  -88.21754  0.99982  0.00478  0.00622  
260     N/A    0.004526  -88.36824  -88.38719  0.06096  -88.42921  -88.30728  0.99979  0.00384  0.00521  
280     N/A    0.004224  -88.39506  -88.43136  0.06055  -88.45561  -88.33452  0.99959  0.00354  0.00491  
300     N/A    0.004210  -88.39624  -88.41771  0.05838  -88.45462  -88.33786  0.99976  0.00355  0.00487  
320     N/A    0.003596  -88.45077  -88.46674  0.05636  -88.50713  -88.39440  0.99982  0.00296  0.00423  
340     N/A    0.004007  -88.41432  -88.43443  0.05459  -88.46891  -88.35972  0.99977  0.00339  0.00462  
360     N/A    0.003797  -88.43295  -88.43775  0.05344  -88.48639  -88.37950  0.99995  0.00319  0.00440  
380     N/A    0.003248  -88.48165  -88.49756  0.05226  -88.53391  -88.42939  0.99982  0.00266  0.00384  
400     N/A    0.003522  -88.45738  -88.50469  0.05074  -88.50813  -88.40664  0.99947  0.00295  0.00409  
420     N/A    0.002868  -88.51545  -88.52420  0.04853  -88.56398  -88.46692  0.99990  0.00232  0.00341  
440     N/A    0.002844  -88.51755  -88.53816  0.04640  -88.56396  -88.47115  0.99977  0.00232  0.00337  
460     N/A    0.003094  -88.49536  -88.49964  0.04555  -88.54091  -88.44980  0.99995  0.00258  0.00361  
480     N/A    0.002748  -88.52605  -88.55619  0.04395  -88.57000  -88.48209  0.99966  0.00225  0.00324  
500     N/A    0.002183  -88.57626  -88.58776  0.04224  -88.61850  -88.53402  0.99987  0.00171  0.00266  
520     N/A    0.002625  -88.53695  -88.56124  0.04016  -88.57710  -88.49679  0.99973  0.00217  0.00308  
540     N/A    0.002288  -88.56689  -88.57489  0.03950  -88.60639  -88.52739  0.99991  0.00184  0.00273  
560     N/A    0.002106  -88.58309  -88.59619  0.03861  -88.62170  -88.54449  0.99985  0.00167  0.00254  
580     N/A    0.002144  -88.57970  -88.59839  0.03769  -88.61739  -88.54201  0.99979  0.00172  0.00257  
600     N/A    0.002013  -88.59133  -88.61068  0.03633  -88.62767  -88.55500  0.99978  0.00160  0.00242  
620     N/A    0.001856  -88.60522  -88.61478  0.03552  -88.64075  -88.56970  0.99989  0.00146  0.00226  
640     N/A    0.001635  -88.62488  -88.63745  0.03566  -88.66053  -88.58922  0.99986  0.00123  0.00204  
660     N/A    0.001761  -88.61364  -88.60345  0.03418  -88.64782  -88.57946  1.00012  0.00138  0.00215  
680     N/A    0.001676  -88.62120  -88.63955  0.03432  -88.65552  -88.58689  0.99979  0.00129  0.00206  
