nh: 39
samples1: 70000
samples2: 5000
burn_in: 500
steps: 100
Exact H:-88.77
   Fidelity  ROE       Mean      Median    CI Width LL on CI  UL on CI  mmRatio  Min Err  Max Err
40     N/A    0.031643  -85.96106  -86.09457  0.14595  -86.10701  -85.81511  0.99845  0.03000  0.03329  
80     N/A    0.019196  -87.06596  -87.22856  0.11915  -87.18511  -86.94680  0.99814  0.01785  0.02054  
120     N/A    0.013712  -87.55280  -87.64255  0.10208  -87.65488  -87.45072  0.99898  0.01256  0.01486  
160     N/A    0.010398  -87.84694  -87.96109  0.08881  -87.93574  -87.75813  0.99870  0.00940  0.01140  
200     N/A    0.008783  -87.99035  -88.11307  0.08198  -88.07233  -87.90837  0.99861  0.00786  0.00971  
240     N/A    0.006778  -88.16828  -88.23013  0.07664  -88.24491  -88.09164  0.99930  0.00592  0.00764  
280     N/A    0.006072  -88.23096  -88.28259  0.07125  -88.30221  -88.15971  0.99942  0.00527  0.00687  
320     N/A    0.005634  -88.26990  -88.32282  0.06553  -88.33543  -88.20437  0.99940  0.00490  0.00637  
360     N/A    0.004686  -88.35404  -88.41867  0.06063  -88.41468  -88.29341  0.99927  0.00400  0.00537  
400     N/A    0.004177  -88.39921  -88.43056  0.05683  -88.45604  -88.34238  0.99965  0.00354  0.00482  
440     N/A    0.003721  -88.43972  -88.50129  0.05318  -88.49290  -88.38654  0.99930  0.00312  0.00432  
480     N/A    0.002927  -88.51018  -88.52755  0.04923  -88.55941  -88.46095  0.99980  0.00237  0.00348  
520     N/A    0.002762  -88.52478  -88.54142  0.04545  -88.57023  -88.47933  0.99981  0.00225  0.00327  
560     N/A    0.002225  -88.57250  -88.58265  0.04181  -88.61431  -88.53068  0.99989  0.00175  0.00270  
600     N/A    0.002246  -88.57063  -88.58872  0.04017  -88.61080  -88.53046  0.99980  0.00179  0.00270  
640     N/A    0.002211  -88.57371  -88.59052  0.03902  -88.61273  -88.53470  0.99981  0.00177  0.00265  
680     N/A    0.002122  -88.58160  -88.59046  0.03729  -88.61889  -88.54431  0.99990  0.00170  0.00254  
720     N/A    0.001797  -88.61047  -88.61425  0.03579  -88.64626  -88.57468  0.99996  0.00139  0.00220  
760     N/A    0.001701  -88.61897  -88.64620  0.03459  -88.65356  -88.58438  0.99969  0.00131  0.00209  
800     N/A    0.001484  -88.63826  -88.64825  0.03412  -88.67238  -88.60414  0.99989  0.00110  0.00187  
840     N/A    0.001578  -88.62992  -88.62372  0.03234  -88.66226  -88.59759  1.00007  0.00121  0.00194  
880     N/A    0.001526  -88.63456  -88.65071  0.03196  -88.66652  -88.60260  0.99982  0.00117  0.00189  
920     N/A    0.001558  -88.63173  -88.63199  0.03217  -88.66390  -88.59956  1.00000  0.00120  0.00192  
960     N/A    0.001371  -88.64834  -88.64365  0.03191  -88.68024  -88.61643  1.00005  0.00101  0.00173  
1000     N/A    0.001630  -88.62534  -88.64204  0.03083  -88.65617  -88.59451  0.99981  0.00128  0.00198  
1040     N/A    0.001334  -88.65162  -88.64367  0.03084  -88.68246  -88.62078  1.00009  0.00099  0.00168  
1080     N/A    0.001335  -88.65152  -88.65116  0.02940  -88.68092  -88.62212  1.00000  0.00100  0.00167  
1120     N/A    0.001293  -88.65520  -88.63778  0.02922  -88.68442  -88.62597  1.00020  0.00096  0.00162  
1160     N/A    0.001253  -88.65878  -88.65492  0.03075  -88.68952  -88.62803  1.00004  0.00091  0.00160  
1200     N/A    0.001361  -88.64922  -88.64681  0.02916  -88.67838  -88.62006  1.00003  0.00103  0.00169  
1240     N/A    0.001359  -88.64940  -88.64178  0.02853  -88.67793  -88.62087  1.00009  0.00104  0.00168  
1280     N/A    0.001137  -88.66910  -88.65350  0.02857  -88.69766  -88.64053  1.00018  0.00081  0.00146  
1320     N/A    0.001377  -88.64772  -88.64623  0.02956  -88.67728  -88.61816  1.00002  0.00104  0.00171  
1360     N/A    0.001506  -88.63633  -88.64296  0.02837  -88.66470  -88.60796  0.99993  0.00119  0.00183  
