nh: 39
samples1: 67500
samples2: 5000
burn_in: 500
steps: 100
Exact H:-88.77
   Fidelity  ROE       Mean      Median    CI Width LL on CI  UL on CI  mmRatio  Min Err  Max Err
40     N/A    0.032363  -85.89712  -86.00861  0.14609  -86.04321  -85.75103  0.99870  0.03072  0.03401  
80     N/A    0.019917  -87.00198  -87.16186  0.11819  -87.12017  -86.88379  0.99817  0.01859  0.02125  
120     N/A    0.013488  -87.57266  -87.71356  0.10155  -87.67420  -87.47111  0.99839  0.01234  0.01463  
160     N/A    0.010336  -87.85251  -87.91978  0.08862  -87.94113  -87.76389  0.99923  0.00934  0.01133  
200     N/A    0.008293  -88.03382  -88.10350  0.08058  -88.11441  -87.95324  0.99921  0.00739  0.00920  
240     N/A    0.007529  -88.10167  -88.12335  0.07433  -88.17599  -88.02734  0.99975  0.00669  0.00837  
280     N/A    0.006131  -88.22572  -88.25895  0.07005  -88.29577  -88.15567  0.99962  0.00534  0.00692  
320     N/A    0.006032  -88.23450  -88.28739  0.06724  -88.30174  -88.16726  0.99940  0.00527  0.00679  
360     N/A    0.004961  -88.32958  -88.36234  0.06668  -88.39626  -88.26289  0.99963  0.00421  0.00571  
400     N/A    0.004805  -88.34348  -88.38150  0.06397  -88.40746  -88.27951  0.99957  0.00408  0.00553  
440     N/A    0.004848  -88.33962  -88.39557  0.06051  -88.40013  -88.27911  0.99937  0.00417  0.00553  
480     N/A    0.005079  -88.31914  -88.37568  0.06053  -88.37967  -88.25860  0.99936  0.00440  0.00576  
520     N/A    0.004230  -88.39452  -88.40773  0.05911  -88.45364  -88.33541  0.99985  0.00356  0.00490  
560     N/A    0.004021  -88.41302  -88.43797  0.05593  -88.46895  -88.35709  0.99972  0.00339  0.00465  
600     N/A    0.003596  -88.45081  -88.49221  0.05378  -88.50459  -88.39703  0.99953  0.00299  0.00420  
640     N/A    0.003150  -88.49037  -88.52136  0.05049  -88.54086  -88.43988  0.99965  0.00258  0.00372  
680     N/A    0.002955  -88.50771  -88.54053  0.04665  -88.55436  -88.46106  0.99963  0.00243  0.00348  
720     N/A    0.002661  -88.53381  -88.55414  0.04437  -88.57818  -88.48944  0.99977  0.00216  0.00316  
760     N/A    0.002240  -88.57113  -88.58955  0.04309  -88.61422  -88.52803  0.99979  0.00175  0.00273  
800     N/A    0.002344  -88.56195  -88.58367  0.04143  -88.60338  -88.52053  0.99975  0.00188  0.00281  
840     N/A    0.001938  -88.59795  -88.61214  0.04004  -88.63799  -88.55790  0.99984  0.00149  0.00239  
880     N/A    0.001889  -88.60234  -88.61312  0.03848  -88.64082  -88.56385  0.99988  0.00146  0.00232  
920     N/A    0.001526  -88.63457  -88.62135  0.03712  -88.67169  -88.59745  1.00015  0.00111  0.00194  
960     N/A    0.001856  -88.60524  -88.64325  0.03690  -88.64214  -88.56833  0.99957  0.00144  0.00227  
1000     N/A    0.001772  -88.61266  -88.62277  0.03502  -88.64769  -88.57764  0.99989  0.00138  0.00217  
1040     N/A    0.002062  -88.58694  -88.59442  0.03479  -88.62173  -88.55216  0.99992  0.00167  0.00245  
1080     N/A    0.001601  -88.62786  -88.64051  0.03404  -88.66190  -88.59382  0.99986  0.00122  0.00198  
1120     N/A    0.001514  -88.63561  -88.64885  0.03317  -88.66879  -88.60244  0.99985  0.00114  0.00189  
1160     N/A    0.001711  -88.61808  -88.62988  0.03276  -88.65083  -88.58532  0.99987  0.00134  0.00208  
1200     N/A    0.001368  -88.64852  -88.63524  0.03227  -88.68080  -88.61625  1.00015  0.00100  0.00173  
1240     N/A    0.001354  -88.64983  -88.66371  0.03085  -88.68068  -88.61898  0.99984  0.00101  0.00170  
1280     N/A    0.001475  -88.63907  -88.62799  0.03090  -88.66997  -88.60817  1.00012  0.00113  0.00182  
1320     N/A    0.001449  -88.64139  -88.63385  0.03098  -88.67237  -88.61041  1.00009  0.00110  0.00180  
1360     N/A    0.001650  -88.62357  -88.64133  0.03078  -88.65435  -88.59279  0.99980  0.00130  0.00200  
1400     N/A    0.001517  -88.63533  -88.64203  0.03036  -88.66568  -88.60497  0.99992  0.00118  0.00186  
