Epoch & Fidelity & Runtime 
5 0.932496 11.544148
10 0.961865 23.101002
15 0.970538 34.520196
20 0.982085 45.939389
25 0.971113 57.448404
30 0.988691 69.070675
35 0.984917 80.569089
40 0.985142 91.697603
45 0.992434 103.631954
50 0.990065 114.919341
55 0.990179 126.066135
60 0.991217 137.828999
65 0.994746 149.665104
70 0.987346 161.868274
75 0.986263 174.008978
80 0.983913 186.496283
85 0.99034 198.431973
90 0.994889 210.194819
95 0.991319 221.514945
100 0.993711 232.737895
105 0.988313 244.078249
110 0.990047 255.2475
115 0.9769 266.271278
120 0.981904 277.26772
125 0.990483 289.032536
130 0.991407 301.268919

