samples: 1500
burn_in: 10
steps: 10

0.832  0.010914  10.578  
0.931  0.004288  21.064  
0.967  0.00349  31.509  
0.98  0.00112  41.962  
0.986  0.003763  52.278  
0.988  0.00409  62.702  
0.99  0.002914  73.103  
0.99  0.002263  83.416  
0.99  0.001465  93.803  
0.99  0.000945  104.207  
0.99  0.001995  114.539  
0.991  0.001495  125.075  
0.991  0.005831  135.503  
0.991  0.002317  145.848  
0.99  0.002867  156.283  
0.991  0.0021  166.743  
0.991  0.003583  177.219  
0.99  0.001828  187.556  
0.991  0.001213  198.036  
0.99  0.001473  208.516  
0.989  0.00046  218.87  
0.99  0.00311  229.37  
0.99  0.002632  239.893  
0.991  0.000839  250.213  
