samples: 1500
burn_in: 1000
steps: 10

0.85  0.011126  11.503  
0.942  0.003802  22.943  
0.971  0.002685  34.826  
0.982  0.002718  46.499  
0.987  0.002344  58.339  
0.99  0.002864  70.348  
0.989  0.001063  82.211  
0.989  0.001403  93.983  
0.99  0.000965  105.645  
0.99  0.003705  117.489  
0.99  0.002112  129.301  
0.99  0.0025  141.151  
0.991  0.002512  152.506  
0.991  0.001482  163.609  
0.992  0.001546  174.962  
0.992  0.001154  186.702  
0.992  0.002133  198.477  
0.992  0.001567  210.3  
0.992  0.001532  222.081  
0.992  0.001669  233.85  
0.99  0.00289  245.657  
0.99  0.002823  257.433  
