samples: 3000
burn_in: 10
steps: 100

0.832  0.012428  13.26  
0.938  0.004693  26.071  
0.974  0.002348  38.955  
0.984  0.002056  51.734  
0.99  0.00043  64.534  
0.99  0.001897  77.299  
0.991  0.001574  90.042  
0.99  0.002279  102.757  
0.99  0.00152  115.309  
0.991  0.001023  128.074  
0.99  0.002014  140.774  
0.991  0.001294  154.051  
0.991  0.001792  167.213  
0.99  0.001518  180.285  
0.991  0.002416  193.442  
0.991  0.001373  206.407  
0.992  0.001409  219.605  
0.992  0.001245  232.762  
0.992  0.001467  246.036  
0.992  0.001741  259.351  
