1.0000 0.0000 0.0000 0.0000
0.0000 1.0000 0.0000 0.0000
0.0000 0.0000 1.0000 0.0000
0.0000 0.0000 0.0000 1.0000

0.0000 0.0000 0.0000 0.0000 
0.0000 0.0000 0.0000 0.0000 
0.0000 0.0000 0.0000 0.0000 
0.0000 0.0000 0.0000 0.0000 

0.70711 0.00000 0.70711 0.00000 
0.00000 0.70711 0.00000 0.70711 
0.70711 0.00000 -0.70711 -0.00000 
0.00000 0.70711 -0.00000 -0.70711 

0.00000 0.00000 0.00000 0.00000 
0.00000 0.00000 0.00000 0.00000 
0.00000 0.00000 0.00000 0.00000 
0.00000 0.00000 0.00000 0.00000 

0.70711 0.70711 0.00000 0.00000 
0.70711 -0.70711 0.00000 -0.00000 
0.00000 0.00000 0.70711 0.70711 
0.00000 -0.00000 0.70711 -0.70711 

0.00000 0.00000 0.00000 0.00000 
0.00000 0.00000 0.00000 0.00000 
0.00000 0.00000 0.00000 0.00000 
0.00000 0.00000 0.00000 0.00000 

0.70711 0.00000 0.00000 0.00000 
0.00000 0.70711 0.00000 0.00000 
0.70711 0.00000 0.00000 0.00000 
0.00000 0.70711 0.00000 0.00000 

0.00000 0.00000 -0.70711 0.00000 
0.00000 0.00000 0.00000 -0.70711 
0.00000 0.00000 0.70711 0.00000 
0.00000 0.00000 0.00000 0.70711 

0.70711 0.00000 0.00000 0.00000 
0.70711 0.00000 0.00000 0.00000 
0.00000 0.00000 0.70711 0.00000 
0.00000 0.00000 0.70711 0.00000 

0.00000 -0.70711 0.00000 0.00000 
0.00000 0.70711 0.00000 0.00000 
0.00000 0.00000 0.00000 -0.70711 
0.00000 0.00000 0.00000 0.70711 

