nh: 5
samples1: 20000
samples2: 5000
burn_in: 500
steps: 100
Exact H:-12.38
   Fidelity  ROE       Mean      Median    CI Width LL on CI  UL on CI  mmRatio  Min Err  Max Err
20  0.661299  0.122630  -10.86184  -11.05939  0.09528  -10.95712  -10.76656  0.98214  0.11493  0.13033  
40  0.809438  0.067492  -11.54445  -11.73915  0.07487  -11.61932  -11.46958  0.98341  0.06144  0.07354  
60  0.883077  0.045222  -11.82015  -11.94518  0.06268  -11.88283  -11.75747  0.98953  0.04016  0.05029  
80  0.916263  0.027398  -12.04081  -12.21062  0.05348  -12.09429  -11.98734  0.98609  0.02308  0.03172  
100  0.937995  0.025601  -12.06306  -12.26738  0.04910  -12.11216  -12.01396  0.98334  0.02163  0.02957  
120  0.948841  0.019736  -12.13566  -12.40321  0.04528  -12.18094  -12.09039  0.97843  0.01608  0.02339  
140  0.954253  0.016133  -12.18027  -12.36949  0.04226  -12.22253  -12.13801  0.98470  0.01272  0.01955  
160  0.960203  0.017935  -12.15797  -12.35150  0.04139  -12.19936  -12.11658  0.98433  0.01459  0.02128  
180  0.963806  0.016238  -12.17897  -12.31904  0.03978  -12.21875  -12.13919  0.98863  0.01303  0.01945  
200  0.966932  0.014615  -12.19907  -12.34287  0.03791  -12.23698  -12.16116  0.98835  0.01155  0.01768  
220  0.968044  0.012521  -12.22500  -12.34224  0.03715  -12.26215  -12.18785  0.99050  0.00952  0.01552  
240  0.970373  0.012840  -12.22104  -12.33965  0.03502  -12.25606  -12.18602  0.99039  0.01001  0.01567  
260  0.972109  0.009921  -12.25717  -12.32428  0.03437  -12.29154  -12.22281  0.99456  0.00715  0.01270  
280  0.975766  0.010984  -12.24402  -12.35348  0.03320  -12.27721  -12.21082  0.99114  0.00830  0.01367  
300  0.978607  0.008977  -12.26887  -12.35800  0.03142  -12.30028  -12.23745  0.99279  0.00644  0.01151  
320  0.980138  0.009206  -12.26603  -12.38607  0.03088  -12.29691  -12.23515  0.99031  0.00671  0.01170  
340  0.982871  0.008013  -12.28080  -12.39662  0.02879  -12.30959  -12.25201  0.99066  0.00569  0.01034  
360  0.982484  0.008178  -12.27876  -12.40847  0.02764  -12.30640  -12.25112  0.98955  0.00595  0.01041  
380  0.982710  0.007532  -12.28675  -12.45208  0.02676  -12.31351  -12.25999  0.98672  0.00537  0.00969  
400  0.986493  0.007012  -12.29319  -12.43163  0.02658  -12.31977  -12.26662  0.98886  0.00487  0.00916  
420  0.986329  0.006508  -12.29943  -12.43683  0.02557  -12.32499  -12.27386  0.98895  0.00444  0.00857  
440  0.987486  0.005527  -12.31157  -12.44265  0.02549  -12.33707  -12.28608  0.98947  0.00347  0.00759  
460  0.987210  0.005451  -12.31251  -12.44276  0.02492  -12.33743  -12.28760  0.98953  0.00344  0.00746  
480  0.987863  0.005339  -12.31390  -12.44768  0.02473  -12.33863  -12.28917  0.98925  0.00334  0.00734  
500  0.988424  0.004707  -12.32172  -12.44232  0.02364  -12.34537  -12.29808  0.99031  0.00280  0.00662  
520  0.989221  0.004357  -12.32607  -12.44017  0.02273  -12.34880  -12.30334  0.99083  0.00252  0.00619  
540  0.990115  0.005045  -12.31754  -12.43154  0.02334  -12.34088  -12.29421  0.99083  0.00316  0.00693  
560  0.989906  0.004161  -12.32849  -12.43378  0.02313  -12.35161  -12.30536  0.99153  0.00229  0.00603  
580  0.990526  0.004433  -12.32512  -12.42903  0.02271  -12.34783  -12.30242  0.99164  0.00260  0.00627  
600  0.990783  0.004584  -12.32326  -12.41046  0.02139  -12.34465  -12.30186  0.99297  0.00286  0.00631  
620  0.991792  0.003778  -12.33323  -12.42692  0.02131  -12.35453  -12.31192  0.99246  0.00206  0.00550  
640  0.991432  0.004120  -12.32899  -12.40919  0.02068  -12.34967  -12.30831  0.99354  0.00245  0.00579  
660  0.991968  0.003722  -12.33392  -12.40134  0.02027  -12.35418  -12.31365  0.99456  0.00209  0.00536  
680  0.992268  0.003910  -12.33160  -12.40010  0.01950  -12.35110  -12.31210  0.99448  0.00233  0.00548  
700  0.991153  0.002566  -12.34824  -12.36484  0.01882  -12.36705  -12.32942  0.99866  0.00105  0.00409  
720  0.993091  0.002871  -12.34445  -12.37477  0.01786  -12.36231  -12.32660  0.99755  0.00143  0.00431  
740  0.993943  0.003371  -12.33827  -12.38571  0.01781  -12.35609  -12.32046  0.99617  0.00193  0.00481  
760  0.993699  0.002108  -12.35391  -12.38618  0.01650  -12.37041  -12.33741  0.99739  0.00077  0.00344  
780  0.995319  0.002054  -12.35457  -12.37290  0.01525  -12.36981  -12.33932  0.99852  0.00082  0.00329  
800  0.995451  0.002871  -12.34445  -12.36627  0.01485  -12.35930  -12.32961  0.99824  0.00167  0.00407  
820  0.996389  0.001894  -12.35655  -12.36774  0.01430  -12.37085  -12.34225  0.99910  0.00074  0.00305  
840  0.996569  0.000149  -12.37816  -12.35965  0.01349  -12.39165  -12.36467  1.00150  0.00094  0.00124  
860  0.995865  0.000749  -12.37072  -12.35463  0.01317  -12.38389  -12.35756  1.00130  0.00031  0.00181  
880  0.996115  0.001007  -12.36753  -12.34496  0.01246  -12.37999  -12.35508  1.00183  0.00000  0.00201  
900  0.996467  0.001104  -12.36633  -12.33966  0.01201  -12.37835  -12.35432  1.00216  0.00013  0.00207  
920  0.995823  0.000432  -12.37465  -12.37277  0.01127  -12.38592  -12.36338  1.00015  0.00048  0.00134  
940  0.996709  0.001735  -12.35852  -12.34641  0.01153  -12.37005  -12.34698  1.00098  0.00080  0.00267  
960  0.997084  0.000686  -12.37150  -12.36373  0.01099  -12.38249  -12.36052  1.00063  0.00020  0.00157  
980  0.997617  0.001137  -12.36593  -12.34488  0.01064  -12.37656  -12.35529  1.00171  0.00028  0.00200  
1000  0.997429  0.001111  -12.36624  -12.35285  0.01053  -12.37678  -12.35571  1.00108  0.00026  0.00196  
1020  0.995690  0.001066  -12.36680  -12.35324  0.01049  -12.37729  -12.35631  1.00110  0.00022  0.00191  
1040  0.997693  0.001193  -12.36523  -12.34787  0.01059  -12.37583  -12.35464  1.00141  0.00034  0.00205  
1060  0.997307  0.000986  -12.36780  -12.33303  0.00974  -12.37754  -12.35806  1.00282  0.00020  0.00177  
1080  0.997476  0.000927  -12.36852  -12.34825  0.00950  -12.37802  -12.35902  1.00164  0.00016  0.00169  
1100  0.997253  0.000796  -12.37015  -12.35862  0.00935  -12.37950  -12.36080  1.00093  0.00004  0.00155  
1120  0.998233  0.000298  -12.37632  -12.36672  0.00940  -12.38571  -12.36692  1.00078  0.00046  0.00106  
1140  0.997918  0.000838  -12.36962  -12.35311  0.00919  -12.37881  -12.36043  1.00134  0.00010  0.00158  
1160  0.997357  0.000926  -12.36853  -12.35432  0.00908  -12.37761  -12.35946  1.00115  0.00019  0.00166  
1180  0.997838  0.000663  -12.37179  -12.35875  0.00860  -12.38040  -12.36319  1.00106  0.00003  0.00136  
1200  0.997798  0.000769  -12.37048  -12.34675  0.00879  -12.37927  -12.36170  1.00192  0.00006  0.00148  
1220  0.997721  0.000624  -12.37227  -12.35398  0.00854  -12.38082  -12.36373  1.00148  0.00007  0.00131  
1240  0.998243  0.000841  -12.36959  -12.35105  0.00856  -12.37814  -12.36103  1.00150  0.00015  0.00153  
1260  0.997462  0.000589  -12.37270  -12.35266  0.00866  -12.38136  -12.36405  1.00162  0.00011  0.00129  
1280  0.997368  0.000614  -12.37239  -12.33866  0.00824  -12.38063  -12.36415  1.00273  0.00005  0.00128  
1300  0.997396  0.000381  -12.37529  -12.36085  0.00808  -12.38337  -12.36721  1.00117  0.00027  0.00103  
1320  0.998369  0.000358  -12.37557  -12.37124  0.00807  -12.38364  -12.36750  1.00035  0.00029  0.00101  
1340  0.997725  0.000247  -12.37694  -12.35433  0.00788  -12.38482  -12.36905  1.00183  0.00039  0.00088  
1360  0.996878  0.000285  -12.37648  -12.37335  0.00790  -12.38438  -12.36857  1.00025  0.00035  0.00092  
1380  0.997989  0.000985  -12.36780  -12.35972  0.00807  -12.37587  -12.35973  1.00065  0.00033  0.00164  
1400  0.997259  0.000284  -12.37648  -12.35541  0.00798  -12.38446  -12.36850  1.00171  0.00036  0.00093  
1420  0.998047  0.000088  -12.37891  -12.37070  0.00781  -12.38672  -12.37110  1.00066  0.00054  0.00072  
1440  0.998387  0.000588  -12.37272  -12.37195  0.00740  -12.38012  -12.36531  1.00006  0.00001  0.00119  
1460  0.997824  0.000464  -12.37426  -12.37146  0.00796  -12.38222  -12.36629  1.00023  0.00018  0.00111  
1480  0.998109  0.000594  -12.37264  -12.36756  0.00758  -12.38023  -12.36506  1.00041  0.00002  0.00121  
1500  0.998089  0.000458  -12.37433  -12.37235  0.00755  -12.38188  -12.36678  1.00016  0.00015  0.00107  
1520  0.997995  0.000165  -12.37795  -12.36478  0.00759  -12.38554  -12.37036  1.00107  0.00045  0.00078  
