nh: 5
samples1: 6000
samples2: 5000
burn_in: 500
steps: 100
Exact H:-12.38
   Fidelity  ROE       Mean      Median    CI Width LL on CI  UL on CI  mmRatio  Min Err  Max Err
20  0.504610  0.178609  -10.16882  -10.51959  0.10660  -10.27541  -10.06222  0.96666  0.17000  0.18722  
40  0.563883  0.161722  -10.37788  -10.45443  0.10511  -10.48299  -10.27278  0.99268  0.15323  0.17021  
60  0.624686  0.137162  -10.68193  -10.79098  0.09911  -10.78104  -10.58283  0.98989  0.12916  0.14517  
80  0.680412  0.123887  -10.84628  -11.14748  0.09386  -10.94013  -10.75242  0.97298  0.11631  0.13147  
100  0.727700  0.100968  -11.13001  -11.24412  0.08859  -11.21860  -11.04142  0.98985  0.09381  0.10812  
120  0.761622  0.087691  -11.29439  -11.57913  0.08399  -11.37838  -11.21040  0.97541  0.08091  0.09447  
140  0.796943  0.074157  -11.46194  -11.75491  0.07887  -11.54080  -11.38307  0.97508  0.06779  0.08053  
160  0.824322  0.064971  -11.57566  -11.72856  0.07388  -11.64954  -11.50178  0.98696  0.05900  0.07094  
180  0.848497  0.056798  -11.67684  -11.85422  0.06954  -11.74638  -11.60730  0.98504  0.05118  0.06242  
200  0.866359  0.049003  -11.77334  -11.95811  0.06608  -11.83942  -11.70726  0.98455  0.04367  0.05434  
220  0.879856  0.046329  -11.80645  -11.98559  0.06428  -11.87073  -11.74216  0.98505  0.04114  0.05152  
240  0.890773  0.042871  -11.84925  -12.11333  0.06187  -11.91112  -11.78739  0.97820  0.03787  0.04787  
260  0.901287  0.039700  -11.88851  -12.11008  0.05856  -11.94708  -11.82995  0.98170  0.03497  0.04443  
280  0.906359  0.036520  -11.92788  -12.12388  0.05764  -11.98552  -11.87024  0.98383  0.03186  0.04118  
300  0.912578  0.033611  -11.96389  -12.21209  0.05624  -12.02013  -11.90765  0.97968  0.02907  0.03815  
320  0.917694  0.034518  -11.95266  -12.17007  0.05403  -12.00670  -11.89863  0.98214  0.03015  0.03888  
340  0.921961  0.031898  -11.98510  -12.29759  0.05291  -12.03801  -11.93219  0.97459  0.02762  0.03617  
360  0.927554  0.030416  -12.00345  -12.27927  0.05196  -12.05542  -11.95149  0.97754  0.02622  0.03461  
380  0.931428  0.027014  -12.04557  -12.30516  0.05150  -12.09707  -11.99407  0.97890  0.02285  0.03117  
400  0.935564  0.024410  -12.07781  -12.33396  0.04833  -12.12614  -12.02947  0.97923  0.02051  0.02831  
420  0.938955  0.026091  -12.05699  -12.31333  0.04796  -12.10495  -12.00903  0.97918  0.02222  0.02997  
440  0.944494  0.019456  -12.13914  -12.39211  0.04587  -12.18500  -12.09327  0.97959  0.01575  0.02316  
460  0.949306  0.022440  -12.10219  -12.35012  0.04573  -12.14792  -12.05645  0.97992  0.01875  0.02613  
480  0.953231  0.021409  -12.11496  -12.38420  0.04436  -12.15933  -12.07060  0.97826  0.01783  0.02499  
500  0.954796  0.019839  -12.13440  -12.39376  0.04350  -12.17789  -12.09090  0.97907  0.01633  0.02335  
520  0.958709  0.019811  -12.13474  -12.38522  0.04188  -12.17661  -12.09286  0.97978  0.01643  0.02319  
540  0.961309  0.018363  -12.15267  -12.42194  0.04055  -12.19322  -12.11212  0.97832  0.01509  0.02164  
560  0.962483  0.017176  -12.16736  -12.45950  0.04036  -12.20772  -12.12700  0.97655  0.01392  0.02044  
580  0.964776  0.016276  -12.17850  -12.44998  0.03870  -12.21720  -12.13981  0.97819  0.01315  0.01940  
600  0.966852  0.012874  -12.22063  -12.45749  0.03709  -12.25772  -12.18353  0.98099  0.00988  0.01587  
620  0.968097  0.012532  -12.22485  -12.44967  0.03653  -12.26138  -12.18832  0.98194  0.00958  0.01548  
640  0.967989  0.013684  -12.21059  -12.44915  0.03620  -12.24679  -12.17439  0.98084  0.01076  0.01661  
660  0.969360  0.013154  -12.21715  -12.44784  0.03515  -12.25230  -12.18200  0.98147  0.01032  0.01599  
680  0.973278  0.011531  -12.23724  -12.45111  0.03452  -12.27176  -12.20272  0.98282  0.00874  0.01432  
700  0.973836  0.010240  -12.25323  -12.45935  0.03350  -12.28673  -12.21973  0.98346  0.00753  0.01295  
720  0.974894  0.010913  -12.24490  -12.45658  0.03307  -12.27797  -12.21182  0.98301  0.00824  0.01358  
740  0.978193  0.009501  -12.26238  -12.46566  0.03232  -12.29470  -12.23006  0.98369  0.00689  0.01211  
760  0.978461  0.009040  -12.26808  -12.44335  0.03133  -12.29942  -12.23675  0.98591  0.00651  0.01157  
780  0.979249  0.009614  -12.26098  -12.45002  0.03164  -12.29262  -12.22934  0.98482  0.00706  0.01217  
800  0.979738  0.009179  -12.26637  -12.45666  0.03082  -12.29719  -12.23555  0.98472  0.00669  0.01167  
820  0.980420  0.009174  -12.26643  -12.44980  0.03048  -12.29691  -12.23595  0.98527  0.00671  0.01164  
840  0.980894  0.008637  -12.27307  -12.44596  0.02994  -12.30301  -12.24313  0.98611  0.00622  0.01106  
860  0.979691  0.008585  -12.27372  -12.45833  0.02991  -12.30363  -12.24380  0.98518  0.00617  0.01100  
880  0.983534  0.007518  -12.28692  -12.44104  0.02860  -12.31552  -12.25832  0.98761  0.00521  0.00983  
900  0.984257  0.008588  -12.27367  -12.42377  0.02816  -12.30183  -12.24551  0.98792  0.00631  0.01086  
920  0.983298  0.004810  -12.32045  -12.44008  0.02751  -12.34797  -12.29294  0.99038  0.00259  0.00703  
940  0.983655  0.007683  -12.28489  -12.44303  0.02780  -12.31269  -12.25708  0.98729  0.00544  0.00993  
960  0.983355  0.007378  -12.28865  -12.44569  0.02752  -12.31618  -12.26113  0.98738  0.00516  0.00960  
980  0.984824  0.007036  -12.29290  -12.43720  0.02709  -12.31999  -12.26581  0.98840  0.00485  0.00922  
1000  0.985453  0.007464  -12.28760  -12.43707  0.02719  -12.31480  -12.26041  0.98798  0.00527  0.00966  
1020  0.984652  0.006612  -12.29814  -12.42943  0.02694  -12.32508  -12.27120  0.98944  0.00444  0.00879  
1040  0.984360  0.004331  -12.32638  -12.42517  0.02594  -12.35232  -12.30043  0.99205  0.00224  0.00643  
1060  0.985659  0.005505  -12.31184  -12.42037  0.02614  -12.33799  -12.28570  0.99126  0.00339  0.00762  
1080  0.986296  0.006930  -12.29420  -12.42959  0.02645  -12.32065  -12.26776  0.98911  0.00479  0.00907  
1100  0.986477  0.004642  -12.32253  -12.42518  0.02570  -12.34823  -12.29683  0.99174  0.00257  0.00672  
1120  0.985977  0.005948  -12.30637  -12.42196  0.02622  -12.33259  -12.28014  0.99069  0.00383  0.00807  
1140  0.986228  0.005927  -12.30663  -12.41451  0.02653  -12.33316  -12.28010  0.99131  0.00378  0.00807  
1160  0.987147  0.004589  -12.32318  -12.41479  0.02609  -12.34927  -12.29709  0.99262  0.00248  0.00670  
1180  0.986646  0.006681  -12.29729  -12.40946  0.02572  -12.32301  -12.27157  0.99096  0.00460  0.00876  
1200  0.987770  0.006404  -12.30071  -12.42257  0.02568  -12.32639  -12.27503  0.99019  0.00433  0.00848  
1220  0.987009  0.005969  -12.30610  -12.40734  0.02500  -12.33110  -12.28110  0.99184  0.00395  0.00799  
1240  0.987431  0.005937  -12.30650  -12.42947  0.02584  -12.33235  -12.28066  0.99011  0.00385  0.00802  
1260  0.988225  0.006678  -12.29733  -12.41074  0.02564  -12.32297  -12.27169  0.99086  0.00461  0.00875  
1280  0.987757  0.005339  -12.31390  -12.40236  0.02534  -12.33924  -12.28856  0.99287  0.00329  0.00739  
1300  0.987673  0.005676  -12.30974  -12.39404  0.02454  -12.33428  -12.28519  0.99320  0.00369  0.00766  
1320  0.987525  0.006144  -12.30393  -12.40739  0.02523  -12.32916  -12.27870  0.99166  0.00411  0.00818  
1340  0.988098  0.005575  -12.31099  -12.42942  0.02609  -12.33708  -12.28489  0.99047  0.00347  0.00768  
1360  0.987291  0.004389  -12.32566  -12.40636  0.02508  -12.35074  -12.30058  0.99350  0.00236  0.00642  
1380  0.987588  0.005455  -12.31247  -12.41998  0.02530  -12.33777  -12.28717  0.99134  0.00341  0.00750  
1400  0.987669  0.003424  -12.33761  -12.41133  0.02501  -12.36262  -12.31261  0.99406  0.00140  0.00544  
1420  0.987001  0.005977  -12.30600  -12.39810  0.02486  -12.33086  -12.28115  0.99257  0.00397  0.00798  
1440  0.987630  0.005662  -12.30990  -12.40117  0.02486  -12.33476  -12.28505  0.99264  0.00365  0.00767  
1460  0.987676  0.005207  -12.31553  -12.42450  0.02425  -12.33979  -12.29128  0.99123  0.00325  0.00717  
1480  0.988344  0.005421  -12.31289  -12.39953  0.02518  -12.33806  -12.28771  0.99301  0.00339  0.00745  
1500  0.987501  0.005281  -12.31463  -12.42642  0.02471  -12.33934  -12.28991  0.99100  0.00328  0.00728  
1520  0.988845  0.005189  -12.31576  -12.41165  0.02413  -12.33989  -12.29163  0.99227  0.00324  0.00714  
1540  0.988226  0.004267  -12.32717  -12.41666  0.02406  -12.35123  -12.30311  0.99279  0.00232  0.00621  
1560  0.988547  0.004717  -12.32160  -12.41953  0.02479  -12.34639  -12.29681  0.99212  0.00271  0.00672  
1580  0.987393  0.005688  -12.30958  -12.41185  0.02481  -12.33439  -12.28477  0.99176  0.00368  0.00769  
1600  0.988888  0.004875  -12.31965  -12.40736  0.02421  -12.34386  -12.29544  0.99293  0.00292  0.00683  
1620  0.987309  0.005370  -12.31352  -12.40695  0.02427  -12.33778  -12.28925  0.99247  0.00341  0.00733  
1640  0.988886  0.005425  -12.31284  -12.40548  0.02447  -12.33731  -12.28838  0.99253  0.00345  0.00740  
1660  0.987791  0.004169  -12.32839  -12.42541  0.02473  -12.35312  -12.30366  0.99219  0.00217  0.00617  
1680  0.988970  0.005140  -12.31637  -12.40864  0.02489  -12.34126  -12.29149  0.99256  0.00313  0.00715  
1700  0.989290  0.003041  -12.34235  -12.41302  0.02371  -12.36606  -12.31864  0.99431  0.00113  0.00496  
1720  0.988683  0.003884  -12.33192  -12.41748  0.02397  -12.35589  -12.30794  0.99311  0.00195  0.00582  
1740  0.988600  0.003698  -12.33422  -12.41675  0.02522  -12.35944  -12.30900  0.99335  0.00166  0.00574  
1760  0.988748  0.006482  -12.29976  -12.41257  0.02401  -12.32376  -12.27575  0.99091  0.00454  0.00842  
1780  0.988316  0.004596  -12.32310  -12.41659  0.02598  -12.34908  -12.29711  0.99247  0.00250  0.00670  
1800  0.988521  0.005404  -12.31310  -12.40359  0.02377  -12.33687  -12.28933  0.99270  0.00348  0.00732  
1820  0.989343  0.006183  -12.30345  -12.39415  0.02327  -12.32672  -12.28019  0.99268  0.00430  0.00806  
1840  0.989272  0.004662  -12.32229  -12.40773  0.02500  -12.34729  -12.29728  0.99311  0.00264  0.00668  
1860  0.988333  0.005255  -12.31494  -12.41172  0.02470  -12.33964  -12.29024  0.99220  0.00326  0.00725  
1880  0.988926  0.005779  -12.30845  -12.41429  0.02399  -12.33244  -12.28446  0.99147  0.00384  0.00772  
1900  0.989067  0.004656  -12.32236  -12.41643  0.02476  -12.34712  -12.29759  0.99242  0.00266  0.00666  
1920  0.989203  0.002757  -12.34587  -12.40795  0.02367  -12.36954  -12.32220  0.99500  0.00085  0.00467  
1940  0.989626  0.004412  -12.32538  -12.41657  0.02465  -12.35003  -12.30074  0.99266  0.00242  0.00640  
1960  0.988511  0.005036  -12.31765  -12.39420  0.02388  -12.34153  -12.29377  0.99382  0.00311  0.00697  
1980  0.988561  0.006204  -12.30320  -12.41852  0.02417  -12.32737  -12.27903  0.99071  0.00425  0.00816  
2000  0.989094  0.005337  -12.31393  -12.41980  0.02363  -12.33755  -12.29030  0.99148  0.00343  0.00725  
2020  0.989584  0.004660  -12.32231  -12.42219  0.02447  -12.34678  -12.29783  0.99196  0.00268  0.00664  
2040  0.988522  0.004575  -12.32336  -12.42004  0.02398  -12.34734  -12.29939  0.99222  0.00264  0.00651  
2060  0.988906  0.006508  -12.29944  -12.40142  0.02444  -12.32388  -12.27499  0.99178  0.00453  0.00848  
2080  0.988941  0.004535  -12.32386  -12.41637  0.02395  -12.34782  -12.29991  0.99255  0.00260  0.00647  
2100  0.989117  0.004553  -12.32363  -12.41393  0.02397  -12.34760  -12.29966  0.99273  0.00262  0.00649  
2120  0.989474  0.004108  -12.32914  -12.41188  0.02318  -12.35233  -12.30596  0.99333  0.00224  0.00598  
2140  0.989022  0.004483  -12.32450  -12.41089  0.02342  -12.34792  -12.30108  0.99304  0.00259  0.00637  
2160  0.988824  0.004868  -12.31973  -12.41316  0.02389  -12.34362  -12.29584  0.99247  0.00294  0.00680  
2180  0.989716  0.004145  -12.32868  -12.39694  0.02427  -12.35295  -12.30441  0.99449  0.00218  0.00611  
2200  0.989020  0.005418  -12.31293  -12.40232  0.02422  -12.33715  -12.28871  0.99279  0.00346  0.00737  
2220  0.989511  0.006231  -12.30286  -12.41508  0.02327  -12.32612  -12.27959  0.99096  0.00435  0.00811  
2240  0.989080  0.004682  -12.32203  -12.39607  0.02408  -12.34611  -12.29796  0.99403  0.00274  0.00663  
2260  0.989335  0.005327  -12.31405  -12.39377  0.02354  -12.33759  -12.29051  0.99357  0.00343  0.00723  
2280  0.988805  0.004080  -12.32949  -12.39757  0.02328  -12.35277  -12.30621  0.99451  0.00220  0.00596  
2300  0.989088  0.004428  -12.32518  -12.41041  0.02320  -12.34838  -12.30198  0.99313  0.00255  0.00630  
