nh: 5
samples1: 7500
samples2: 5000
burn_in: 500
steps: 100
Exact H:-12.38
   Fidelity  ROE       Mean      Median    CI Width LL on CI  UL on CI  mmRatio  Min Err  Max Err
20     N/A    0.169449  -10.28222  -10.48097  0.10290  -10.38512  -10.17932  0.98104  0.16114  0.17776  
40     N/A    0.137496  -10.67780  -10.87714  0.09907  -10.77687  -10.57873  0.98167  0.12949  0.14550  
60     N/A    0.104531  -11.08591  -11.22536  0.09173  -11.17765  -10.99418  0.98758  0.09712  0.11194  
80     N/A    0.084134  -11.33843  -11.63591  0.08260  -11.42103  -11.25582  0.97443  0.07746  0.09081  
100     N/A    0.068706  -11.52942  -11.76321  0.07391  -11.60333  -11.45551  0.98012  0.06274  0.07468  
120     N/A    0.053488  -11.71782  -11.93648  0.06799  -11.78581  -11.64983  0.98168  0.04800  0.05898  
140     N/A    0.040078  -11.88383  -12.04600  0.06332  -11.94715  -11.82051  0.98654  0.03496  0.04519  
160     N/A    0.040924  -11.87336  -12.05537  0.05998  -11.93335  -11.81338  0.98490  0.03608  0.04577  
180     N/A    0.036225  -11.93153  -12.07480  0.05691  -11.98844  -11.87462  0.98813  0.03163  0.04082  
200     N/A    0.032687  -11.97534  -12.06221  0.05496  -12.03030  -11.92037  0.99280  0.02825  0.03713  
220     N/A    0.028957  -12.02151  -12.11708  0.05088  -12.07239  -11.97063  0.99211  0.02485  0.03307  
240     N/A    0.027124  -12.04421  -12.24124  0.04945  -12.09366  -11.99476  0.98390  0.02313  0.03112  
260     N/A    0.021263  -12.11676  -12.26658  0.04758  -12.16434  -12.06918  0.98779  0.01742  0.02511  
280     N/A    0.023511  -12.08893  -12.27923  0.04585  -12.13478  -12.04309  0.98450  0.01981  0.02721  
300     N/A    0.020751  -12.12310  -12.27069  0.04513  -12.16822  -12.07797  0.98797  0.01711  0.02440  
320     N/A    0.021024  -12.11973  -12.30598  0.04401  -12.16374  -12.07571  0.98487  0.01747  0.02458  
340     N/A    0.017477  -12.16364  -12.28531  0.04228  -12.20592  -12.12136  0.99010  0.01406  0.02089  
360     N/A    0.017747  -12.16029  -12.32182  0.04229  -12.20258  -12.11801  0.98689  0.01433  0.02116  
380     N/A    0.017465  -12.16379  -12.32266  0.04086  -12.20465  -12.12292  0.98711  0.01416  0.02077  
400     N/A    0.017648  -12.16152  -12.32220  0.03991  -12.20143  -12.12162  0.98696  0.01442  0.02087  
420     N/A    0.017226  -12.16674  -12.32365  0.03952  -12.20626  -12.12722  0.98727  0.01403  0.02042  
440     N/A    0.014186  -12.20437  -12.34727  0.03934  -12.24371  -12.16504  0.98843  0.01101  0.01736  
460     N/A    0.015934  -12.18273  -12.32757  0.03995  -12.22268  -12.14278  0.98825  0.01271  0.01916  
480     N/A    0.011645  -12.23583  -12.34957  0.03809  -12.27392  -12.19775  0.99079  0.00857  0.01472  
500     N/A    0.013740  -12.20990  -12.33852  0.03718  -12.24709  -12.17272  0.98958  0.01074  0.01674  
520     N/A    0.012294  -12.22780  -12.33245  0.03706  -12.26486  -12.19073  0.99151  0.00930  0.01529  
540     N/A    0.013493  -12.21296  -12.33273  0.03724  -12.25020  -12.17572  0.99029  0.01048  0.01650  
560     N/A    0.011380  -12.23912  -12.37137  0.03649  -12.27561  -12.20263  0.98931  0.00843  0.01433  
580     N/A    0.012170  -12.22934  -12.39174  0.03618  -12.26552  -12.19316  0.98689  0.00925  0.01509  
600     N/A    0.011932  -12.23228  -12.42499  0.03545  -12.26773  -12.19683  0.98449  0.00907  0.01480  
620     N/A    0.011636  -12.23594  -12.40585  0.03452  -12.27046  -12.20142  0.98630  0.00885  0.01442  
640     N/A    0.011336  -12.23967  -12.40883  0.03369  -12.27335  -12.20598  0.98637  0.00861  0.01406  
660     N/A    0.010238  -12.25325  -12.45208  0.03348  -12.28673  -12.21976  0.98403  0.00753  0.01294  
680     N/A    0.008914  -12.26965  -12.41542  0.03174  -12.30139  -12.23790  0.98826  0.00635  0.01148  
700     N/A    0.009976  -12.25650  -12.41817  0.03090  -12.28740  -12.22560  0.98698  0.00748  0.01247  
720     N/A    0.007902  -12.28217  -12.46164  0.03087  -12.31304  -12.25131  0.98560  0.00541  0.01040  
740     N/A    0.008303  -12.27721  -12.43308  0.02900  -12.30621  -12.24822  0.98746  0.00596  0.01064  
760     N/A    0.007492  -12.28725  -12.47474  0.02837  -12.31562  -12.25887  0.98497  0.00520  0.00978  
780     N/A    0.007029  -12.29298  -12.47835  0.02721  -12.32019  -12.26577  0.98514  0.00483  0.00923  
800     N/A    0.006534  -12.29911  -12.46532  0.02637  -12.32548  -12.27275  0.98667  0.00440  0.00866  
820     N/A    0.005585  -12.31086  -12.47154  0.02582  -12.33668  -12.28504  0.98712  0.00350  0.00767  
840     N/A    0.007141  -12.29159  -12.44719  0.02548  -12.31707  -12.26611  0.98750  0.00508  0.00920  
860     N/A    0.005327  -12.31405  -12.44053  0.02377  -12.33782  -12.29028  0.98983  0.00341  0.00725  
880     N/A    0.003802  -12.33293  -12.42935  0.02404  -12.35697  -12.30889  0.99224  0.00186  0.00574  
900     N/A    0.005870  -12.30733  -12.42969  0.02321  -12.33054  -12.28412  0.99016  0.00399  0.00774  
920     N/A    0.004987  -12.31826  -12.41650  0.02347  -12.34172  -12.29479  0.99209  0.00309  0.00688  
940     N/A    0.003381  -12.33814  -12.41134  0.02256  -12.36070  -12.31558  0.99410  0.00156  0.00520  
960     N/A    0.005528  -12.31157  -12.40314  0.02244  -12.33401  -12.28912  0.99262  0.00371  0.00734  
980     N/A    0.005177  -12.31591  -12.41172  0.02208  -12.33799  -12.29383  0.99228  0.00339  0.00696  
1000     N/A    0.003399  -12.33791  -12.40366  0.02140  -12.35932  -12.31651  0.99470  0.00167  0.00513  
1020     N/A    0.003234  -12.33996  -12.39236  0.02057  -12.36053  -12.31939  0.99577  0.00157  0.00490  
1040     N/A    0.004534  -12.32387  -12.39776  0.02122  -12.34509  -12.30265  0.99404  0.00282  0.00625  
1060     N/A    0.003582  -12.33565  -12.39849  0.02056  -12.35621  -12.31510  0.99493  0.00192  0.00524  
1080     N/A    0.003888  -12.33187  -12.40589  0.02019  -12.35205  -12.31168  0.99403  0.00226  0.00552  
1100     N/A    0.004239  -12.32752  -12.39530  0.02015  -12.34767  -12.30737  0.99453  0.00261  0.00587  
1120     N/A    0.002506  -12.34897  -12.39354  0.01976  -12.36873  -12.32922  0.99640  0.00091  0.00410  
1140     N/A    0.003436  -12.33746  -12.40749  0.01934  -12.35680  -12.31811  0.99436  0.00187  0.00500  
1160     N/A    0.003428  -12.33756  -12.38946  0.01933  -12.35688  -12.31823  0.99581  0.00187  0.00499  
1180     N/A    0.004420  -12.32528  -12.39455  0.01865  -12.34393  -12.30663  0.99441  0.00291  0.00593  
1200     N/A    0.002381  -12.35053  -12.40188  0.01857  -12.36910  -12.33196  0.99586  0.00088  0.00388  
1220     N/A    0.002938  -12.34363  -12.39606  0.01861  -12.36224  -12.32502  0.99577  0.00143  0.00444  
1240     N/A    0.003088  -12.34178  -12.39016  0.01801  -12.35978  -12.32377  0.99609  0.00163  0.00454  
1260     N/A    0.002727  -12.34624  -12.40964  0.01815  -12.36439  -12.32809  0.99489  0.00126  0.00419  
1280     N/A    0.001994  -12.35531  -12.39134  0.01796  -12.37327  -12.33735  0.99709  0.00054  0.00344  
1300     N/A    0.002309  -12.35142  -12.37806  0.01686  -12.36828  -12.33456  0.99785  0.00095  0.00367  
1320     N/A    0.002995  -12.34292  -12.37669  0.01744  -12.36036  -12.32548  0.99727  0.00159  0.00440  
1340     N/A    0.002225  -12.35245  -12.38733  0.01705  -12.36951  -12.33540  0.99718  0.00085  0.00360  
1360     N/A    0.003140  -12.34112  -12.36038  0.01680  -12.35792  -12.32432  0.99844  0.00178  0.00450  
1380     N/A    0.002044  -12.35470  -12.39486  0.01639  -12.37109  -12.33831  0.99676  0.00072  0.00337  
1400     N/A    0.001349  -12.36330  -12.38686  0.01623  -12.37953  -12.34707  0.99810  0.00004  0.00266  
1420     N/A    0.001737  -12.35849  -12.38583  0.01620  -12.37469  -12.34229  0.99779  0.00043  0.00305  
1440     N/A    0.002819  -12.34510  -12.36987  0.01568  -12.36079  -12.32942  0.99800  0.00155  0.00409  
1460     N/A    0.002031  -12.35485  -12.37409  0.01564  -12.37049  -12.33921  0.99845  0.00077  0.00330  
1480     N/A    0.002205  -12.35270  -12.38593  0.01563  -12.36834  -12.33707  0.99732  0.00094  0.00347  
1500     N/A    0.002835  -12.34491  -12.37819  0.01560  -12.36051  -12.32930  0.99731  0.00157  0.00409  
1520     N/A    0.002274  -12.35185  -12.38120  0.01563  -12.36748  -12.33622  0.99763  0.00101  0.00354  
1540     N/A    0.001961  -12.35573  -12.39386  0.01503  -12.37075  -12.34070  0.99692  0.00075  0.00317  
1560     N/A    0.000886  -12.36903  -12.39361  0.01502  -12.38405  -12.35401  0.99802  0.00033  0.00210  
1580     N/A    0.000701  -12.37133  -12.37497  0.01530  -12.38663  -12.35602  0.99971  0.00054  0.00194  
1600     N/A    0.002238  -12.35230  -12.36543  0.01504  -12.36734  -12.33726  0.99894  0.00102  0.00345  
1620     N/A    0.001578  -12.36047  -12.37265  0.01445  -12.37492  -12.34602  0.99902  0.00041  0.00274  
1640     N/A    0.001914  -12.35630  -12.35996  0.01449  -12.37079  -12.34182  0.99970  0.00074  0.00308  
1660     N/A    0.001352  -12.36327  -12.37974  0.01442  -12.37769  -12.34884  0.99867  0.00019  0.00252  
1680     N/A    0.000694  -12.37141  -12.38730  0.01380  -12.38521  -12.35761  0.99872  0.00042  0.00181  
1700     N/A    0.001965  -12.35568  -12.34717  0.01429  -12.36996  -12.34139  1.00069  0.00081  0.00312  
1720     N/A    0.001864  -12.35692  -12.34766  0.01410  -12.37102  -12.34283  1.00075  0.00073  0.00300  
1740     N/A    0.001696  -12.35900  -12.35288  0.01388  -12.37288  -12.34512  1.00050  0.00057  0.00282  
1760     N/A    0.001894  -12.35656  -12.35769  0.01403  -12.37059  -12.34252  0.99991  0.00076  0.00303  
1780     N/A    0.002049  -12.35463  -12.35263  0.01365  -12.36828  -12.34098  1.00016  0.00095  0.00315  
1800     N/A    0.001935  -12.35604  -12.35746  0.01371  -12.36975  -12.34233  0.99988  0.00083  0.00304  
1820     N/A    0.001476  -12.36172  -12.34638  0.01333  -12.37505  -12.34840  1.00124  0.00040  0.00255  
1840     N/A    0.001205  -12.36508  -12.34094  0.01319  -12.37827  -12.35188  1.00196  0.00014  0.00227  
1860     N/A    0.001642  -12.35967  -12.34234  0.01321  -12.37288  -12.34646  1.00140  0.00058  0.00271  
1880     N/A    0.001737  -12.35849  -12.35935  0.01337  -12.37186  -12.34512  0.99993  0.00066  0.00282  
1900     N/A    0.001098  -12.36640  -12.34866  0.01324  -12.37964  -12.35317  1.00144  0.00003  0.00217  
1920     N/A    0.002070  -12.35437  -12.34777  0.01323  -12.36759  -12.34114  1.00053  0.00100  0.00314  
1940     N/A    0.000761  -12.37058  -12.37073  0.01307  -12.38366  -12.35751  0.99999  0.00030  0.00182  
1960     N/A    0.001361  -12.36315  -12.36471  0.01266  -12.37581  -12.35049  0.99987  0.00034  0.00238  
1980     N/A    0.002071  -12.35436  -12.34877  0.01327  -12.36763  -12.34109  1.00045  0.00100  0.00314  
2000     N/A    0.001555  -12.36075  -12.37195  0.01274  -12.37349  -12.34801  0.99909  0.00053  0.00258  
2020     N/A    0.001379  -12.36293  -12.35213  0.01236  -12.37528  -12.35057  1.00087  0.00038  0.00238  
2040     N/A    0.001683  -12.35916  -12.36191  0.01279  -12.37196  -12.34637  0.99978  0.00065  0.00272  
2060     N/A    0.001309  -12.36379  -12.35292  0.01272  -12.37652  -12.35107  1.00088  0.00028  0.00234  
2080     N/A    0.000512  -12.37367  -12.33997  0.01175  -12.38542  -12.36192  1.00273  0.00044  0.00146  
2100     N/A    0.001414  -12.36250  -12.35094  0.01213  -12.37463  -12.35037  1.00094  0.00043  0.00239  
2120     N/A    0.001569  -12.36058  -12.35320  0.01227  -12.37285  -12.34831  1.00060  0.00058  0.00256  
2140     N/A    0.000731  -12.37096  -12.34421  0.01207  -12.38302  -12.35889  1.00217  0.00024  0.00171  
2160     N/A    0.001751  -12.35832  -12.34547  0.01188  -12.37019  -12.34644  1.00104  0.00079  0.00271  
2180     N/A    0.001277  -12.36419  -12.35588  0.01214  -12.37633  -12.35206  1.00067  0.00030  0.00226  
2200     N/A    0.001003  -12.36759  -12.33703  0.01185  -12.37944  -12.35573  1.00248  0.00005  0.00196  
2220     N/A    0.001105  -12.36632  -12.34410  0.01188  -12.37821  -12.35444  1.00180  0.00014  0.00206  
2240     N/A    0.001570  -12.36057  -12.34454  0.01164  -12.37221  -12.34893  1.00130  0.00063  0.00251  
2260     N/A    0.001713  -12.35879  -12.34524  0.01174  -12.37053  -12.34705  1.00110  0.00076  0.00266  
2280     N/A    0.001675  -12.35927  -12.35306  0.01181  -12.37108  -12.34746  1.00050  0.00072  0.00263  
2300     N/A    0.001449  -12.36206  -12.34566  0.01099  -12.37305  -12.35107  1.00133  0.00056  0.00234  
2320     N/A    0.001752  -12.35831  -12.33620  0.01168  -12.36999  -12.34664  1.00179  0.00081  0.00269  
2340     N/A    0.001107  -12.36629  -12.33526  0.01149  -12.37778  -12.35480  1.00252  0.00018  0.00204  
2360     N/A    0.001508  -12.36133  -12.36223  0.01190  -12.37323  -12.34942  0.99993  0.00055  0.00247  
2380     N/A    0.001650  -12.35958  -12.35224  0.01137  -12.37094  -12.34821  1.00059  0.00073  0.00257  
2400     N/A    0.001232  -12.36475  -12.32710  0.01192  -12.37667  -12.35283  1.00305  0.00027  0.00219  
2420     N/A    0.000696  -12.37139  -12.33322  0.01140  -12.38279  -12.35999  1.00309  0.00023  0.00162  
2440     N/A    0.001025  -12.36731  -12.33815  0.01135  -12.37866  -12.35596  1.00236  0.00011  0.00194  
2460     N/A    0.000627  -12.37223  -12.34225  0.01133  -12.38357  -12.36090  1.00243  0.00029  0.00154  
2480     N/A    0.001018  -12.36740  -12.33733  0.01120  -12.37860  -12.35620  1.00244  0.00011  0.00192  
2500     N/A    0.001036  -12.36717  -12.33768  0.01091  -12.37808  -12.35626  1.00239  0.00016  0.00192  
2520     N/A    0.001117  -12.36618  -12.33426  0.01136  -12.37754  -12.35482  1.00259  0.00020  0.00203  
2540     N/A    0.001048  -12.36702  -12.34171  0.01129  -12.37831  -12.35574  1.00205  0.00014  0.00196  
2560     N/A    0.001392  -12.36277  -12.36285  0.01130  -12.37407  -12.35147  0.99999  0.00048  0.00230  
2580     N/A    0.001414  -12.36249  -12.34036  0.01131  -12.37380  -12.35118  1.00179  0.00050  0.00233  
2600     N/A    0.001327  -12.36357  -12.34666  0.01127  -12.37485  -12.35230  1.00137  0.00042  0.00224  
2620     N/A    0.001858  -12.35699  -12.33830  0.01084  -12.36783  -12.34616  1.00152  0.00098  0.00273  
2640     N/A    0.001582  -12.36041  -12.33639  0.01120  -12.37161  -12.34921  1.00195  0.00068  0.00249  
2660     N/A    0.001183  -12.36536  -12.32138  0.01095  -12.37631  -12.35440  1.00357  0.00030  0.00207  
2680     N/A    0.000599  -12.37258  -12.33938  0.01072  -12.38330  -12.36186  1.00269  0.00027  0.00147  
2700     N/A    0.001175  -12.36545  -12.31937  0.01105  -12.37650  -12.35440  1.00374  0.00028  0.00207  
2720     N/A    0.000821  -12.36984  -12.32820  0.01103  -12.38087  -12.35882  1.00338  0.00007  0.00171  
2740     N/A    0.000942  -12.36834  -12.34020  0.01117  -12.37951  -12.35717  1.00228  0.00004  0.00184  
2760     N/A    0.001186  -12.36532  -12.34911  0.01124  -12.37656  -12.35408  1.00131  0.00028  0.00209  
2780     N/A    0.001696  -12.35900  -12.32065  0.01104  -12.37004  -12.34797  1.00311  0.00080  0.00259  
2800     N/A    0.001199  -12.36515  -12.34404  0.01082  -12.37597  -12.35433  1.00171  0.00033  0.00207  
2820     N/A    0.000448  -12.37446  -12.33415  0.01118  -12.38564  -12.36328  1.00327  0.00046  0.00135  
2840     N/A    0.000318  -12.37606  -12.33790  0.01067  -12.38674  -12.36539  1.00309  0.00054  0.00118  
2860     N/A    0.001066  -12.36680  -12.33206  0.01084  -12.37765  -12.35596  1.00282  0.00019  0.00194  
2880     N/A    0.001528  -12.36108  -12.32366  0.01053  -12.37161  -12.35055  1.00304  0.00068  0.00238  
2900     N/A    0.000993  -12.36771  -12.33191  0.01050  -12.37821  -12.35721  1.00290  0.00014  0.00184  
2920     N/A    0.001674  -12.35928  -12.32872  0.01069  -12.36996  -12.34859  1.00248  0.00081  0.00254  
2940     N/A    0.000614  -12.37240  -12.32967  0.01060  -12.38300  -12.36179  1.00346  0.00024  0.00147  
2960     N/A    0.001315  -12.36372  -12.32661  0.01058  -12.37430  -12.35314  1.00301  0.00046  0.00217  
2980     N/A    0.000958  -12.36814  -12.33712  0.01033  -12.37847  -12.35782  1.00251  0.00012  0.00179  
3000     N/A    0.001127  -12.36605  -12.31590  0.01034  -12.37639  -12.35571  1.00407  0.00029  0.00196  
3020     N/A    0.000382  -12.37527  -12.33027  0.01010  -12.38537  -12.36517  1.00365  0.00043  0.00120  
3040     N/A    0.001469  -12.36182  -12.32500  0.01007  -12.37189  -12.35174  1.00299  0.00066  0.00228  
3060     N/A    0.001249  -12.36453  -12.32542  0.01015  -12.37469  -12.35438  1.00317  0.00043  0.00207  
3080     N/A    0.001292  -12.36400  -12.34411  0.01063  -12.37463  -12.35337  1.00161  0.00043  0.00215  
3100     N/A    0.000817  -12.36988  -12.34163  0.01029  -12.38018  -12.35959  1.00229  0.00001  0.00165  
3120     N/A    0.001054  -12.36695  -12.33172  0.01022  -12.37717  -12.35673  1.00286  0.00023  0.00188  
3140     N/A    0.000976  -12.36792  -12.32979  0.01047  -12.37839  -12.35745  1.00309  0.00013  0.00182  
3160     N/A    0.000699  -12.37134  -12.33854  0.01010  -12.38145  -12.36124  1.00266  0.00012  0.00152  
3180     N/A    0.000644  -12.37202  -12.33116  0.01012  -12.38214  -12.36190  1.00331  0.00017  0.00146  
3200     N/A    0.000534  -12.37338  -12.33644  0.01009  -12.38348  -12.36329  1.00299  0.00028  0.00135  
3220     N/A    0.000917  -12.36865  -12.33480  0.01024  -12.37890  -12.35841  1.00274  0.00009  0.00174  
3240     N/A    0.000995  -12.36768  -12.33114  0.01004  -12.37772  -12.35764  1.00296  0.00018  0.00181  
3260     N/A    0.000820  -12.36985  -12.33650  0.01052  -12.38037  -12.35933  1.00270  0.00003  0.00167  
3280     N/A    0.001078  -12.36665  -12.33257  0.01016  -12.37681  -12.35649  1.00276  0.00026  0.00190  
3300     N/A    0.000076  -12.37906  -12.35635  0.01006  -12.38912  -12.36901  1.00184  0.00074  0.00089  
3320     N/A    0.001172  -12.36549  -12.33584  0.01017  -12.37566  -12.35532  1.00240  0.00035  0.00199  
3340     N/A    0.001054  -12.36695  -12.34064  0.01021  -12.37715  -12.35674  1.00213  0.00023  0.00188  
3360     N/A    0.000561  -12.37306  -12.34616  0.01003  -12.38309  -12.36303  1.00218  0.00025  0.00137  
3380     N/A    0.001635  -12.35976  -12.35203  0.01033  -12.37009  -12.34942  1.00063  0.00080  0.00247  
3400     N/A    0.001007  -12.36754  -12.33650  0.01024  -12.37778  -12.35729  1.00252  0.00018  0.00183  
3420     N/A    0.000727  -12.37100  -12.33738  0.01021  -12.38121  -12.36079  1.00273  0.00010  0.00155  
3440     N/A    0.001060  -12.36687  -12.34117  0.00998  -12.37686  -12.35689  1.00208  0.00025  0.00187  
3460     N/A    0.000634  -12.37215  -12.35211  0.01006  -12.38221  -12.36210  1.00162  0.00018  0.00145  
3480     N/A    0.000549  -12.37320  -12.34539  0.01035  -12.38355  -12.36285  1.00225  0.00029  0.00139  
3500     N/A    0.000539  -12.37332  -12.33013  0.00986  -12.38318  -12.36346  1.00350  0.00026  0.00134  
3520     N/A    0.000898  -12.36889  -12.33897  0.00990  -12.37879  -12.35898  1.00242  0.00010  0.00170  
3540     N/A    0.000653  -12.37192  -12.33382  0.00984  -12.38176  -12.36208  1.00309  0.00014  0.00145  
3560     N/A    0.000829  -12.36973  -12.33585  0.00996  -12.37969  -12.35978  1.00275  0.00003  0.00163  
3580     N/A    0.000704  -12.37128  -12.33420  0.00986  -12.38114  -12.36142  1.00301  0.00009  0.00150  
3600     N/A    0.000318  -12.37607  -12.32831  0.00973  -12.38580  -12.36634  1.00387  0.00047  0.00110  
3620     N/A    0.001068  -12.36678  -12.32750  0.01042  -12.37719  -12.35636  1.00319  0.00023  0.00191  
3640     N/A    0.000765  -12.37053  -12.33239  0.01006  -12.38060  -12.36047  1.00309  0.00005  0.00158  
3660     N/A    0.000842  -12.36958  -12.34033  0.00998  -12.37956  -12.35960  1.00237  0.00004  0.00165  
3680     N/A    0.000894  -12.36893  -12.34125  0.00987  -12.37880  -12.35906  1.00224  0.00010  0.00169  
3700     N/A    0.000753  -12.37068  -12.31960  0.00988  -12.38055  -12.36080  1.00415  0.00004  0.00155  
3720     N/A    0.000755  -12.37065  -12.33435  0.00977  -12.38042  -12.36088  1.00294  0.00003  0.00154  
3740     N/A    0.001186  -12.36531  -12.34203  0.00984  -12.37515  -12.35547  1.00189  0.00039  0.00198  
3760     N/A    0.001106  -12.36630  -12.33619  0.00980  -12.37611  -12.35650  1.00244  0.00031  0.00190  
3780     N/A    0.000470  -12.37419  -12.33996  0.00979  -12.38397  -12.36440  1.00277  0.00032  0.00126  
3800     N/A    0.001283  -12.36411  -12.33645  0.00983  -12.37394  -12.35429  1.00224  0.00049  0.00208  
3820     N/A    0.000775  -12.37041  -12.33760  0.00971  -12.38012  -12.36070  1.00266  0.00001  0.00156  
3840     N/A    0.000507  -12.37372  -12.33473  0.00968  -12.38340  -12.36404  1.00316  0.00027  0.00129  
3860     N/A    0.001143  -12.36585  -12.32951  0.01001  -12.37586  -12.35583  1.00295  0.00033  0.00195  
3880     N/A    0.000381  -12.37528  -12.34820  0.00963  -12.38491  -12.36565  1.00219  0.00040  0.00116  
3900     N/A    0.001699  -12.35896  -12.33183  0.00996  -12.36893  -12.34900  1.00220  0.00089  0.00250  
3920     N/A    0.000826  -12.36977  -12.33362  0.01018  -12.37995  -12.35959  1.00293  0.00000  0.00165  
3940     N/A    0.000702  -12.37131  -12.32844  0.00977  -12.38109  -12.36154  1.00348  0.00009  0.00149  
3960     N/A    0.001641  -12.35969  -12.32048  0.01008  -12.36977  -12.34960  1.00318  0.00083  0.00246  
3980     N/A    0.001378  -12.36294  -12.33009  0.00987  -12.37280  -12.35307  1.00266  0.00058  0.00218  
4000     N/A    0.001083  -12.36659  -12.32443  0.00991  -12.37650  -12.35668  1.00342  0.00028  0.00188  
4020     N/A    0.000786  -12.37027  -12.33295  0.00981  -12.38008  -12.36045  1.00303  0.00001  0.00158  
4040     N/A    0.000647  -12.37199  -12.32914  0.00981  -12.38180  -12.36218  1.00348  0.00015  0.00144  
4060     N/A    0.001076  -12.36667  -12.32197  0.00973  -12.37641  -12.35694  1.00363  0.00029  0.00186  
4080     N/A    0.000727  -12.37100  -12.32579  0.00943  -12.38043  -12.36158  1.00367  0.00003  0.00149  
4100     N/A    0.000617  -12.37237  -12.33691  0.00964  -12.38200  -12.36273  1.00287  0.00016  0.00140  
4120     N/A    0.000945  -12.36830  -12.33549  0.00950  -12.37780  -12.35880  1.00266  0.00018  0.00171  
4140     N/A    0.000763  -12.37056  -12.32701  0.00951  -12.38007  -12.36105  1.00353  0.00001  0.00153  
4160     N/A    0.001256  -12.36444  -12.33306  0.00973  -12.37417  -12.35472  1.00254  0.00047  0.00204  
4180     N/A    0.000769  -12.37048  -12.33161  0.00972  -12.38020  -12.36076  1.00315  0.00002  0.00155  
4200     N/A    0.001042  -12.36710  -12.33501  0.00968  -12.37678  -12.35742  1.00260  0.00026  0.00182  
4220     N/A    0.001079  -12.36665  -12.32417  0.00967  -12.37632  -12.35698  1.00345  0.00030  0.00186  
4240     N/A    0.000806  -12.37002  -12.32085  0.00957  -12.37959  -12.36045  1.00399  0.00003  0.00158  
4260     N/A    0.001252  -12.36450  -12.33543  0.00954  -12.37403  -12.35496  1.00236  0.00048  0.00202  
4280     N/A    0.000390  -12.37517  -12.32785  0.00972  -12.38488  -12.36545  1.00384  0.00039  0.00118  
4300     N/A    0.000525  -12.37350  -12.33681  0.00963  -12.38313  -12.36387  1.00297  0.00025  0.00130  
4320     N/A    0.000682  -12.37156  -12.34175  0.00985  -12.38141  -12.36172  1.00242  0.00011  0.00148  
4340     N/A    0.000292  -12.37638  -12.32856  0.00958  -12.38596  -12.36680  1.00388  0.00048  0.00107  
4360     N/A    0.000883  -12.36907  -12.32180  0.00949  -12.37856  -12.35958  1.00384  0.00012  0.00165  
4380     N/A    0.001248  -12.36456  -12.32436  0.00960  -12.37416  -12.35495  1.00326  0.00047  0.00202  
4400     N/A    0.000880  -12.36910  -12.33878  0.00954  -12.37864  -12.35956  1.00246  0.00011  0.00165  
4420     N/A    0.000502  -12.37379  -12.33165  0.00959  -12.38338  -12.36420  1.00342  0.00027  0.00128  
4440     N/A    0.000744  -12.37078  -12.34166  0.00946  -12.38024  -12.36133  1.00236  0.00002  0.00151  
4460     N/A    0.000900  -12.36886  -12.33385  0.00941  -12.37827  -12.35945  1.00284  0.00014  0.00166  
4480     N/A    0.000848  -12.36950  -12.32402  0.00933  -12.37883  -12.36017  1.00369  0.00009  0.00160  
4500     N/A    0.000749  -12.37073  -12.33826  0.00978  -12.38051  -12.36095  1.00263  0.00004  0.00154  
4520     N/A    0.001190  -12.36527  -12.33224  0.00960  -12.37487  -12.35568  1.00268  0.00041  0.00196  
4540     N/A    0.000643  -12.37205  -12.32384  0.00940  -12.38144  -12.36265  1.00391  0.00012  0.00140  
4560     N/A    0.000650  -12.37196  -12.33490  0.00974  -12.38170  -12.36221  1.00300  0.00014  0.00144  
4580     N/A    0.001129  -12.36603  -12.32376  0.00953  -12.37556  -12.35649  1.00343  0.00036  0.00190  
4600     N/A    0.000656  -12.37188  -12.33376  0.00962  -12.38150  -12.36226  1.00309  0.00012  0.00143  
4620     N/A    0.000539  -12.37333  -12.33621  0.00950  -12.38283  -12.36382  1.00301  0.00023  0.00131  
4640     N/A    0.000780  -12.37034  -12.33652  0.00931  -12.37965  -12.36103  1.00274  0.00003  0.00153  
4660     N/A    0.000824  -12.36980  -12.33792  0.00968  -12.37948  -12.36011  1.00258  0.00004  0.00161  
4680     N/A    0.001113  -12.36622  -12.33254  0.00940  -12.37562  -12.35682  1.00273  0.00035  0.00187  
4700     N/A    0.000870  -12.36923  -12.32431  0.00938  -12.37860  -12.35985  1.00364  0.00011  0.00163  
4720     N/A    0.001299  -12.36391  -12.33521  0.00963  -12.37354  -12.35429  1.00233  0.00052  0.00208  
4740     N/A    0.001143  -12.36584  -12.34348  0.00957  -12.37542  -12.35627  1.00181  0.00037  0.00192  
4760     N/A    0.001466  -12.36185  -12.32493  0.00986  -12.37172  -12.35199  1.00300  0.00067  0.00226  
4780     N/A    0.000970  -12.36799  -12.32943  0.00970  -12.37770  -12.35829  1.00313  0.00019  0.00175  
4800     N/A    0.000728  -12.37099  -12.32408  0.00944  -12.38043  -12.36154  1.00381  0.00003  0.00149  
4820     N/A    0.001254  -12.36448  -12.32459  0.00940  -12.37388  -12.35508  1.00324  0.00049  0.00201  
4840     N/A    0.000820  -12.36985  -12.33496  0.00941  -12.37926  -12.36044  1.00283  0.00006  0.00158  
4860     N/A    0.001171  -12.36550  -12.33815  0.00927  -12.37478  -12.35623  1.00222  0.00042  0.00192  
4880     N/A    0.001006  -12.36755  -12.32256  0.00956  -12.37711  -12.35799  1.00365  0.00023  0.00178  
4900     N/A    0.000899  -12.36887  -12.32745  0.00946  -12.37832  -12.35941  1.00336  0.00014  0.00166  
4920     N/A    0.000973  -12.36796  -12.32872  0.00953  -12.37748  -12.35843  1.00318  0.00020  0.00174  
4940     N/A    0.001202  -12.36512  -12.32707  0.00955  -12.37468  -12.35557  1.00309  0.00043  0.00197  
4960     N/A    0.000023  -12.37972  -12.34741  0.00931  -12.38903  -12.37041  1.00262  0.00073  0.00077  
4980     N/A    0.000710  -12.37121  -12.33154  0.00971  -12.38093  -12.36150  1.00322  0.00008  0.00149  
5000     N/A    0.000581  -12.37281  -12.34331  0.00951  -12.38232  -12.36329  1.00239  0.00019  0.00135  
5020     N/A    0.000717  -12.37112  -12.32898  0.00942  -12.38054  -12.36170  1.00342  0.00004  0.00148  
5040     N/A    0.000862  -12.36933  -12.33447  0.00979  -12.37912  -12.35954  1.00283  0.00007  0.00165  
5060     N/A    0.000315  -12.37610  -12.34107  0.00950  -12.38560  -12.36660  1.00284  0.00045  0.00108  
5080     N/A    0.001129  -12.36602  -12.32924  0.00959  -12.37561  -12.35644  1.00298  0.00035  0.00190  
5100     N/A    0.000648  -12.37198  -12.32903  0.00924  -12.38121  -12.36274  1.00348  0.00010  0.00139  
5120     N/A    0.000686  -12.37151  -12.35255  0.00907  -12.38058  -12.36244  1.00154  0.00005  0.00142  
5140     N/A    0.000352  -12.37564  -12.31744  0.00958  -12.38522  -12.36606  1.00472  0.00042  0.00113  
5160     N/A    0.001242  -12.36462  -12.33913  0.00973  -12.37436  -12.35489  1.00207  0.00046  0.00203  
5180     N/A    0.000442  -12.37452  -12.33905  0.00930  -12.38382  -12.36523  1.00287  0.00031  0.00119  
5200     N/A    0.000329  -12.37593  -12.32507  0.00945  -12.38538  -12.36648  1.00413  0.00043  0.00109  
5220     N/A    0.000765  -12.37052  -12.32680  0.00962  -12.38014  -12.36091  1.00355  0.00001  0.00154  
5240     N/A    0.000875  -12.36916  -12.32936  0.00919  -12.37836  -12.35997  1.00323  0.00013  0.00162  
5260     N/A    0.000503  -12.37377  -12.33480  0.00948  -12.38325  -12.36428  1.00316  0.00026  0.00127  
5280     N/A    0.000319  -12.37605  -12.33794  0.00939  -12.38545  -12.36666  1.00309  0.00044  0.00108  
5300     N/A    0.000484  -12.37401  -12.33082  0.00916  -12.38317  -12.36484  1.00350  0.00026  0.00122  
5320     N/A    0.000356  -12.37559  -12.33716  0.00965  -12.38524  -12.36595  1.00312  0.00042  0.00114  
5340     N/A    0.000395  -12.37511  -12.33275  0.00937  -12.38448  -12.36574  1.00343  0.00036  0.00115  
5360     N/A    0.001042  -12.36710  -12.32243  0.00921  -12.37631  -12.35789  1.00363  0.00030  0.00179  
5380     N/A    0.001054  -12.36696  -12.33840  0.00961  -12.37657  -12.35734  1.00231  0.00028  0.00183  
5400     N/A    0.000596  -12.37263  -12.33639  0.00948  -12.38210  -12.36315  1.00294  0.00017  0.00136  
5420     N/A    0.000592  -12.37267  -12.33674  0.00924  -12.38191  -12.36344  1.00291  0.00015  0.00134  
5440     N/A    0.001095  -12.36644  -12.31657  0.00885  -12.37528  -12.35759  1.00405  0.00038  0.00181  
5460     N/A    0.000425  -12.37474  -12.34591  0.00943  -12.38417  -12.36531  1.00234  0.00034  0.00119  
5480     N/A    0.000675  -12.37165  -12.32634  0.00942  -12.38107  -12.36223  1.00368  0.00009  0.00144  
5500     N/A    0.000802  -12.37007  -12.34442  0.00968  -12.37975  -12.36039  1.00208  0.00002  0.00158  
5520     N/A    0.000987  -12.36778  -12.32310  0.00945  -12.37723  -12.35833  1.00363  0.00022  0.00175  
5540     N/A    0.000047  -12.37941  -12.32110  0.00960  -12.38901  -12.36982  1.00473  0.00073  0.00082  
5560     N/A    0.000447  -12.37447  -12.34285  0.00951  -12.38398  -12.36496  1.00256  0.00032  0.00121  
5580     N/A    0.000891  -12.36897  -12.33306  0.00916  -12.37814  -12.35981  1.00291  0.00015  0.00163  
5600     N/A    0.000936  -12.36842  -12.31733  0.00936  -12.37777  -12.35906  1.00415  0.00018  0.00169  
5620     N/A    0.000631  -12.37219  -12.32967  0.00923  -12.38142  -12.36297  1.00345  0.00011  0.00138  
5640     N/A    0.001091  -12.36650  -12.32425  0.00927  -12.37577  -12.35722  1.00343  0.00034  0.00184  
5660     N/A    0.000532  -12.37342  -12.33736  0.00939  -12.38281  -12.36402  1.00292  0.00023  0.00129  
5680     N/A    0.000720  -12.37108  -12.32668  0.00940  -12.38048  -12.36168  1.00360  0.00004  0.00148  
5700     N/A    0.000857  -12.36939  -12.34106  0.00935  -12.37874  -12.36003  1.00230  0.00010  0.00161  
5720     N/A    0.000643  -12.37204  -12.33310  0.00942  -12.38145  -12.36262  1.00316  0.00012  0.00140  
5740     N/A    0.000506  -12.37374  -12.33508  0.00935  -12.38309  -12.36439  1.00313  0.00025  0.00126  
5760     N/A    0.000843  -12.36956  -12.33227  0.00969  -12.37925  -12.35988  1.00302  0.00006  0.00163  
5780     N/A    0.000486  -12.37398  -12.32984  0.00919  -12.38317  -12.36480  1.00358  0.00026  0.00123  
5800     N/A    0.000876  -12.36916  -12.33059  0.00968  -12.37883  -12.35948  1.00313  0.00009  0.00166  
5820     N/A    0.001384  -12.36286  -12.32225  0.00943  -12.37229  -12.35343  1.00330  0.00062  0.00215  
5840     N/A    0.000661  -12.37181  -12.33477  0.00928  -12.38110  -12.36253  1.00300  0.00009  0.00141  
5860     N/A    0.000909  -12.36874  -12.34451  0.00958  -12.37832  -12.35916  1.00196  0.00014  0.00168  
5880     N/A    0.000978  -12.36790  -12.32266  0.00931  -12.37721  -12.35858  1.00367  0.00023  0.00173  
5900     N/A    0.000983  -12.36783  -12.32242  0.00930  -12.37713  -12.35853  1.00368  0.00023  0.00173  
5920     N/A    0.000274  -12.37660  -12.34110  0.00897  -12.38558  -12.36763  1.00288  0.00045  0.00100  
5940     N/A    0.001022  -12.36735  -12.33422  0.00954  -12.37689  -12.35781  1.00269  0.00025  0.00179  
5960     N/A    0.000919  -12.36862  -12.34140  0.00973  -12.37834  -12.35889  1.00221  0.00013  0.00171  
5980     N/A    0.000571  -12.37293  -12.34098  0.00962  -12.38256  -12.36331  1.00259  0.00021  0.00135  
6000     N/A    0.000953  -12.36820  -12.32931  0.00920  -12.37740  -12.35899  1.00315  0.00021  0.00170  
6020     N/A    0.001141  -12.36588  -12.33935  0.00924  -12.37512  -12.35663  1.00215  0.00039  0.00189  
6040     N/A    0.000746  -12.37076  -12.33796  0.00957  -12.38033  -12.36118  1.00266  0.00003  0.00152  
6060     N/A    0.000426  -12.37473  -12.34465  0.00939  -12.38412  -12.36534  1.00244  0.00033  0.00118  
6080     N/A    0.001057  -12.36691  -12.33763  0.00954  -12.37645  -12.35737  1.00237  0.00029  0.00183  
6100     N/A    0.000179  -12.37778  -12.35036  0.00963  -12.38741  -12.36815  1.00222  0.00060  0.00096  
6120     N/A    0.000754  -12.37067  -12.35293  0.00956  -12.38023  -12.36111  1.00144  0.00002  0.00153  
6140     N/A    0.000734  -12.37091  -12.33683  0.00919  -12.38010  -12.36173  1.00276  0.00001  0.00148  
6160     N/A    0.000126  -12.37844  -12.34292  0.00961  -12.38805  -12.36883  1.00288  0.00065  0.00090  
6180     N/A    0.000694  -12.37140  -12.35309  0.00958  -12.38098  -12.36183  1.00148  0.00008  0.00147  
6200     N/A    0.000730  -12.37096  -12.33662  0.00927  -12.38023  -12.36168  1.00278  0.00002  0.00148  
6220     N/A    0.000301  -12.37627  -12.35083  0.00928  -12.38555  -12.36700  1.00206  0.00045  0.00105  
6240     N/A    0.000458  -12.37433  -12.33673  0.00956  -12.38389  -12.36476  1.00305  0.00031  0.00123  
6260     N/A    0.000979  -12.36788  -12.33476  0.00963  -12.37751  -12.35825  1.00268  0.00020  0.00176  
6280     N/A    0.001182  -12.36536  -12.32223  0.00934  -12.37470  -12.35602  1.00350  0.00043  0.00194  
6300     N/A    0.000961  -12.36810  -12.33676  0.00941  -12.37751  -12.35869  1.00254  0.00020  0.00172  
6320     N/A    0.000462  -12.37428  -12.33025  0.00933  -12.38361  -12.36496  1.00357  0.00029  0.00121  
6340     N/A    0.001077  -12.36667  -12.32126  0.00982  -12.37649  -12.35685  1.00369  0.00028  0.00187  
6360     N/A    0.000497  -12.37384  -12.33073  0.00926  -12.38310  -12.36459  1.00350  0.00025  0.00125  
6380     N/A    0.000723  -12.37105  -12.33407  0.00939  -12.38044  -12.36167  1.00300  0.00004  0.00148  
6400     N/A    0.000773  -12.37043  -12.33399  0.00953  -12.37997  -12.36090  1.00295  0.00000  0.00154  
6420     N/A    0.000879  -12.36912  -12.32689  0.00928  -12.37840  -12.35984  1.00343  0.00013  0.00163  
6440     N/A    0.000841  -12.36959  -12.33374  0.00945  -12.37905  -12.36014  1.00291  0.00008  0.00160  
6460     N/A    0.001223  -12.36487  -12.34023  0.00935  -12.37421  -12.35552  1.00200  0.00047  0.00198  
6480     N/A    0.001326  -12.36359  -12.33098  0.00955  -12.37313  -12.35404  1.00264  0.00055  0.00210  
6500     N/A    0.000491  -12.37392  -12.32650  0.00928  -12.38320  -12.36463  1.00385  0.00026  0.00124  
6520     N/A    0.001063  -12.36684  -12.32951  0.00958  -12.37642  -12.35726  1.00303  0.00029  0.00184  
6540     N/A    0.000986  -12.36779  -12.33553  0.00952  -12.37731  -12.35827  1.00261  0.00022  0.00176  
6560     N/A    0.001209  -12.36503  -12.31977  0.00928  -12.37431  -12.35575  1.00367  0.00046  0.00196  
6580     N/A    0.000434  -12.37462  -12.33940  0.00967  -12.38429  -12.36495  1.00285  0.00035  0.00122  
6600     N/A    0.000780  -12.37034  -12.33453  0.00954  -12.37988  -12.36080  1.00290  0.00001  0.00155  
6620     N/A    0.000756  -12.37064  -12.33195  0.00934  -12.37998  -12.36131  1.00314  0.00000  0.00151  
6640     N/A    0.001139  -12.36590  -12.31102  0.00957  -12.37547  -12.35633  1.00446  0.00037  0.00191  
6660     N/A    0.000657  -12.37186  -12.32402  0.00936  -12.38123  -12.36250  1.00388  0.00010  0.00141  
6680     N/A    0.000564  -12.37302  -12.33464  0.00939  -12.38240  -12.36363  1.00311  0.00019  0.00132  
6700     N/A    0.001192  -12.36525  -12.31178  0.00910  -12.37435  -12.35614  1.00434  0.00046  0.00193  
6720     N/A    0.001092  -12.36649  -12.33390  0.00950  -12.37599  -12.35699  1.00264  0.00032  0.00186  
6740     N/A    0.000573  -12.37290  -12.34549  0.00924  -12.38215  -12.36366  1.00222  0.00017  0.00132  
6760     N/A    0.000446  -12.37448  -12.33260  0.00916  -12.38363  -12.36532  1.00340  0.00029  0.00119  
6780     N/A    0.001154  -12.36572  -12.33375  0.00946  -12.37518  -12.35625  1.00259  0.00039  0.00192  
6800     N/A    0.000898  -12.36888  -12.32908  0.00924  -12.37811  -12.35964  1.00323  0.00015  0.00164  
6820     N/A    0.000765  -12.37053  -12.34235  0.00952  -12.38005  -12.36101  1.00228  0.00000  0.00153  
6840     N/A    0.000935  -12.36842  -12.31367  0.00944  -12.37786  -12.35898  1.00445  0.00017  0.00170  
6860     N/A    0.001097  -12.36641  -12.33021  0.00969  -12.37610  -12.35673  1.00294  0.00031  0.00188  
6880     N/A    0.000902  -12.36883  -12.32898  0.00935  -12.37818  -12.35948  1.00323  0.00015  0.00166  
6900     N/A    0.001450  -12.36205  -12.30684  0.00947  -12.37152  -12.35258  1.00449  0.00068  0.00221  
6920     N/A    0.000923  -12.36857  -12.33446  0.00971  -12.37828  -12.35886  1.00277  0.00014  0.00171  
6940     N/A    0.000711  -12.37120  -12.33367  0.00936  -12.38056  -12.36185  1.00304  0.00005  0.00147  
6960     N/A    0.001077  -12.36667  -12.33300  0.00952  -12.37619  -12.35716  1.00273  0.00031  0.00185  
6980     N/A    0.001063  -12.36684  -12.32779  0.00917  -12.37601  -12.35767  1.00317  0.00032  0.00180  
7000     N/A    0.000600  -12.37257  -12.32276  0.00929  -12.38186  -12.36328  1.00404  0.00015  0.00135  
7020     N/A    0.000928  -12.36852  -12.32535  0.00932  -12.37784  -12.35919  1.00350  0.00017  0.00168  
7040     N/A    0.000494  -12.37388  -12.32824  0.00940  -12.38328  -12.36448  1.00370  0.00026  0.00125  
7060     N/A    0.000496  -12.37385  -12.33262  0.00903  -12.38288  -12.36482  1.00334  0.00023  0.00123  
7080     N/A    0.001103  -12.36634  -12.32883  0.00951  -12.37585  -12.35684  1.00304  0.00034  0.00187  
7100     N/A    0.000541  -12.37331  -12.34531  0.00931  -12.38262  -12.36400  1.00227  0.00021  0.00129  
7120     N/A    0.001021  -12.36736  -12.34582  0.00930  -12.37666  -12.35806  1.00174  0.00027  0.00177  
7140     N/A    0.001000  -12.36762  -12.32878  0.00962  -12.37724  -12.35800  1.00315  0.00022  0.00178  
7160     N/A    0.001123  -12.36609  -12.34057  0.00948  -12.37557  -12.35662  1.00207  0.00036  0.00189  
7180     N/A    0.000812  -12.36994  -12.34083  0.00939  -12.37933  -12.36056  1.00236  0.00005  0.00157  
7200     N/A    0.000792  -12.37020  -12.34667  0.00967  -12.37988  -12.36053  1.00191  0.00001  0.00157  
7220     N/A    0.000757  -12.37062  -12.33973  0.00962  -12.38025  -12.36100  1.00250  0.00002  0.00153  
7240     N/A    0.000627  -12.37224  -12.33538  0.00957  -12.38181  -12.36267  1.00299  0.00015  0.00140  
7260     N/A    0.000994  -12.36769  -12.32709  0.00979  -12.37748  -12.35790  1.00329  0.00020  0.00179  
7280     N/A    0.001321  -12.36364  -12.33319  0.00986  -12.37350  -12.35379  1.00247  0.00053  0.00212  
7300     N/A    0.000807  -12.37001  -12.34606  0.00952  -12.37952  -12.36049  1.00194  0.00004  0.00158  
7320     N/A    0.000650  -12.37195  -12.32815  0.00977  -12.38173  -12.36218  1.00355  0.00014  0.00144  
7340     N/A    0.000741  -12.37083  -12.33881  0.00970  -12.38053  -12.36113  1.00259  0.00004  0.00152  
7360     N/A    0.000872  -12.36920  -12.33082  0.00969  -12.37889  -12.35951  1.00311  0.00009  0.00165  
7380     N/A    0.000912  -12.36871  -12.32343  0.00935  -12.37807  -12.35936  1.00367  0.00016  0.00167  
7400     N/A    0.001078  -12.36665  -12.31758  0.00945  -12.37610  -12.35720  1.00398  0.00031  0.00184  
7420     N/A    0.000835  -12.36966  -12.33347  0.00945  -12.37911  -12.36021  1.00293  0.00007  0.00160  
7440     N/A    0.000580  -12.37282  -12.33206  0.00953  -12.38235  -12.36329  1.00331  0.00019  0.00135  
7460     N/A    0.000856  -12.36941  -12.33313  0.00976  -12.37917  -12.35964  1.00294  0.00007  0.00164  
7480     N/A    0.000776  -12.37040  -12.33371  0.00974  -12.38014  -12.36065  1.00297  0.00001  0.00156  
7500     N/A    0.001113  -12.36622  -12.32646  0.00947  -12.37570  -12.35675  1.00323  0.00035  0.00188  
7520     N/A    0.000664  -12.37178  -12.34138  0.00965  -12.38143  -12.36213  1.00246  0.00012  0.00144  
7540     N/A    0.001482  -12.36165  -12.32838  0.00920  -12.37085  -12.35245  1.00270  0.00074  0.00223  
7560     N/A    0.000999  -12.36763  -12.33253  0.00942  -12.37706  -12.35821  1.00285  0.00024  0.00176  
7580     N/A    0.000796  -12.37014  -12.33279  0.00939  -12.37953  -12.36075  1.00303  0.00004  0.00155  
7600     N/A    0.001148  -12.36579  -12.32361  0.00939  -12.37517  -12.35640  1.00342  0.00039  0.00191  
7620     N/A    0.000899  -12.36887  -12.33010  0.00942  -12.37828  -12.35945  1.00314  0.00014  0.00166  
7640     N/A    0.001196  -12.36520  -12.33184  0.00935  -12.37455  -12.35585  1.00271  0.00044  0.00195  
7660     N/A    0.000738  -12.37087  -12.31367  0.00966  -12.38052  -12.36121  1.00464  0.00004  0.00152  
7680     N/A    0.000542  -12.37329  -12.33253  0.00947  -12.38276  -12.36382  1.00331  0.00022  0.00131  
7700     N/A    0.000919  -12.36863  -12.33192  0.00954  -12.37817  -12.35909  1.00298  0.00015  0.00169  
7720     N/A    0.001349  -12.36330  -12.31366  0.00930  -12.37260  -12.35399  1.00403  0.00060  0.00210  
7740     N/A    0.000689  -12.37147  -12.34529  0.00934  -12.38081  -12.36213  1.00212  0.00007  0.00144  
7760     N/A    0.000739  -12.37085  -12.34853  0.00945  -12.38030  -12.36140  1.00181  0.00002  0.00150  
7780     N/A    0.000717  -12.37113  -12.32215  0.00933  -12.38046  -12.36180  1.00398  0.00004  0.00147  
7800     N/A    0.001000  -12.36763  -12.33461  0.00950  -12.37713  -12.35812  1.00268  0.00023  0.00177  
7820     N/A    0.000875  -12.36917  -12.33003  0.00919  -12.37836  -12.35998  1.00317  0.00013  0.00162  
7840     N/A    0.001258  -12.36443  -12.31633  0.00934  -12.37377  -12.35510  1.00391  0.00050  0.00201  
7860     N/A    0.000700  -12.37134  -12.33733  0.00923  -12.38057  -12.36211  1.00276  0.00005  0.00145  
7880     N/A    0.000235  -12.37709  -12.35560  0.00935  -12.38644  -12.36774  1.00174  0.00052  0.00099  
7900     N/A    0.000558  -12.37309  -12.32818  0.00937  -12.38247  -12.36372  1.00364  0.00020  0.00132  
7920     N/A    0.001100  -12.36639  -12.33532  0.00950  -12.37589  -12.35689  1.00252  0.00033  0.00187  
7940     N/A    0.000673  -12.37166  -12.33595  0.00981  -12.38147  -12.36185  1.00290  0.00012  0.00147  
7960     N/A    0.000978  -12.36789  -12.32455  0.00931  -12.37719  -12.35858  1.00352  0.00023  0.00173  
7980     N/A    0.000566  -12.37299  -12.35014  0.00932  -12.38232  -12.36367  1.00185  0.00019  0.00132  
8000     N/A    0.000932  -12.36846  -12.33168  0.00974  -12.37820  -12.35872  1.00298  0.00015  0.00172  
8020     N/A    0.000714  -12.37116  -12.32220  0.00942  -12.38058  -12.36174  1.00397  0.00005  0.00147  
8040     N/A    0.000409  -12.37494  -12.34625  0.00957  -12.38451  -12.36537  1.00232  0.00036  0.00118  
8060     N/A    0.000603  -12.37254  -12.32642  0.00949  -12.38202  -12.36305  1.00374  0.00016  0.00137  
8080     N/A    0.000813  -12.36993  -12.32071  0.00949  -12.37942  -12.36045  1.00399  0.00005  0.00158  
8100     N/A    0.001184  -12.36535  -12.32195  0.00972  -12.37507  -12.35563  1.00352  0.00040  0.00197  
8120     N/A    0.000588  -12.37272  -12.32643  0.00947  -12.38218  -12.36325  1.00376  0.00018  0.00135  
8140     N/A    0.000693  -12.37142  -12.31806  0.00962  -12.38105  -12.36180  1.00433  0.00008  0.00147  
8160     N/A    0.000454  -12.37438  -12.33040  0.00937  -12.38375  -12.36501  1.00357  0.00030  0.00121  
8180     N/A    0.000725  -12.37102  -12.32525  0.00935  -12.38038  -12.36167  1.00371  0.00003  0.00148  
8200     N/A    0.000949  -12.36825  -12.33142  0.00960  -12.37785  -12.35865  1.00299  0.00017  0.00172  
8220     N/A    0.000522  -12.37354  -12.33064  0.00923  -12.38276  -12.36431  1.00348  0.00022  0.00127  
8240     N/A    0.001174  -12.36546  -12.33811  0.00984  -12.37531  -12.35562  1.00222  0.00038  0.00197  
8260     N/A    0.000652  -12.37193  -12.33701  0.00937  -12.38130  -12.36255  1.00283  0.00011  0.00141  
8280     N/A    0.000523  -12.37352  -12.34345  0.00931  -12.38284  -12.36421  1.00244  0.00023  0.00128  
8300     N/A    0.000649  -12.37196  -12.33763  0.00945  -12.38141  -12.36251  1.00278  0.00011  0.00141  
8320     N/A    0.000335  -12.37586  -12.34403  0.00952  -12.38538  -12.36634  1.00258  0.00043  0.00110  
8340     N/A    0.001150  -12.36576  -12.32552  0.00977  -12.37553  -12.35599  1.00326  0.00036  0.00194  
8360     N/A    0.000643  -12.37204  -12.33424  0.00978  -12.38183  -12.36226  1.00306  0.00015  0.00143  
8380     N/A    0.000708  -12.37123  -12.33164  0.00955  -12.38078  -12.36168  1.00321  0.00006  0.00148  
8400     N/A    0.001299  -12.36392  -12.33224  0.00974  -12.37366  -12.35418  1.00257  0.00051  0.00209  
8420     N/A    0.000761  -12.37058  -12.32316  0.00949  -12.38007  -12.36109  1.00385  0.00001  0.00153  
8440     N/A    0.000620  -12.37232  -12.32157  0.00992  -12.38224  -12.36240  1.00412  0.00018  0.00142  
8460     N/A    0.000625  -12.37226  -12.33391  0.00973  -12.38199  -12.36253  1.00311  0.00016  0.00141  
8480     N/A    0.000560  -12.37307  -12.32442  0.00951  -12.38258  -12.36356  1.00395  0.00021  0.00133  
8500     N/A    0.001216  -12.36494  -12.33829  0.00972  -12.37466  -12.35522  1.00216  0.00043  0.00200  
8520     N/A    0.000596  -12.37263  -12.33133  0.00965  -12.38228  -12.36297  1.00335  0.00018  0.00138  
8540     N/A    0.000999  -12.36763  -12.33342  0.00947  -12.37710  -12.35816  1.00277  0.00023  0.00176  
8560     N/A    0.000628  -12.37222  -12.34087  0.00946  -12.38169  -12.36276  1.00254  0.00014  0.00139  
8580     N/A    0.000684  -12.37153  -12.34497  0.00950  -12.38103  -12.36204  1.00215  0.00008  0.00145  
8600     N/A    0.000281  -12.37652  -12.34480  0.00954  -12.38606  -12.36697  1.00257  0.00049  0.00105  
8620     N/A    0.000290  -12.37641  -12.32964  0.00927  -12.38568  -12.36714  1.00379  0.00046  0.00104  
8640     N/A    0.000640  -12.37208  -12.32346  0.00959  -12.38167  -12.36249  1.00394  0.00013  0.00141  
8660     N/A    0.000637  -12.37211  -12.32141  0.00947  -12.38158  -12.36265  1.00412  0.00013  0.00140  
8680     N/A    0.000927  -12.36852  -12.32787  0.00957  -12.37809  -12.35896  1.00330  0.00015  0.00170  
8700     N/A    0.001060  -12.36687  -12.32003  0.00957  -12.37644  -12.35731  1.00380  0.00029  0.00183  
8720     N/A    0.001081  -12.36661  -12.33268  0.00939  -12.37601  -12.35722  1.00275  0.00032  0.00184  
8740     N/A    0.000497  -12.37385  -12.33161  0.00950  -12.38335  -12.36436  1.00343  0.00027  0.00126  
8760     N/A    0.000734  -12.37091  -12.31718  0.00949  -12.38040  -12.36141  1.00436  0.00003  0.00150  
8780     N/A    0.000501  -12.37380  -12.33014  0.00962  -12.38342  -12.36418  1.00354  0.00028  0.00128  
8800     N/A    0.000941  -12.36835  -12.34267  0.00989  -12.37824  -12.35846  1.00208  0.00014  0.00174  
8820     N/A    0.000974  -12.36794  -12.33546  0.00977  -12.37772  -12.35817  1.00263  0.00018  0.00176  
8840     N/A    0.001193  -12.36523  -12.33302  0.00946  -12.37469  -12.35577  1.00261  0.00043  0.00196  
8860     N/A    0.000732  -12.37094  -12.33217  0.00946  -12.38040  -12.36147  1.00314  0.00003  0.00150  
8880     N/A    0.000744  -12.37079  -12.34196  0.00988  -12.38067  -12.36091  1.00234  0.00005  0.00154  
8900     N/A    0.001416  -12.36247  -12.33107  0.00962  -12.37210  -12.35285  1.00255  0.00064  0.00219  
8920     N/A    0.000641  -12.37206  -12.33184  0.00970  -12.38175  -12.36236  1.00326  0.00014  0.00142  
8940     N/A    0.000782  -12.37032  -12.33624  0.00981  -12.38013  -12.36051  1.00276  0.00001  0.00157  
8960     N/A    0.001361  -12.36314  -12.33815  0.00963  -12.37277  -12.35352  1.00203  0.00058  0.00214  
8980     N/A    0.000712  -12.37118  -12.33295  0.00961  -12.38080  -12.36157  1.00310  0.00006  0.00149  
9000     N/A    0.001186  -12.36532  -12.33576  0.00977  -12.37509  -12.35554  1.00240  0.00040  0.00198  
9020     N/A    0.000573  -12.37291  -12.32023  0.00966  -12.38257  -12.36325  1.00428  0.00021  0.00135  
9040     N/A    0.000549  -12.37321  -12.32370  0.00992  -12.38313  -12.36328  1.00402  0.00025  0.00135  
9060     N/A    0.001021  -12.36735  -12.31697  0.00976  -12.37711  -12.35760  1.00409  0.00023  0.00181  
9080     N/A    0.000843  -12.36956  -12.33631  0.00950  -12.37906  -12.36006  1.00270  0.00008  0.00161  
9100     N/A    0.000997  -12.36766  -12.31611  0.00948  -12.37714  -12.35817  1.00418  0.00023  0.00176  
9120     N/A    0.000733  -12.37093  -12.33611  0.00992  -12.38085  -12.36101  1.00282  0.00007  0.00153  
9140     N/A    0.001016  -12.36742  -12.34246  0.00956  -12.37698  -12.35786  1.00202  0.00024  0.00179  
9160     N/A    0.001096  -12.36643  -12.32688  0.00952  -12.37594  -12.35691  1.00321  0.00033  0.00187  
9180     N/A    0.001072  -12.36673  -12.33227  0.00971  -12.37644  -12.35703  1.00279  0.00029  0.00186  
9200     N/A    0.001176  -12.36544  -12.32603  0.00928  -12.37472  -12.35616  1.00320  0.00043  0.00193  
9220     N/A    0.001140  -12.36589  -12.33319  0.00988  -12.37577  -12.35600  1.00265  0.00034  0.00194  
9240     N/A    0.000633  -12.37216  -12.32187  0.00965  -12.38181  -12.36251  1.00408  0.00015  0.00141  
9260     N/A    0.000278  -12.37656  -12.33589  0.00988  -12.38644  -12.36668  1.00330  0.00052  0.00108  
9280     N/A    0.001456  -12.36198  -12.31830  0.00958  -12.37156  -12.35240  1.00355  0.00068  0.00223  
9300     N/A    0.000774  -12.37042  -12.32470  0.00963  -12.38004  -12.36079  1.00371  0.00000  0.00155  
9320     N/A    0.000717  -12.37112  -12.32618  0.00959  -12.38071  -12.36153  1.00365  0.00006  0.00149  
9340     N/A    0.000541  -12.37330  -12.32903  0.00972  -12.38301  -12.36358  1.00359  0.00024  0.00133  
9360     N/A    0.000630  -12.37220  -12.32503  0.00957  -12.38177  -12.36263  1.00383  0.00014  0.00140  
9380     N/A    0.000657  -12.37186  -12.33070  0.00957  -12.38143  -12.36229  1.00334  0.00012  0.00143  
9400     N/A    0.000981  -12.36785  -12.33498  0.00955  -12.37741  -12.35830  1.00267  0.00021  0.00175  
9420     N/A    0.000791  -12.37020  -12.32223  0.00975  -12.37995  -12.36046  1.00389  0.00000  0.00158  
9440     N/A    0.001392  -12.36277  -12.33337  0.00984  -12.37261  -12.35293  1.00238  0.00060  0.00219  
9460     N/A    0.001158  -12.36566  -12.31729  0.00946  -12.37512  -12.35621  1.00393  0.00039  0.00192  
9480     N/A    0.000541  -12.37330  -12.33771  0.00967  -12.38297  -12.36363  1.00288  0.00024  0.00132  
9500     N/A    0.001138  -12.36592  -12.33173  0.00983  -12.37575  -12.35608  1.00277  0.00034  0.00193  
9520     N/A    0.001236  -12.36469  -12.32420  0.00968  -12.37437  -12.35502  1.00329  0.00045  0.00202  
9540     N/A    0.001265  -12.36434  -12.33935  0.00994  -12.37428  -12.35440  1.00203  0.00046  0.00207  
9560     N/A    0.001007  -12.36754  -12.32712  0.00957  -12.37711  -12.35796  1.00328  0.00023  0.00178  
9580     N/A    0.000862  -12.36933  -12.33885  0.00972  -12.37905  -12.35961  1.00247  0.00008  0.00165  
9600     N/A    0.001221  -12.36488  -12.32830  0.00979  -12.37466  -12.35509  1.00297  0.00043  0.00201  
9620     N/A    0.000597  -12.37261  -12.33305  0.00953  -12.38214  -12.36309  1.00321  0.00017  0.00137  
9640     N/A    0.000886  -12.36903  -12.33410  0.00965  -12.37868  -12.35939  1.00283  0.00011  0.00166  
9660     N/A    0.000857  -12.36939  -12.32460  0.00995  -12.37933  -12.35944  1.00363  0.00005  0.00166  
9680     N/A    0.001240  -12.36465  -12.32717  0.00966  -12.37431  -12.35499  1.00304  0.00046  0.00202  
9700     N/A    0.001134  -12.36596  -12.32002  0.00991  -12.37587  -12.35604  1.00373  0.00033  0.00194  
9720     N/A    0.000680  -12.37158  -12.33825  0.00958  -12.38116  -12.36200  1.00270  0.00009  0.00145  
9740     N/A    0.001134  -12.36596  -12.32723  0.00946  -12.37542  -12.35650  1.00314  0.00037  0.00190  
9760     N/A    0.000925  -12.36855  -12.32837  0.00983  -12.37838  -12.35871  1.00326  0.00013  0.00172  
9780     N/A    0.000574  -12.37290  -12.32413  0.00953  -12.38243  -12.36336  1.00396  0.00020  0.00134  
9800     N/A    0.000965  -12.36806  -12.33468  0.00943  -12.37749  -12.35863  1.00271  0.00020  0.00173  
9820     N/A    0.001009  -12.36751  -12.31798  0.00963  -12.37714  -12.35788  1.00402  0.00023  0.00179  
9840     N/A    0.000754  -12.37066  -12.33846  0.00950  -12.38016  -12.36116  1.00261  0.00001  0.00152  
9860     N/A    0.000800  -12.37009  -12.34327  0.00982  -12.37991  -12.36027  1.00217  0.00001  0.00159  
9880     N/A    0.000564  -12.37302  -12.32489  0.00951  -12.38254  -12.36351  1.00391  0.00020  0.00133  
9900     N/A    0.000887  -12.36902  -12.32098  0.00974  -12.37877  -12.35928  1.00390  0.00010  0.00167  
9920     N/A    0.001122  -12.36611  -12.31959  0.00971  -12.37582  -12.35640  1.00378  0.00034  0.00191  
9940     N/A    0.000827  -12.36977  -12.34685  0.00977  -12.37953  -12.36000  1.00186  0.00004  0.00162  
9960     N/A    0.000695  -12.37139  -12.33066  0.01005  -12.38144  -12.36134  1.00330  0.00012  0.00151  
9980     N/A    0.001161  -12.36563  -12.33546  0.00981  -12.37545  -12.35582  1.00245  0.00037  0.00195  
10000     N/A    0.000188  -12.37767  -12.34690  0.00947  -12.38714  -12.36819  1.00249  0.00058  0.00095  
