nh: 5
samples1: 2500
samples2: 5000
burn_in: 500
steps: 100
Exact H:-12.38
   Fidelity  ROE       Mean      Median    CI Width LL on CI  UL on CI  mmRatio  Min Err  Max Err
20     N/A    0.184962  -10.09017  -10.76924  0.10817  -10.19834  -9.98200  0.93694  0.17622  0.19370  
40     N/A    0.184900  -10.09094  -10.62488  0.10575  -10.19669  -9.98520  0.94975  0.17636  0.19344  
60     N/A    0.178250  -10.17327  -10.51919  0.10483  -10.27810  -10.06844  0.96712  0.16978  0.18672  
80     N/A    0.163291  -10.35846  -10.50213  0.10593  -10.46439  -10.25253  0.98632  0.15473  0.17185  
100     N/A    0.153814  -10.47579  -10.53395  0.10117  -10.57696  -10.37461  0.99448  0.14564  0.16199  
120     N/A    0.144518  -10.59087  -10.68781  0.09927  -10.69013  -10.49160  0.99093  0.13650  0.15254  
140     N/A    0.132126  -10.74428  -10.83903  0.09810  -10.84238  -10.64618  0.99126  0.12420  0.14005  
160     N/A    0.123492  -10.85117  -11.04396  0.09515  -10.94632  -10.75603  0.98254  0.11581  0.13118  
180     N/A    0.119001  -10.90677  -11.17684  0.09281  -10.99958  -10.81396  0.97584  0.11150  0.12650  
200     N/A    0.108711  -11.03416  -11.21090  0.09126  -11.12542  -10.94289  0.98423  0.10134  0.11608  
220     N/A    0.105500  -11.07390  -11.23775  0.08885  -11.16276  -10.98505  0.98542  0.09832  0.11268  
240     N/A    0.097628  -11.17136  -11.34932  0.08634  -11.25771  -11.08502  0.98432  0.09065  0.10460  
260     N/A    0.087278  -11.29950  -11.48240  0.08438  -11.38388  -11.21512  0.98407  0.08046  0.09409  
280     N/A    0.089907  -11.26695  -11.50288  0.08282  -11.34977  -11.18413  0.97949  0.08322  0.09660  
300     N/A    0.081949  -11.36548  -11.60910  0.08037  -11.44585  -11.28510  0.97901  0.07546  0.08844  
320     N/A    0.074728  -11.45487  -11.63964  0.07673  -11.53159  -11.37814  0.98413  0.06853  0.08093  
340     N/A    0.068758  -11.52878  -11.69820  0.07600  -11.60477  -11.45278  0.98552  0.06262  0.07490  
360     N/A    0.063385  -11.59529  -11.71850  0.07383  -11.66912  -11.52146  0.98949  0.05742  0.06935  
380     N/A    0.058749  -11.65269  -11.86417  0.07194  -11.72463  -11.58075  0.98217  0.05294  0.06456  
400     N/A    0.058071  -11.66108  -11.85100  0.07018  -11.73126  -11.59090  0.98397  0.05240  0.06374  
420     N/A    0.057025  -11.67403  -11.84605  0.06821  -11.74224  -11.60582  0.98548  0.05152  0.06253  
440     N/A    0.051392  -11.74376  -12.01573  0.06710  -11.81087  -11.67666  0.97737  0.04597  0.05681  
460     N/A    0.051199  -11.74615  -11.96096  0.06614  -11.81229  -11.68001  0.98204  0.04586  0.05654  
480     N/A    0.041729  -11.86339  -12.18282  0.06318  -11.92657  -11.80022  0.97378  0.03663  0.04683  
500     N/A    0.042317  -11.85611  -12.18761  0.06310  -11.91921  -11.79301  0.97280  0.03722  0.04741  
520     N/A    0.040774  -11.87522  -12.16051  0.06093  -11.93615  -11.81429  0.97654  0.03585  0.04570  
540     N/A    0.044371  -11.83068  -12.09281  0.05907  -11.88975  -11.77161  0.97832  0.03960  0.04914  
560     N/A    0.043661  -11.83948  -12.09449  0.05958  -11.89906  -11.77989  0.97891  0.03885  0.04847  
580     N/A    0.038218  -11.90686  -12.20237  0.05838  -11.96524  -11.84848  0.97578  0.03350  0.04293  
600     N/A    0.037190  -11.91959  -12.25755  0.05825  -11.97784  -11.86134  0.97243  0.03248  0.04190  
620     N/A    0.038703  -11.90086  -12.24005  0.05694  -11.95780  -11.84392  0.97229  0.03410  0.04330  
640     N/A    0.036431  -11.92898  -12.21772  0.05679  -11.98577  -11.87219  0.97637  0.03184  0.04102  
660     N/A    0.037529  -11.91539  -12.23137  0.05611  -11.97150  -11.85928  0.97417  0.03300  0.04206  
680     N/A    0.035930  -11.93519  -12.23576  0.05410  -11.98929  -11.88108  0.97543  0.03156  0.04030  
700     N/A    0.033225  -11.96868  -12.27764  0.05410  -12.02277  -11.91458  0.97484  0.02886  0.03759  
720     N/A    0.029006  -12.02091  -12.31501  0.05326  -12.07417  -11.96765  0.97612  0.02470  0.03331  
740     N/A    0.029537  -12.01433  -12.31389  0.05293  -12.06726  -11.96140  0.97567  0.02526  0.03381  
760     N/A    0.029190  -12.01863  -12.32821  0.05380  -12.07243  -11.96483  0.97489  0.02484  0.03354  
780     N/A    0.030024  -12.00830  -12.28992  0.05219  -12.06049  -11.95610  0.97709  0.02581  0.03424  
800     N/A    0.031788  -11.98647  -12.23720  0.05150  -12.03796  -11.93497  0.97951  0.02763  0.03595  
820     N/A    0.026009  -12.05800  -12.36324  0.05186  -12.10986  -12.00615  0.97531  0.02182  0.03020  
840     N/A    0.030732  -11.99954  -12.24581  0.05099  -12.05052  -11.94855  0.97989  0.02661  0.03485  
860     N/A    0.026064  -12.05732  -12.36426  0.04946  -12.10678  -12.00786  0.97518  0.02207  0.03006  
880     N/A    0.027127  -12.04417  -12.32716  0.05010  -12.09427  -11.99408  0.97704  0.02308  0.03117  
900     N/A    0.026548  -12.05134  -12.34090  0.04823  -12.09956  -12.00311  0.97654  0.02265  0.03044  
920     N/A    0.027021  -12.04548  -12.34339  0.04829  -12.09377  -11.99719  0.97586  0.02312  0.03092  
940     N/A    0.024783  -12.07319  -12.35487  0.04758  -12.12077  -12.02561  0.97720  0.02094  0.02863  
960     N/A    0.022083  -12.10661  -12.41827  0.04657  -12.15319  -12.06004  0.97490  0.01832  0.02584  
980     N/A    0.022554  -12.10078  -12.33229  0.04628  -12.14706  -12.05450  0.98123  0.01882  0.02629  
1000     N/A    0.026322  -12.05414  -12.34115  0.04572  -12.09985  -12.00842  0.97674  0.02263  0.03001  
1020     N/A    0.021748  -12.11075  -12.35437  0.04555  -12.15630  -12.06521  0.98028  0.01807  0.02543  
1040     N/A    0.024389  -12.07806  -12.35364  0.04568  -12.12374  -12.03239  0.97769  0.02070  0.02808  
1060     N/A    0.018915  -12.14584  -12.47709  0.04414  -12.18997  -12.10170  0.97345  0.01535  0.02248  
1080     N/A    0.022128  -12.10606  -12.46141  0.04412  -12.15017  -12.06194  0.97148  0.01856  0.02569  
1100     N/A    0.018549  -12.15036  -12.47099  0.04347  -12.19384  -12.10689  0.97429  0.01504  0.02206  
1120     N/A    0.020031  -12.13202  -12.49587  0.04269  -12.17471  -12.08933  0.97088  0.01658  0.02348  
1140     N/A    0.018335  -12.15302  -12.46940  0.04255  -12.19557  -12.11046  0.97463  0.01490  0.02177  
1160     N/A    0.020334  -12.12827  -12.41571  0.04181  -12.17008  -12.08647  0.97685  0.01696  0.02371  
1180     N/A    0.016715  -12.17307  -12.49696  0.04059  -12.21366  -12.13248  0.97408  0.01344  0.01999  
1200     N/A    0.016968  -12.16993  -12.49915  0.04059  -12.21052  -12.12934  0.97366  0.01369  0.02025  
1220     N/A    0.015675  -12.18595  -12.50980  0.04077  -12.22672  -12.14518  0.97411  0.01238  0.01897  
1240     N/A    0.017332  -12.16543  -12.48503  0.04007  -12.20550  -12.12537  0.97440  0.01410  0.02057  
1260     N/A    0.016048  -12.18132  -12.49663  0.03946  -12.22079  -12.14186  0.97477  0.01286  0.01924  
1280     N/A    0.016553  -12.17507  -12.48548  0.03850  -12.21357  -12.13657  0.97514  0.01344  0.01966  
1300     N/A    0.014859  -12.19604  -12.48836  0.03794  -12.23398  -12.15810  0.97659  0.01180  0.01792  
1320     N/A    0.014980  -12.19455  -12.47982  0.03722  -12.23177  -12.15732  0.97714  0.01197  0.01799  
1340     N/A    0.015533  -12.18770  -12.47088  0.03768  -12.22538  -12.15002  0.97729  0.01249  0.01858  
1360     N/A    0.013263  -12.21580  -12.46903  0.03697  -12.25277  -12.17883  0.97969  0.01028  0.01625  
1380     N/A    0.013580  -12.21188  -12.46622  0.03587  -12.24775  -12.17601  0.97960  0.01068  0.01648  
1400     N/A    0.013358  -12.21463  -12.44373  0.03623  -12.25086  -12.17840  0.98159  0.01043  0.01628  
1420     N/A    0.014417  -12.20152  -12.45471  0.03587  -12.23739  -12.16565  0.97967  0.01152  0.01731  
1440     N/A    0.011300  -12.24010  -12.44597  0.03591  -12.27601  -12.20419  0.98346  0.00840  0.01420  
1460     N/A    0.011509  -12.23752  -12.43723  0.03535  -12.27287  -12.20217  0.98394  0.00865  0.01436  
1480     N/A    0.010977  -12.24411  -12.42389  0.03448  -12.27858  -12.20963  0.98553  0.00819  0.01376  
1500     N/A    0.011417  -12.23866  -12.42819  0.03388  -12.27254  -12.20477  0.98475  0.00868  0.01415  
1520     N/A    0.011402  -12.23884  -12.43064  0.03357  -12.27241  -12.20527  0.98457  0.00869  0.01411  
1540     N/A    0.010223  -12.25344  -12.43351  0.03318  -12.28662  -12.22026  0.98552  0.00754  0.01290  
1560     N/A    0.009363  -12.26408  -12.42878  0.03274  -12.29682  -12.23134  0.98675  0.00672  0.01201  
1580     N/A    0.009427  -12.26330  -12.43787  0.03264  -12.29594  -12.23065  0.98596  0.00679  0.01206  
1600     N/A    0.010045  -12.25564  -12.40914  0.03238  -12.28803  -12.22326  0.98763  0.00743  0.01266  
1620     N/A    0.010187  -12.25388  -12.40659  0.03200  -12.28589  -12.22188  0.98769  0.00760  0.01277  
1640     N/A    0.009386  -12.26380  -12.42037  0.03174  -12.29554  -12.23206  0.98739  0.00682  0.01195  
1660     N/A    0.008070  -12.28009  -12.40852  0.03105  -12.31115  -12.24904  0.98965  0.00556  0.01058  
1680     N/A    0.012008  -12.23134  -12.39986  0.03184  -12.26317  -12.19950  0.98641  0.00944  0.01458  
1700     N/A    0.008238  -12.27802  -12.39680  0.03038  -12.30840  -12.24764  0.99042  0.00578  0.01069  
1720     N/A    0.008262  -12.27772  -12.42144  0.02991  -12.30762  -12.24781  0.98843  0.00585  0.01068  
1740     N/A    0.008366  -12.27642  -12.41931  0.03052  -12.30695  -12.24590  0.98850  0.00590  0.01083  
1760     N/A    0.008970  -12.26895  -12.37606  0.02915  -12.29810  -12.23980  0.99135  0.00662  0.01132  
1780     N/A    0.007583  -12.28613  -12.42108  0.02973  -12.31586  -12.25640  0.98914  0.00518  0.00998  
1800     N/A    0.008146  -12.27915  -12.42778  0.02938  -12.30854  -12.24977  0.98804  0.00577  0.01052  
1820     N/A    0.008657  -12.27282  -12.39558  0.02985  -12.30267  -12.24297  0.99010  0.00625  0.01107  
1840     N/A    0.008028  -12.28061  -12.39093  0.02949  -12.31010  -12.25112  0.99110  0.00565  0.01041  
1860     N/A    0.006879  -12.29483  -12.42930  0.02856  -12.32339  -12.26627  0.98918  0.00457  0.00919  
1880     N/A    0.007561  -12.28640  -12.43602  0.02917  -12.31557  -12.25722  0.98797  0.00520  0.00992  
1900     N/A    0.008267  -12.27766  -12.42642  0.02759  -12.30525  -12.25006  0.98803  0.00604  0.01050  
1920     N/A    0.007870  -12.28257  -12.41573  0.02812  -12.31069  -12.25445  0.98928  0.00560  0.01014  
1940     N/A    0.006822  -12.29554  -12.41521  0.02749  -12.32303  -12.26805  0.99036  0.00460  0.00904  
1960     N/A    0.008311  -12.27710  -12.42888  0.02844  -12.30554  -12.24867  0.98779  0.00601  0.01061  
1980     N/A    0.007603  -12.28588  -12.39579  0.02789  -12.31376  -12.25799  0.99113  0.00535  0.00986  
2000     N/A    0.007852  -12.28279  -12.41147  0.02767  -12.31046  -12.25512  0.98963  0.00562  0.01009  
2020     N/A    0.006334  -12.30158  -12.41925  0.02735  -12.32893  -12.27423  0.99053  0.00412  0.00854  
2040     N/A    0.007744  -12.28413  -12.40861  0.02684  -12.31097  -12.25729  0.98997  0.00558  0.00991  
2060     N/A    0.006373  -12.30111  -12.42834  0.02715  -12.32826  -12.27395  0.98976  0.00418  0.00857  
2080     N/A    0.007196  -12.29092  -12.43780  0.02565  -12.31657  -12.26526  0.98819  0.00512  0.00927  
2100     N/A    0.004787  -12.32074  -12.42329  0.02709  -12.34783  -12.29365  0.99175  0.00260  0.00697  
2120     N/A    0.006210  -12.30312  -12.41065  0.02685  -12.32998  -12.27627  0.99134  0.00404  0.00838  
2140     N/A    0.008890  -12.26994  -12.39713  0.02602  -12.29596  -12.24392  0.98974  0.00679  0.01099  
2160     N/A    0.006653  -12.29763  -12.39218  0.02667  -12.32431  -12.27096  0.99237  0.00450  0.00881  
2180     N/A    0.006580  -12.29854  -12.39123  0.02600  -12.32454  -12.27255  0.99252  0.00448  0.00868  
2200     N/A    0.005653  -12.31001  -12.41246  0.02576  -12.33577  -12.28425  0.99175  0.00357  0.00773  
2220     N/A    0.007571  -12.28627  -12.40097  0.02561  -12.31187  -12.26066  0.99075  0.00550  0.00964  
2240     N/A    0.005669  -12.30982  -12.43205  0.02614  -12.33596  -12.28368  0.99017  0.00356  0.00778  
2260     N/A    0.005361  -12.31363  -12.45512  0.02542  -12.33905  -12.28820  0.98864  0.00331  0.00741  
2280     N/A    0.006686  -12.29723  -12.37615  0.02494  -12.32217  -12.27229  0.99362  0.00467  0.00870  
2300     N/A    0.007539  -12.28667  -12.39472  0.02591  -12.31258  -12.26076  0.99128  0.00545  0.00963  
2320     N/A    0.006655  -12.29761  -12.41005  0.02514  -12.32274  -12.27247  0.99094  0.00462  0.00869  
2340     N/A    0.006947  -12.29400  -12.36711  0.02519  -12.31919  -12.26881  0.99409  0.00491  0.00898  
2360     N/A    0.007003  -12.29331  -12.40976  0.02462  -12.31793  -12.26869  0.99062  0.00501  0.00899  
2380     N/A    0.005276  -12.31468  -12.39550  0.02497  -12.33965  -12.28971  0.99348  0.00326  0.00729  
2400     N/A    0.005370  -12.31351  -12.43647  0.02480  -12.33832  -12.28871  0.99011  0.00337  0.00737  
2420     N/A    0.006392  -12.30087  -12.38443  0.02473  -12.32560  -12.27614  0.99325  0.00439  0.00839  
2440     N/A    0.005173  -12.31596  -12.44826  0.02447  -12.34044  -12.29149  0.98937  0.00320  0.00715  
2460     N/A    0.006486  -12.29971  -12.41500  0.02456  -12.32427  -12.27515  0.99071  0.00450  0.00847  
2480     N/A    0.005103  -12.31683  -12.41390  0.02397  -12.34080  -12.29286  0.99218  0.00317  0.00704  
2500     N/A    0.004676  -12.32211  -12.39041  0.02398  -12.34609  -12.29812  0.99449  0.00274  0.00661  
2520     N/A    0.006120  -12.30424  -12.40637  0.02425  -12.32848  -12.27999  0.99177  0.00416  0.00808  
2540     N/A    0.006179  -12.30350  -12.40718  0.02430  -12.32780  -12.27920  0.99164  0.00422  0.00814  
2560     N/A    0.005603  -12.31064  -12.40477  0.02472  -12.33536  -12.28592  0.99241  0.00361  0.00760  
2580     N/A    0.005640  -12.31018  -12.38875  0.02383  -12.33401  -12.28635  0.99366  0.00371  0.00756  
2600     N/A    0.005559  -12.31118  -12.38798  0.02434  -12.33552  -12.28684  0.99380  0.00359  0.00753  
2620     N/A    0.005824  -12.30790  -12.39056  0.02319  -12.33108  -12.28471  0.99333  0.00395  0.00770  
2640     N/A    0.003378  -12.33818  -12.42878  0.02360  -12.36178  -12.31458  0.99271  0.00147  0.00528  
2660     N/A    0.005689  -12.30957  -12.39558  0.02401  -12.33358  -12.28557  0.99306  0.00375  0.00763  
2680     N/A    0.004653  -12.32239  -12.40028  0.02349  -12.34589  -12.29890  0.99372  0.00276  0.00655  
2700     N/A    0.004591  -12.32316  -12.42990  0.02328  -12.34644  -12.29989  0.99141  0.00271  0.00647  
2720     N/A    0.004772  -12.32093  -12.39601  0.02371  -12.34463  -12.29722  0.99394  0.00286  0.00669  
2740     N/A    0.005873  -12.30730  -12.38576  0.02271  -12.33000  -12.28459  0.99366  0.00404  0.00771  
2760     N/A    0.004182  -12.32823  -12.40346  0.02247  -12.35070  -12.30576  0.99394  0.00237  0.00600  
2780     N/A    0.006046  -12.30516  -12.36463  0.02345  -12.32860  -12.28171  0.99519  0.00415  0.00794  
2800     N/A    0.005772  -12.30854  -12.37599  0.02345  -12.33199  -12.28508  0.99455  0.00388  0.00767  
2820     N/A    0.006423  -12.30048  -12.41483  0.02310  -12.32358  -12.27738  0.99079  0.00456  0.00829  
2840     N/A    0.004634  -12.32263  -12.42422  0.02280  -12.34543  -12.29983  0.99182  0.00279  0.00648  
2860     N/A    0.003478  -12.33694  -12.39155  0.02299  -12.35993  -12.31395  0.99559  0.00162  0.00533  
2880     N/A    0.005275  -12.31470  -12.40258  0.02239  -12.33709  -12.29230  0.99291  0.00347  0.00708  
2900     N/A    0.004185  -12.32819  -12.43435  0.02352  -12.35172  -12.30467  0.99146  0.00228  0.00608  
2920     N/A    0.005268  -12.31478  -12.42955  0.02313  -12.33791  -12.29164  0.99077  0.00340  0.00714  
2940     N/A    0.005414  -12.31297  -12.41790  0.02332  -12.33629  -12.28966  0.99155  0.00353  0.00730  
2960     N/A    0.005992  -12.30582  -12.38341  0.02235  -12.32818  -12.28347  0.99373  0.00419  0.00780  
2980     N/A    0.004065  -12.32968  -12.40948  0.02293  -12.35261  -12.30674  0.99357  0.00221  0.00592  
3000     N/A    0.004115  -12.32906  -12.43487  0.02237  -12.35143  -12.30669  0.99149  0.00231  0.00592  
3020     N/A    0.005134  -12.31644  -12.41639  0.02206  -12.33850  -12.29438  0.99195  0.00335  0.00692  
3040     N/A    0.004587  -12.32321  -12.41641  0.02197  -12.34518  -12.30123  0.99249  0.00281  0.00636  
3060     N/A    0.004735  -12.32139  -12.38612  0.02209  -12.34347  -12.29930  0.99477  0.00295  0.00652  
3080     N/A    0.005235  -12.31518  -12.40094  0.02249  -12.33767  -12.29270  0.99308  0.00342  0.00705  
3100     N/A    0.005082  -12.31708  -12.39524  0.02219  -12.33927  -12.29489  0.99369  0.00329  0.00688  
3120     N/A    0.004649  -12.32245  -12.38264  0.02204  -12.34449  -12.30041  0.99514  0.00287  0.00643  
3140     N/A    0.004218  -12.32778  -12.41230  0.02178  -12.34956  -12.30600  0.99319  0.00246  0.00598  
3160     N/A    0.004088  -12.32939  -12.41981  0.02206  -12.35145  -12.30733  0.99272  0.00231  0.00587  
3180     N/A    0.004784  -12.32077  -12.40127  0.02209  -12.34286  -12.29867  0.99351  0.00300  0.00657  
3200     N/A    0.003734  -12.33378  -12.38717  0.02126  -12.35504  -12.31252  0.99569  0.00202  0.00545  
3220     N/A    0.005544  -12.31137  -12.40600  0.02148  -12.33285  -12.28989  0.99237  0.00381  0.00728  
3240     N/A    0.004982  -12.31832  -12.39413  0.02208  -12.34041  -12.29624  0.99388  0.00320  0.00677  
3260     N/A    0.005218  -12.31540  -12.39314  0.02201  -12.33740  -12.29339  0.99373  0.00344  0.00700  
3280     N/A    0.003862  -12.33219  -12.41508  0.02187  -12.35405  -12.31032  0.99332  0.00210  0.00563  
3300     N/A    0.002917  -12.34388  -12.41716  0.02094  -12.36482  -12.32294  0.99410  0.00123  0.00461  
3320     N/A    0.004632  -12.32266  -12.38849  0.02134  -12.34400  -12.30131  0.99469  0.00291  0.00636  
3340     N/A    0.005024  -12.31781  -12.37006  0.02102  -12.33883  -12.29679  0.99578  0.00333  0.00672  
3360     N/A    0.005542  -12.31139  -12.41681  0.02094  -12.33233  -12.29046  0.99151  0.00385  0.00723  
3380     N/A    0.003772  -12.33330  -12.41175  0.02163  -12.35493  -12.31167  0.99368  0.00202  0.00552  
3400     N/A    0.003980  -12.33073  -12.41770  0.02092  -12.35165  -12.30981  0.99300  0.00229  0.00567  
3420     N/A    0.004462  -12.32476  -12.42347  0.02153  -12.34630  -12.30323  0.99205  0.00272  0.00620  
3440     N/A    0.004810  -12.32045  -12.40164  0.02120  -12.34165  -12.29924  0.99345  0.00310  0.00652  
3460     N/A    0.003978  -12.33075  -12.41386  0.02075  -12.35150  -12.31000  0.99331  0.00230  0.00565  
3480     N/A    0.004854  -12.31991  -12.42349  0.02151  -12.34142  -12.29840  0.99166  0.00312  0.00659  
3500     N/A    0.005056  -12.31741  -12.39241  0.02101  -12.33843  -12.29640  0.99395  0.00336  0.00675  
3520     N/A    0.005037  -12.31764  -12.39374  0.02063  -12.33827  -12.29701  0.99386  0.00337  0.00670  
3540     N/A    0.004502  -12.32427  -12.39561  0.02044  -12.34471  -12.30383  0.99424  0.00285  0.00615  
3560     N/A    0.005551  -12.31127  -12.37109  0.02122  -12.33249  -12.29005  0.99516  0.00384  0.00727  
3580     N/A    0.004449  -12.32492  -12.39914  0.02050  -12.34542  -12.30442  0.99401  0.00279  0.00610  
3600     N/A    0.003170  -12.34075  -12.40340  0.02028  -12.36103  -12.32047  0.99495  0.00153  0.00481  
3620     N/A    0.004924  -12.31904  -12.40829  0.02069  -12.33973  -12.29834  0.99281  0.00325  0.00660  
3640     N/A    0.003916  -12.33152  -12.42163  0.02074  -12.35227  -12.31078  0.99275  0.00224  0.00559  
3660     N/A    0.004117  -12.32903  -12.38659  0.02044  -12.34948  -12.30859  0.99535  0.00247  0.00577  
3680     N/A    0.004441  -12.32502  -12.40662  0.02017  -12.34519  -12.30485  0.99342  0.00281  0.00607  
3700     N/A    0.004478  -12.32456  -12.38246  0.02050  -12.34506  -12.30406  0.99532  0.00282  0.00613  
3720     N/A    0.003444  -12.33736  -12.40142  0.02037  -12.35773  -12.31699  0.99483  0.00180  0.00509  
3740     N/A    0.003777  -12.33324  -12.39048  0.02126  -12.35450  -12.31199  0.99538  0.00206  0.00549  
3760     N/A    0.003432  -12.33751  -12.37746  0.02046  -12.35797  -12.31704  0.99677  0.00178  0.00509  
3780     N/A    0.004546  -12.32372  -12.38836  0.02052  -12.34424  -12.30320  0.99478  0.00289  0.00620  
3800     N/A    0.005060  -12.31735  -12.38487  0.02015  -12.33751  -12.29720  0.99455  0.00343  0.00669  
3820     N/A    0.004927  -12.31901  -12.36876  0.02008  -12.33908  -12.29893  0.99598  0.00330  0.00655  
3840     N/A    0.004017  -12.33027  -12.38938  0.01969  -12.34996  -12.31058  0.99523  0.00243  0.00561  
3860     N/A    0.003609  -12.33532  -12.40138  0.02037  -12.35569  -12.31496  0.99467  0.00196  0.00525  
3880     N/A    0.003153  -12.34096  -12.40305  0.02022  -12.36119  -12.32074  0.99499  0.00152  0.00479  
3900     N/A    0.005041  -12.31759  -12.39702  0.02004  -12.33763  -12.29755  0.99359  0.00342  0.00666  
3920     N/A    0.004438  -12.32506  -12.43400  0.02035  -12.34541  -12.30471  0.99124  0.00279  0.00608  
3940     N/A    0.004443  -12.32499  -12.41797  0.01986  -12.34486  -12.30513  0.99251  0.00284  0.00605  
3960     N/A    0.003648  -12.33484  -12.41471  0.02004  -12.35489  -12.31480  0.99357  0.00203  0.00527  
3980     N/A    0.004344  -12.32622  -12.39431  0.01946  -12.34568  -12.30675  0.99451  0.00277  0.00592  
4000     N/A    0.004849  -12.31997  -12.36952  0.01987  -12.33984  -12.30010  0.99599  0.00324  0.00645  
4020     N/A    0.003619  -12.33519  -12.38951  0.01960  -12.35479  -12.31560  0.99562  0.00204  0.00520  
4040     N/A    0.003942  -12.33120  -12.38521  0.02017  -12.35137  -12.31103  0.99564  0.00231  0.00557  
4060     N/A    0.003024  -12.34257  -12.40262  0.01934  -12.36191  -12.32322  0.99516  0.00146  0.00459  
4080     N/A    0.003226  -12.34007  -12.39290  0.01996  -12.36002  -12.32011  0.99574  0.00161  0.00484  
4100     N/A    0.004881  -12.31957  -12.38642  0.01957  -12.33914  -12.30000  0.99460  0.00330  0.00646  
4120     N/A    0.003635  -12.33500  -12.41644  0.01952  -12.35452  -12.31548  0.99344  0.00206  0.00521  
4140     N/A    0.003492  -12.33677  -12.39102  0.01949  -12.35626  -12.31727  0.99562  0.00192  0.00507  
4160     N/A    0.004512  -12.32414  -12.39548  0.01967  -12.34382  -12.30447  0.99425  0.00292  0.00610  
4180     N/A    0.002937  -12.34364  -12.38510  0.01907  -12.36271  -12.32457  0.99665  0.00140  0.00448  
4200     N/A    0.004257  -12.32730  -12.39497  0.01954  -12.34684  -12.30776  0.99454  0.00268  0.00584  
4220     N/A    0.004272  -12.32711  -12.39124  0.01858  -12.34569  -12.30853  0.99482  0.00277  0.00577  
4240     N/A    0.002581  -12.34804  -12.39371  0.01906  -12.36710  -12.32898  0.99632  0.00104  0.00412  
4260     N/A    0.004367  -12.32594  -12.42923  0.01898  -12.34492  -12.30696  0.99169  0.00283  0.00590  
4280     N/A    0.003797  -12.33300  -12.38980  0.01920  -12.35220  -12.31380  0.99542  0.00225  0.00535  
4300     N/A    0.003405  -12.33785  -12.39927  0.01955  -12.35740  -12.31830  0.99505  0.00183  0.00498  
4320     N/A    0.003510  -12.33654  -12.37721  0.01932  -12.35586  -12.31722  0.99671  0.00195  0.00507  
4340     N/A    0.003982  -12.33070  -12.39071  0.01897  -12.34968  -12.31173  0.99516  0.00245  0.00551  
4360     N/A    0.004353  -12.32611  -12.38804  0.01864  -12.34475  -12.30747  0.99500  0.00285  0.00586  
4380     N/A    0.003833  -12.33254  -12.40024  0.01880  -12.35134  -12.31374  0.99454  0.00231  0.00535  
4400     N/A    0.004283  -12.32698  -12.40446  0.01909  -12.34607  -12.30789  0.99375  0.00274  0.00582  
4420     N/A    0.004526  -12.32397  -12.37989  0.01874  -12.34271  -12.30523  0.99548  0.00301  0.00604  
4440     N/A    0.003707  -12.33410  -12.39636  0.01901  -12.35312  -12.31509  0.99498  0.00217  0.00524  
4460     N/A    0.003226  -12.34006  -12.40105  0.01897  -12.35903  -12.32109  0.99508  0.00169  0.00476  
4480     N/A    0.003274  -12.33947  -12.40497  0.01878  -12.35825  -12.32069  0.99472  0.00176  0.00479  
4500     N/A    0.003613  -12.33527  -12.38361  0.01877  -12.35404  -12.31651  0.99610  0.00210  0.00513  
4520     N/A    0.003803  -12.33292  -12.42518  0.01851  -12.35144  -12.31441  0.99258  0.00231  0.00530  
4540     N/A    0.002604  -12.34777  -12.41135  0.01870  -12.36647  -12.32906  0.99488  0.00109  0.00411  
4560     N/A    0.003755  -12.33351  -12.37879  0.01898  -12.35249  -12.31453  0.99634  0.00222  0.00529  
4580     N/A    0.004121  -12.32898  -12.41247  0.01843  -12.34741  -12.31055  0.99327  0.00263  0.00561  
4600     N/A    0.004809  -12.32047  -12.39775  0.01869  -12.33916  -12.30178  0.99377  0.00330  0.00632  
4620     N/A    0.003346  -12.33858  -12.42550  0.01945  -12.35803  -12.31913  0.99300  0.00177  0.00492  
4640     N/A    0.003735  -12.33376  -12.42472  0.01882  -12.35258  -12.31494  0.99268  0.00221  0.00526  
4660     N/A    0.003722  -12.33392  -12.39225  0.01841  -12.35233  -12.31551  0.99529  0.00224  0.00521  
4680     N/A    0.003922  -12.33145  -12.42227  0.01865  -12.35010  -12.31280  0.99269  0.00242  0.00543  
4700     N/A    0.004176  -12.32830  -12.41751  0.01898  -12.34728  -12.30932  0.99282  0.00264  0.00571  
4720     N/A    0.004148  -12.32865  -12.40208  0.01876  -12.34742  -12.30989  0.99408  0.00263  0.00566  
4740     N/A    0.003267  -12.33956  -12.39738  0.01813  -12.35769  -12.32144  0.99534  0.00180  0.00473  
4760     N/A    0.003548  -12.33607  -12.39958  0.01813  -12.35421  -12.31794  0.99488  0.00208  0.00501  
4780     N/A    0.003126  -12.34130  -12.42123  0.01878  -12.36008  -12.32251  0.99357  0.00161  0.00464  
4800     N/A    0.003245  -12.33983  -12.40673  0.01881  -12.35864  -12.32103  0.99461  0.00173  0.00476  
4820     N/A    0.001942  -12.35595  -12.42531  0.01856  -12.37452  -12.33739  0.99442  0.00044  0.00344  
4840     N/A    0.004356  -12.32607  -12.41086  0.01829  -12.34436  -12.30778  0.99317  0.00288  0.00583  
4860     N/A    0.003704  -12.33414  -12.41049  0.01829  -12.35243  -12.31585  0.99385  0.00223  0.00518  
4880     N/A    0.004170  -12.32838  -12.40279  0.01850  -12.34688  -12.30988  0.99400  0.00268  0.00566  
4900     N/A    0.004449  -12.32492  -12.39009  0.01877  -12.34370  -12.30615  0.99474  0.00293  0.00597  
4920     N/A    0.003167  -12.34079  -12.38184  0.01880  -12.35959  -12.32199  0.99668  0.00165  0.00469  
4940     N/A    0.002476  -12.34934  -12.39662  0.01795  -12.36729  -12.33139  0.99619  0.00103  0.00393  
4960     N/A    0.002958  -12.34338  -12.40528  0.01771  -12.36109  -12.32567  0.99501  0.00153  0.00439  
4980     N/A    0.003254  -12.33972  -12.40702  0.01859  -12.35831  -12.32114  0.99458  0.00175  0.00475  
5000     N/A    0.003414  -12.33774  -12.41747  0.01816  -12.35590  -12.31957  0.99358  0.00195  0.00488  
5020     N/A    0.004583  -12.32327  -12.40385  0.01851  -12.34178  -12.30475  0.99350  0.00309  0.00608  
5040     N/A    0.002415  -12.35011  -12.40975  0.01794  -12.36805  -12.33216  0.99519  0.00097  0.00386  
5060     N/A    0.003144  -12.34108  -12.39042  0.01859  -12.35966  -12.32249  0.99602  0.00164  0.00465  
5080     N/A    0.003861  -12.33220  -12.37810  0.01846  -12.35066  -12.31375  0.99629  0.00237  0.00535  
5100     N/A    0.003887  -12.33187  -12.39494  0.01791  -12.34978  -12.31396  0.99491  0.00244  0.00533  
5120     N/A    0.003377  -12.33819  -12.40885  0.01811  -12.35630  -12.32008  0.99431  0.00191  0.00484  
5140     N/A    0.003110  -12.34150  -12.41399  0.01821  -12.35971  -12.32329  0.99416  0.00164  0.00458  
5160     N/A    0.003636  -12.33499  -12.41047  0.01796  -12.35295  -12.31704  0.99392  0.00219  0.00509  
5180     N/A    0.003024  -12.34257  -12.40623  0.01875  -12.36132  -12.32381  0.99487  0.00151  0.00454  
5200     N/A    0.003191  -12.34050  -12.38836  0.01801  -12.35851  -12.32249  0.99614  0.00174  0.00465  
5220     N/A    0.003564  -12.33587  -12.40363  0.01794  -12.35382  -12.31793  0.99454  0.00212  0.00501  
5240     N/A    0.002587  -12.34798  -12.41593  0.01764  -12.36561  -12.33034  0.99453  0.00116  0.00401  
5260     N/A    0.003581  -12.33567  -12.39862  0.01782  -12.35349  -12.31784  0.99492  0.00214  0.00502  
5280     N/A    0.003469  -12.33705  -12.40345  0.01778  -12.35483  -12.31926  0.99465  0.00203  0.00491  
5300     N/A    0.003726  -12.33387  -12.41084  0.01839  -12.35226  -12.31548  0.99380  0.00224  0.00521  
5320     N/A    0.002679  -12.34684  -12.40718  0.01738  -12.36422  -12.32945  0.99514  0.00127  0.00408  
5340     N/A    0.004199  -12.32801  -12.41042  0.01832  -12.34633  -12.30969  0.99336  0.00272  0.00568  
5360     N/A    0.003615  -12.33524  -12.38803  0.01819  -12.35343  -12.31706  0.99574  0.00215  0.00508  
5380     N/A    0.003270  -12.33952  -12.39967  0.01771  -12.35723  -12.32182  0.99515  0.00184  0.00470  
5400     N/A    0.003301  -12.33913  -12.39847  0.01778  -12.35691  -12.32135  0.99521  0.00187  0.00474  
5420     N/A    0.002501  -12.34903  -12.41082  0.01766  -12.36670  -12.33137  0.99502  0.00107  0.00393  
5440     N/A    0.003105  -12.34157  -12.39833  0.01812  -12.35968  -12.32345  0.99542  0.00164  0.00457  
5460     N/A    0.003040  -12.34236  -12.40948  0.01757  -12.35993  -12.32479  0.99459  0.00162  0.00446  
5480     N/A    0.002089  -12.35414  -12.40655  0.01759  -12.37173  -12.33654  0.99578  0.00067  0.00351  
5500     N/A    0.003390  -12.33804  -12.39994  0.01791  -12.35594  -12.32013  0.99501  0.00194  0.00484  
5520     N/A    0.003292  -12.33925  -12.40535  0.01752  -12.35677  -12.32173  0.99467  0.00188  0.00471  
5540     N/A    0.002821  -12.34507  -12.41745  0.01778  -12.36285  -12.32730  0.99417  0.00139  0.00426  
5560     N/A    0.002946  -12.34353  -12.41356  0.01784  -12.36138  -12.32569  0.99436  0.00150  0.00439  
5580     N/A    0.003345  -12.33858  -12.40778  0.01787  -12.35645  -12.32072  0.99442  0.00190  0.00479  
5600     N/A    0.003547  -12.33609  -12.39222  0.01784  -12.35393  -12.31824  0.99547  0.00211  0.00499  
5620     N/A    0.003279  -12.33940  -12.38849  0.01781  -12.35721  -12.32159  0.99604  0.00184  0.00472  
5640     N/A    0.003852  -12.33231  -12.39910  0.01817  -12.35048  -12.31414  0.99461  0.00238  0.00532  
5660     N/A    0.003717  -12.33398  -12.40361  0.01816  -12.35214  -12.31583  0.99439  0.00225  0.00518  
5680     N/A    0.002797  -12.34538  -12.40564  0.01758  -12.36296  -12.32779  0.99514  0.00138  0.00422  
5700     N/A    0.003075  -12.34193  -12.37187  0.01729  -12.35922  -12.32464  0.99758  0.00168  0.00447  
5720     N/A    0.003963  -12.33094  -12.39117  0.01764  -12.34858  -12.31330  0.99514  0.00254  0.00539  
5740     N/A    0.002414  -12.35012  -12.40264  0.01743  -12.36755  -12.33269  0.99576  0.00101  0.00382  
5760     N/A    0.001993  -12.35533  -12.40755  0.01789  -12.37321  -12.33744  0.99579  0.00055  0.00344  
5780     N/A    0.002981  -12.34309  -12.40153  0.01742  -12.36051  -12.32568  0.99529  0.00157  0.00439  
5800     N/A    0.002828  -12.34499  -12.39269  0.01737  -12.36236  -12.32761  0.99615  0.00142  0.00423  
5820     N/A    0.002721  -12.34632  -12.40177  0.01753  -12.36385  -12.32878  0.99553  0.00130  0.00414  
5840     N/A    0.002643  -12.34728  -12.38545  0.01777  -12.36505  -12.32952  0.99692  0.00121  0.00408  
5860     N/A    0.002746  -12.34600  -12.38098  0.01720  -12.36320  -12.32881  0.99718  0.00136  0.00414  
5880     N/A    0.003297  -12.33918  -12.40457  0.01763  -12.35682  -12.32155  0.99473  0.00187  0.00472  
5900     N/A    0.002656  -12.34712  -12.39738  0.01734  -12.36447  -12.32978  0.99595  0.00125  0.00406  
5920     N/A    0.003387  -12.33807  -12.39199  0.01763  -12.35570  -12.32044  0.99565  0.00196  0.00481  
5940     N/A    0.003593  -12.33552  -12.40605  0.01761  -12.35312  -12.31791  0.99431  0.00217  0.00502  
5960     N/A    0.002930  -12.34373  -12.39296  0.01759  -12.36133  -12.32614  0.99603  0.00151  0.00435  
5980     N/A    0.002609  -12.34770  -12.39816  0.01734  -12.36504  -12.33036  0.99593  0.00121  0.00401  
6000     N/A    0.003657  -12.33473  -12.39529  0.01752  -12.35225  -12.31721  0.99511  0.00224  0.00507  
6020     N/A    0.002914  -12.34392  -12.39285  0.01787  -12.36179  -12.32606  0.99605  0.00147  0.00436  
6040     N/A    0.003879  -12.33198  -12.39695  0.01743  -12.34940  -12.31455  0.99476  0.00247  0.00529  
6060     N/A    0.002780  -12.34558  -12.39545  0.01743  -12.36301  -12.32815  0.99598  0.00137  0.00419  
6080     N/A    0.002402  -12.35026  -12.39985  0.01732  -12.36757  -12.33294  0.99600  0.00100  0.00380  
6100     N/A    0.002787  -12.34550  -12.39322  0.01715  -12.36264  -12.32835  0.99615  0.00140  0.00417  
6120     N/A    0.002526  -12.34873  -12.39133  0.01695  -12.36568  -12.33179  0.99656  0.00116  0.00389  
6140     N/A    0.002297  -12.35156  -12.40363  0.01711  -12.36866  -12.33445  0.99580  0.00092  0.00368  
6160     N/A    0.003414  -12.33774  -12.39777  0.01748  -12.35522  -12.32026  0.99516  0.00200  0.00483  
6180     N/A    0.003259  -12.33965  -12.36488  0.01737  -12.35703  -12.32228  0.99796  0.00186  0.00466  
6200     N/A    0.002719  -12.34633  -12.37742  0.01715  -12.36349  -12.32918  0.99749  0.00133  0.00411  
6220     N/A    0.001727  -12.35862  -12.39774  0.01691  -12.37553  -12.34171  0.99684  0.00036  0.00309  
6240     N/A    0.003990  -12.33060  -12.40069  0.01709  -12.34769  -12.31351  0.99435  0.00261  0.00537  
6260     N/A    0.002646  -12.34724  -12.40502  0.01712  -12.36435  -12.33012  0.99534  0.00126  0.00403  
6280     N/A    0.002598  -12.34783  -12.39443  0.01703  -12.36486  -12.33080  0.99624  0.00122  0.00397  
6300     N/A    0.003384  -12.33810  -12.39149  0.01700  -12.35510  -12.32110  0.99569  0.00201  0.00476  
6320     N/A    0.003121  -12.34137  -12.38815  0.01726  -12.35862  -12.32411  0.99622  0.00173  0.00451  
6340     N/A    0.003243  -12.33985  -12.39135  0.01737  -12.35722  -12.32248  0.99584  0.00184  0.00465  
6360     N/A    0.003148  -12.34103  -12.38064  0.01722  -12.35824  -12.32381  0.99680  0.00176  0.00454  
6380     N/A    0.003568  -12.33583  -12.38139  0.01728  -12.35310  -12.31855  0.99632  0.00217  0.00496  
6400     N/A    0.003446  -12.33734  -12.38131  0.01740  -12.35474  -12.31994  0.99645  0.00204  0.00485  
6420     N/A    0.003013  -12.34270  -12.38233  0.01694  -12.35965  -12.32576  0.99680  0.00164  0.00438  
6440     N/A    0.001874  -12.35680  -12.39959  0.01692  -12.37372  -12.33988  0.99655  0.00051  0.00324  
6460     N/A    0.003776  -12.33326  -12.37900  0.01694  -12.35020  -12.31632  0.99630  0.00241  0.00514  
6480     N/A    0.002738  -12.34610  -12.40458  0.01693  -12.36304  -12.32917  0.99529  0.00137  0.00411  
6500     N/A    0.002725  -12.34627  -12.40568  0.01716  -12.36343  -12.32910  0.99521  0.00134  0.00411  
6520     N/A    0.002984  -12.34306  -12.40380  0.01726  -12.36032  -12.32580  0.99510  0.00159  0.00438  
6540     N/A    0.002427  -12.34995  -12.41628  0.01718  -12.36713  -12.33278  0.99466  0.00104  0.00381  
6560     N/A    0.002771  -12.34570  -12.40564  0.01708  -12.36278  -12.32862  0.99517  0.00139  0.00415  
6580     N/A    0.003898  -12.33174  -12.41170  0.01705  -12.34880  -12.31469  0.99356  0.00252  0.00528  
6600     N/A    0.002421  -12.35003  -12.40229  0.01696  -12.36699  -12.33307  0.99579  0.00105  0.00379  
6620     N/A    0.002610  -12.34769  -12.40902  0.01718  -12.36487  -12.33051  0.99506  0.00122  0.00400  
6640     N/A    0.002654  -12.34715  -12.39573  0.01715  -12.36430  -12.33000  0.99608  0.00127  0.00404  
6660     N/A    0.002348  -12.35093  -12.39439  0.01688  -12.36780  -12.33405  0.99649  0.00099  0.00371  
6680     N/A    0.003329  -12.33879  -12.38711  0.01683  -12.35562  -12.32197  0.99610  0.00197  0.00469  
6700     N/A    0.003392  -12.33800  -12.37248  0.01721  -12.35521  -12.32079  0.99721  0.00200  0.00478  
6720     N/A    0.002932  -12.34370  -12.38851  0.01680  -12.36050  -12.32690  0.99638  0.00157  0.00429  
6740     N/A    0.003155  -12.34094  -12.39372  0.01708  -12.35802  -12.32386  0.99574  0.00178  0.00453  
6760     N/A    0.003269  -12.33953  -12.39922  0.01659  -12.35612  -12.32293  0.99519  0.00193  0.00461  
6780     N/A    0.002975  -12.34316  -12.39784  0.01696  -12.36013  -12.32620  0.99559  0.00161  0.00435  
6800     N/A    0.003468  -12.33707  -12.38253  0.01675  -12.35382  -12.32032  0.99633  0.00211  0.00482  
6820     N/A    0.002981  -12.34309  -12.39892  0.01718  -12.36027  -12.32592  0.99550  0.00159  0.00437  
6840     N/A    0.003183  -12.34059  -12.38569  0.01709  -12.35768  -12.32350  0.99636  0.00180  0.00456  
6860     N/A    0.003156  -12.34093  -12.39604  0.01694  -12.35788  -12.32399  0.99555  0.00179  0.00452  
6880     N/A    0.003754  -12.33352  -12.38590  0.01695  -12.35047  -12.31657  0.99577  0.00239  0.00512  
6900     N/A    0.002087  -12.35417  -12.39313  0.01690  -12.37107  -12.33726  0.99686  0.00072  0.00345  
6920     N/A    0.001987  -12.35540  -12.40900  0.01700  -12.37239  -12.33840  0.99568  0.00061  0.00336  
6940     N/A    0.002273  -12.35186  -12.39441  0.01702  -12.36887  -12.33484  0.99657  0.00090  0.00365  
6960     N/A    0.002606  -12.34774  -12.39148  0.01690  -12.36464  -12.33084  0.99647  0.00124  0.00397  
6980     N/A    0.003027  -12.34252  -12.39281  0.01732  -12.35985  -12.32520  0.99594  0.00163  0.00443  
7000     N/A    0.002898  -12.34412  -12.37976  0.01699  -12.36111  -12.32713  0.99712  0.00153  0.00427  
7020     N/A    0.002611  -12.34767  -12.39116  0.01700  -12.36468  -12.33067  0.99649  0.00124  0.00398  
7040     N/A    0.002912  -12.34395  -12.39340  0.01703  -12.36099  -12.32692  0.99601  0.00154  0.00429  
7060     N/A    0.002630  -12.34744  -12.38593  0.01658  -12.36401  -12.33086  0.99689  0.00129  0.00397  
7080     N/A    0.003263  -12.33960  -12.40029  0.01675  -12.35635  -12.32285  0.99511  0.00191  0.00462  
7100     N/A    0.003219  -12.34015  -12.38559  0.01667  -12.35681  -12.32348  0.99633  0.00187  0.00457  
7120     N/A    0.002308  -12.35143  -12.40372  0.01646  -12.36788  -12.33497  0.99578  0.00098  0.00364  
7140     N/A    0.003277  -12.33942  -12.39584  0.01705  -12.35648  -12.32237  0.99545  0.00190  0.00466  
7160     N/A    0.002782  -12.34556  -12.40028  0.01661  -12.36218  -12.32895  0.99559  0.00144  0.00412  
7180     N/A    0.003356  -12.33845  -12.38057  0.01680  -12.35525  -12.32165  0.99660  0.00200  0.00471  
7200     N/A    0.002397  -12.35033  -12.38094  0.01669  -12.36702  -12.33363  0.99753  0.00105  0.00375  
7220     N/A    0.002652  -12.34716  -12.37831  0.01669  -12.36385  -12.33048  0.99748  0.00130  0.00400  
7240     N/A    0.002656  -12.34712  -12.38597  0.01699  -12.36411  -12.33013  0.99686  0.00128  0.00403  
7260     N/A    0.002043  -12.35471  -12.39344  0.01660  -12.37131  -12.33810  0.99687  0.00070  0.00338  
7280     N/A    0.003864  -12.33216  -12.37253  0.01703  -12.34919  -12.31512  0.99674  0.00249  0.00524  
7300     N/A    0.002869  -12.34448  -12.38590  0.01678  -12.36127  -12.32770  0.99666  0.00151  0.00422  
7320     N/A    0.003944  -12.33117  -12.38914  0.01668  -12.34785  -12.31449  0.99532  0.00260  0.00529  
7340     N/A    0.003219  -12.34015  -12.38919  0.01699  -12.35714  -12.32316  0.99604  0.00185  0.00459  
7360     N/A    0.003130  -12.34125  -12.39594  0.01722  -12.35847  -12.32402  0.99559  0.00174  0.00452  
7380     N/A    0.002292  -12.35163  -12.38487  0.01657  -12.36820  -12.33505  0.99732  0.00095  0.00363  
7400     N/A    0.003451  -12.33728  -12.39329  0.01680  -12.35408  -12.32048  0.99548  0.00209  0.00481  
7420     N/A    0.003397  -12.33794  -12.36876  0.01647  -12.35441  -12.32147  0.99751  0.00207  0.00473  
7440     N/A    0.002140  -12.35350  -12.39793  0.01690  -12.37041  -12.33660  0.99642  0.00077  0.00351  
7460     N/A    0.001857  -12.35702  -12.40194  0.01668  -12.37370  -12.34034  0.99638  0.00051  0.00320  
7480     N/A    0.002385  -12.35047  -12.38717  0.01668  -12.36715  -12.33379  0.99704  0.00104  0.00373  
7500     N/A    0.002214  -12.35259  -12.38287  0.01689  -12.36948  -12.33569  0.99755  0.00085  0.00358  
7520     N/A    0.002733  -12.34616  -12.38061  0.01662  -12.36279  -12.32954  0.99722  0.00139  0.00408  
7540     N/A    0.003307  -12.33906  -12.38019  0.01692  -12.35598  -12.32214  0.99668  0.00194  0.00467  
7560     N/A    0.003047  -12.34227  -12.39114  0.01696  -12.35923  -12.32532  0.99606  0.00168  0.00442  
7580     N/A    0.002175  -12.35307  -12.37230  0.01667  -12.36975  -12.33640  0.99845  0.00083  0.00352  
7600     N/A    0.002719  -12.34634  -12.39769  0.01633  -12.36267  -12.33002  0.99586  0.00140  0.00404  
7620     N/A    0.002961  -12.34335  -12.37224  0.01653  -12.35988  -12.32681  0.99766  0.00163  0.00430  
7640     N/A    0.002805  -12.34527  -12.38929  0.01655  -12.36183  -12.32872  0.99645  0.00147  0.00414  
7660     N/A    0.003476  -12.33696  -12.39032  0.01658  -12.35354  -12.32039  0.99569  0.00214  0.00482  
7680     N/A    0.003056  -12.34216  -12.38811  0.01631  -12.35848  -12.32585  0.99629  0.00174  0.00437  
7700     N/A    0.003823  -12.33268  -12.38117  0.01678  -12.34945  -12.31590  0.99608  0.00247  0.00518  
7720     N/A    0.002688  -12.34673  -12.38201  0.01675  -12.36348  -12.32997  0.99715  0.00133  0.00404  
7740     N/A    0.002753  -12.34591  -12.37572  0.01660  -12.36251  -12.32931  0.99759  0.00141  0.00409  
7760     N/A    0.002888  -12.34425  -12.37075  0.01671  -12.36096  -12.32753  0.99786  0.00154  0.00424  
7780     N/A    0.003271  -12.33951  -12.37039  0.01679  -12.35630  -12.32273  0.99750  0.00191  0.00463  
7800     N/A    0.002580  -12.34806  -12.39078  0.01627  -12.36433  -12.33178  0.99655  0.00127  0.00389  
7820     N/A    0.002468  -12.34944  -12.39599  0.01659  -12.36603  -12.33285  0.99625  0.00113  0.00381  
7840     N/A    0.003127  -12.34128  -12.36086  0.01690  -12.35818  -12.32438  0.99842  0.00176  0.00449  
7860     N/A    0.003063  -12.34208  -12.37912  0.01675  -12.35883  -12.32533  0.99701  0.00171  0.00442  
7880     N/A    0.002445  -12.34973  -12.38996  0.01688  -12.36661  -12.33285  0.99675  0.00108  0.00381  
7900     N/A    0.002812  -12.34518  -12.37102  0.01666  -12.36185  -12.32852  0.99791  0.00147  0.00416  
7920     N/A    0.002647  -12.34723  -12.37849  0.01674  -12.36396  -12.33049  0.99747  0.00130  0.00400  
7940     N/A    0.002808  -12.34524  -12.38988  0.01654  -12.36178  -12.32870  0.99640  0.00147  0.00414  
7960     N/A    0.003878  -12.33200  -12.36940  0.01627  -12.34827  -12.31572  0.99698  0.00256  0.00519  
7980     N/A    0.002314  -12.35135  -12.38671  0.01616  -12.36751  -12.33519  0.99715  0.00101  0.00362  
8000     N/A    0.002860  -12.34459  -12.37891  0.01669  -12.36129  -12.32790  0.99723  0.00151  0.00421  
8020     N/A    0.001994  -12.35531  -12.37411  0.01648  -12.37179  -12.33883  0.99848  0.00066  0.00333  
8040     N/A    0.001941  -12.35597  -12.39122  0.01634  -12.37230  -12.33963  0.99716  0.00062  0.00326  
8060     N/A    0.002873  -12.34443  -12.38883  0.01670  -12.36113  -12.32773  0.99642  0.00152  0.00422  
8080     N/A    0.003607  -12.33535  -12.37176  0.01692  -12.35226  -12.31843  0.99706  0.00224  0.00497  
8100     N/A    0.002872  -12.34445  -12.38066  0.01674  -12.36118  -12.32771  0.99707  0.00152  0.00422  
8120     N/A    0.002680  -12.34683  -12.37817  0.01676  -12.36359  -12.33007  0.99747  0.00133  0.00403  
8140     N/A    0.002479  -12.34931  -12.37685  0.01657  -12.36588  -12.33275  0.99778  0.00114  0.00382  
8160     N/A    0.002480  -12.34930  -12.36848  0.01602  -12.36532  -12.33328  0.99845  0.00119  0.00377  
8180     N/A    0.002986  -12.34304  -12.38129  0.01652  -12.35956  -12.32652  0.99691  0.00165  0.00432  
8200     N/A    0.002039  -12.35475  -12.37899  0.01641  -12.37116  -12.33834  0.99804  0.00071  0.00336  
8220     N/A    0.003856  -12.33226  -12.38193  0.01673  -12.34899  -12.31553  0.99599  0.00250  0.00521  
8240     N/A    0.002520  -12.34881  -12.37700  0.01652  -12.36533  -12.33228  0.99772  0.00119  0.00385  
8260     N/A    0.002811  -12.34520  -12.37598  0.01683  -12.36203  -12.32836  0.99751  0.00145  0.00417  
8280     N/A    0.003405  -12.33785  -12.37082  0.01673  -12.35458  -12.32112  0.99734  0.00205  0.00476  
8300     N/A    0.002266  -12.35195  -12.37970  0.01673  -12.36867  -12.33522  0.99776  0.00091  0.00362  
8320     N/A    0.002908  -12.34400  -12.39288  0.01664  -12.36064  -12.32736  0.99606  0.00156  0.00425  
8340     N/A    0.002231  -12.35237  -12.38110  0.01657  -12.36894  -12.33580  0.99768  0.00089  0.00357  
8360     N/A    0.002847  -12.34476  -12.36578  0.01621  -12.36097  -12.32854  0.99830  0.00154  0.00416  
8380     N/A    0.002882  -12.34432  -12.38795  0.01683  -12.36115  -12.32750  0.99648  0.00152  0.00424  
8400     N/A    0.002534  -12.34862  -12.38835  0.01606  -12.36468  -12.33256  0.99679  0.00124  0.00383  
8420     N/A    0.002678  -12.34685  -12.38445  0.01633  -12.36319  -12.33052  0.99696  0.00136  0.00400  
8440     N/A    0.003384  -12.33811  -12.38110  0.01649  -12.35460  -12.32161  0.99653  0.00205  0.00472  
8460     N/A    0.002455  -12.34961  -12.39626  0.01635  -12.36597  -12.33326  0.99624  0.00113  0.00378  
8480     N/A    0.003611  -12.33529  -12.37093  0.01654  -12.35183  -12.31875  0.99712  0.00228  0.00495  
8500     N/A    0.002878  -12.34437  -12.37936  0.01650  -12.36087  -12.32787  0.99717  0.00155  0.00421  
8520     N/A    0.002159  -12.35327  -12.38790  0.01626  -12.36953  -12.33701  0.99720  0.00085  0.00347  
8540     N/A    0.002545  -12.34849  -12.37507  0.01641  -12.36490  -12.33209  0.99785  0.00122  0.00387  
8560     N/A    0.002447  -12.34970  -12.38147  0.01654  -12.36625  -12.33316  0.99743  0.00111  0.00378  
8580     N/A    0.003436  -12.33746  -12.35905  0.01692  -12.35438  -12.32054  0.99825  0.00207  0.00480  
8600     N/A    0.002165  -12.35320  -12.36905  0.01646  -12.36966  -12.33675  0.99872  0.00084  0.00349  
8620     N/A    0.002578  -12.34809  -12.36860  0.01679  -12.36488  -12.33130  0.99834  0.00122  0.00393  
8640     N/A    0.003483  -12.33688  -12.35336  0.01646  -12.35334  -12.32042  0.99867  0.00215  0.00481  
8660     N/A    0.002919  -12.34387  -12.38529  0.01608  -12.35994  -12.32779  0.99666  0.00162  0.00422  
8680     N/A    0.003332  -12.33875  -12.37843  0.01643  -12.35517  -12.32232  0.99679  0.00201  0.00466  
8700     N/A    0.002315  -12.35134  -12.39524  0.01649  -12.36783  -12.33484  0.99646  0.00098  0.00365  
8720     N/A    0.002710  -12.34645  -12.35872  0.01655  -12.36301  -12.32990  0.99901  0.00137  0.00405  
8740     N/A    0.002541  -12.34854  -12.37186  0.01649  -12.36503  -12.33205  0.99811  0.00121  0.00387  
8760     N/A    0.003272  -12.33950  -12.36883  0.01652  -12.35601  -12.32298  0.99763  0.00194  0.00461  
8780     N/A    0.003120  -12.34137  -12.38452  0.01682  -12.35820  -12.32455  0.99652  0.00176  0.00448  
8800     N/A    0.002531  -12.34867  -12.36821  0.01709  -12.36576  -12.33158  0.99842  0.00115  0.00391  
8820     N/A    0.002056  -12.35455  -12.37617  0.01653  -12.37108  -12.33801  0.99825  0.00072  0.00339  
8840     N/A    0.002828  -12.34499  -12.36492  0.01691  -12.36189  -12.32808  0.99839  0.00146  0.00419  
8860     N/A    0.002053  -12.35458  -12.37442  0.01666  -12.37124  -12.33792  0.99840  0.00071  0.00340  
8880     N/A    0.003051  -12.34223  -12.36920  0.01619  -12.35842  -12.32604  0.99782  0.00174  0.00436  
8900     N/A    0.002330  -12.35115  -12.39054  0.01610  -12.36725  -12.33505  0.99682  0.00103  0.00363  
8920     N/A    0.002598  -12.34784  -12.38716  0.01649  -12.36433  -12.33135  0.99683  0.00127  0.00393  
8940     N/A    0.002341  -12.35101  -12.38171  0.01699  -12.36800  -12.33403  0.99752  0.00097  0.00371  
8960     N/A    0.001864  -12.35692  -12.35973  0.01668  -12.37360  -12.34024  0.99977  0.00052  0.00321  
8980     N/A    0.003102  -12.34159  -12.35712  0.01662  -12.35821  -12.32497  0.99874  0.00176  0.00444  
9000     N/A    0.002384  -12.35049  -12.37481  0.01632  -12.36681  -12.33416  0.99803  0.00107  0.00370  
9020     N/A    0.003431  -12.33752  -12.35733  0.01596  -12.35349  -12.32156  0.99840  0.00214  0.00472  
9040     N/A    0.001999  -12.35525  -12.37962  0.01700  -12.37225  -12.33825  0.99803  0.00063  0.00337  
9060     N/A    0.002886  -12.34427  -12.38194  0.01652  -12.36079  -12.32776  0.99696  0.00155  0.00422  
9080     N/A    0.003568  -12.33583  -12.35685  0.01655  -12.35237  -12.31928  0.99830  0.00223  0.00490  
9100     N/A    0.003564  -12.33587  -12.34297  0.01650  -12.35238  -12.31937  0.99942  0.00223  0.00490  
9120     N/A    0.002815  -12.34515  -12.36513  0.01695  -12.36210  -12.32820  0.99838  0.00145  0.00418  
9140     N/A    0.003275  -12.33946  -12.33810  0.01624  -12.35569  -12.32322  1.00011  0.00196  0.00459  
9160     N/A    0.001979  -12.35550  -12.37480  0.01641  -12.37191  -12.33908  0.99844  0.00065  0.00331  
9180     N/A    0.002571  -12.34817  -12.36369  0.01611  -12.36428  -12.33207  0.99874  0.00127  0.00387  
9200     N/A    0.003036  -12.34241  -12.37017  0.01631  -12.35873  -12.32610  0.99776  0.00172  0.00435  
9220     N/A    0.003453  -12.33725  -12.35364  0.01646  -12.35371  -12.32079  0.99867  0.00212  0.00478  
9240     N/A    0.002884  -12.34430  -12.34507  0.01659  -12.36088  -12.32771  0.99994  0.00154  0.00422  
9260     N/A    0.002899  -12.34411  -12.37382  0.01676  -12.36086  -12.32735  0.99760  0.00155  0.00425  
9280     N/A    0.003143  -12.34109  -12.35731  0.01628  -12.35737  -12.32482  0.99869  0.00183  0.00446  
9300     N/A    0.002762  -12.34581  -12.34281  0.01628  -12.36209  -12.32953  1.00024  0.00145  0.00408  
9320     N/A    0.002633  -12.34741  -12.34569  0.01683  -12.36424  -12.33058  1.00014  0.00127  0.00399  
9340     N/A    0.002425  -12.34998  -12.38526  0.01631  -12.36628  -12.33367  0.99715  0.00111  0.00374  
9360     N/A    0.002509  -12.34893  -12.35381  0.01699  -12.36592  -12.33194  0.99961  0.00114  0.00388  
9380     N/A    0.002092  -12.35410  -12.39505  0.01617  -12.37027  -12.33793  0.99670  0.00079  0.00340  
9400     N/A    0.002524  -12.34876  -12.37118  0.01625  -12.36500  -12.33251  0.99819  0.00121  0.00384  
9420     N/A    0.003745  -12.33363  -12.35927  0.01623  -12.34987  -12.31740  0.99793  0.00243  0.00506  
9440     N/A    0.002581  -12.34805  -12.38493  0.01632  -12.36436  -12.33173  0.99702  0.00126  0.00390  
9460     N/A    0.003794  -12.33303  -12.38767  0.01635  -12.34938  -12.31668  0.99559  0.00247  0.00512  
9480     N/A    0.002385  -12.35047  -12.37748  0.01603  -12.36650  -12.33444  0.99782  0.00109  0.00368  
9500     N/A    0.002246  -12.35220  -12.37030  0.01628  -12.36848  -12.33592  0.99854  0.00093  0.00356  
9520     N/A    0.002110  -12.35387  -12.36468  0.01648  -12.37035  -12.33740  0.99913  0.00078  0.00344  
9540     N/A    0.002682  -12.34679  -12.35965  0.01643  -12.36323  -12.33036  0.99896  0.00135  0.00401  
9560     N/A    0.003127  -12.34128  -12.36741  0.01629  -12.35757  -12.32500  0.99789  0.00181  0.00444  
9580     N/A    0.002136  -12.35356  -12.37827  0.01568  -12.36924  -12.33788  0.99800  0.00087  0.00340  
9600     N/A    0.002479  -12.34931  -12.36886  0.01618  -12.36549  -12.33312  0.99842  0.00117  0.00379  
9620     N/A    0.002418  -12.35006  -12.37517  0.01619  -12.36625  -12.33387  0.99797  0.00111  0.00373  
9640     N/A    0.003112  -12.34148  -12.35957  0.01590  -12.35738  -12.32558  0.99854  0.00183  0.00440  
9660     N/A    0.002795  -12.34540  -12.36564  0.01625  -12.36166  -12.32915  0.99836  0.00148  0.00411  
9680     N/A    0.002769  -12.34572  -12.37388  0.01599  -12.36171  -12.32973  0.99772  0.00148  0.00406  
9700     N/A    0.003454  -12.33724  -12.36567  0.01631  -12.35355  -12.32093  0.99770  0.00214  0.00477  
9720     N/A    0.003544  -12.33613  -12.36823  0.01641  -12.35254  -12.31972  0.99740  0.00222  0.00487  
9740     N/A    0.002158  -12.35328  -12.37788  0.01625  -12.36953  -12.33704  0.99801  0.00085  0.00347  
9760     N/A    0.002054  -12.35457  -12.38174  0.01639  -12.37096  -12.33818  0.99781  0.00073  0.00338  
9780     N/A    0.002649  -12.34721  -12.38306  0.01600  -12.36321  -12.33121  0.99710  0.00136  0.00394  
9800     N/A    0.003089  -12.34176  -12.36518  0.01615  -12.35791  -12.32560  0.99811  0.00178  0.00439  
9820     N/A    0.003318  -12.33892  -12.36532  0.01641  -12.35534  -12.32251  0.99786  0.00199  0.00464  
9840     N/A    0.002805  -12.34528  -12.37712  0.01648  -12.36176  -12.32879  0.99743  0.00147  0.00414  
9860     N/A    0.003617  -12.33522  -12.37124  0.01709  -12.35231  -12.31813  0.99709  0.00224  0.00500  
9880     N/A    0.002663  -12.34703  -12.35259  0.01602  -12.36305  -12.33101  0.99955  0.00137  0.00396  
9900     N/A    0.002164  -12.35320  -12.36588  0.01606  -12.36927  -12.33714  0.99898  0.00087  0.00346  
9920     N/A    0.002254  -12.35210  -12.37910  0.01615  -12.36825  -12.33595  0.99782  0.00095  0.00356  
9940     N/A    0.002761  -12.34582  -12.37392  0.01623  -12.36206  -12.32959  0.99773  0.00145  0.00407  
9960     N/A    0.002775  -12.34565  -12.37947  0.01684  -12.36249  -12.32881  0.99727  0.00141  0.00413  
9980     N/A    0.002311  -12.35139  -12.36937  0.01584  -12.36723  -12.33555  0.99855  0.00103  0.00359  
10000     N/A    0.002617  -12.34761  -12.36818  0.01606  -12.36366  -12.33155  0.99834  0.00132  0.00391  
