nh: 5
samples1: 8000
samples2: 5000
burn_in: 500
steps: 100
Exact H:-12.38
   Fidelity  ROE       Mean      Median    CI Width LL on CI  UL on CI  mmRatio  Min Err  Max Err
20  0.530452  0.171780  -10.25336  -10.45928  0.10733  -10.36069  -10.14604  0.98031  0.16311  0.18045  
40  0.611975  0.140155  -10.64489  -10.72782  0.10075  -10.74564  -10.54414  0.99227  0.13202  0.14829  
60  0.687841  0.114151  -10.96681  -11.19172  0.09422  -11.06103  -10.87259  0.97990  0.10654  0.12176  
80  0.739792  0.095772  -11.19435  -11.38344  0.08635  -11.28070  -11.10800  0.98339  0.08880  0.10275  
100  0.787748  0.081793  -11.36741  -11.71654  0.08175  -11.44916  -11.28565  0.97020  0.07519  0.08840  
120  0.826175  0.063915  -11.58873  -11.76352  0.07402  -11.66275  -11.51471  0.98514  0.05794  0.06989  
140  0.857379  0.058582  -11.65475  -11.84015  0.06939  -11.72414  -11.58537  0.98434  0.05298  0.06419  
160  0.880005  0.050083  -11.75997  -11.90211  0.06373  -11.82370  -11.69623  0.98806  0.04494  0.05523  
180  0.890970  0.038687  -11.90105  -12.14009  0.06033  -11.96139  -11.84072  0.98031  0.03381  0.04356  
200  0.904583  0.037445  -11.91644  -12.17067  0.05730  -11.97373  -11.85914  0.97911  0.03282  0.04207  
220  0.912636  0.034357  -11.95466  -12.22046  0.05618  -12.01083  -11.89848  0.97825  0.02982  0.03890  
240  0.917007  0.034555  -11.95221  -12.22318  0.05493  -12.00715  -11.89728  0.97783  0.03012  0.03899  
260  0.922940  0.030195  -12.00618  -12.28058  0.05303  -12.05921  -11.95315  0.97766  0.02591  0.03448  
280  0.930074  0.027279  -12.04228  -12.30172  0.04967  -12.09195  -11.99261  0.97891  0.02327  0.03129  
300  0.934438  0.027204  -12.04322  -12.30908  0.04928  -12.09250  -11.99394  0.97840  0.02322  0.03118  
320  0.939598  0.025081  -12.06950  -12.31384  0.04755  -12.11705  -12.02195  0.98016  0.02124  0.02892  
340  0.943477  0.020592  -12.12507  -12.39465  0.04707  -12.17214  -12.07800  0.97825  0.01679  0.02439  
360  0.949121  0.019494  -12.13866  -12.39458  0.04520  -12.18387  -12.09346  0.97935  0.01584  0.02315  
380  0.949754  0.019604  -12.13730  -12.37741  0.04337  -12.18067  -12.09393  0.98060  0.01610  0.02311  
400  0.954983  0.018472  -12.15131  -12.37360  0.04266  -12.19397  -12.10866  0.98204  0.01503  0.02192  
420  0.958735  0.017144  -12.16776  -12.42515  0.04165  -12.20942  -12.12611  0.97928  0.01378  0.02051  
440  0.959021  0.016345  -12.17765  -12.47261  0.04076  -12.21841  -12.13690  0.97635  0.01305  0.01964  
460  0.961638  0.013554  -12.21220  -12.44987  0.04154  -12.25374  -12.17066  0.98091  0.01020  0.01691  
480  0.960938  0.017338  -12.16536  -12.40948  0.04012  -12.20548  -12.12524  0.98033  0.01410  0.02058  
500  0.963691  0.015106  -12.19299  -12.45704  0.03986  -12.23284  -12.15313  0.97880  0.01189  0.01833  
520  0.966183  0.016777  -12.17230  -12.42058  0.03810  -12.21041  -12.13420  0.98001  0.01370  0.01985  
540  0.967086  0.012864  -12.22074  -12.46886  0.03846  -12.25920  -12.18228  0.98010  0.00976  0.01597  
560  0.965748  0.012641  -12.22351  -12.46015  0.03747  -12.26098  -12.18604  0.98101  0.00961  0.01567  
580  0.969122  0.014790  -12.19689  -12.44442  0.03733  -12.23422  -12.15956  0.98011  0.01178  0.01781  
600  0.970103  0.013696  -12.21045  -12.45317  0.03714  -12.24759  -12.17330  0.98051  0.01070  0.01670  
620  0.970880  0.012866  -12.22071  -12.46615  0.03619  -12.25690  -12.18452  0.98031  0.00994  0.01579  
640  0.972414  0.014254  -12.20354  -12.42615  0.03570  -12.23924  -12.16784  0.98209  0.01137  0.01714  
660  0.973178  0.011666  -12.23557  -12.45649  0.03397  -12.26954  -12.20161  0.98226  0.00892  0.01441  
680  0.975035  0.013128  -12.21747  -12.44486  0.03375  -12.25122  -12.18372  0.98173  0.01040  0.01585  
700  0.975534  0.009606  -12.26107  -12.48212  0.03350  -12.29457  -12.22757  0.98229  0.00690  0.01231  
720  0.977371  0.009769  -12.25906  -12.47435  0.03369  -12.29275  -12.22536  0.98274  0.00705  0.01249  
740  0.978268  0.009834  -12.25825  -12.48903  0.03259  -12.29084  -12.22566  0.98152  0.00720  0.01247  
760  0.978532  0.011436  -12.23843  -12.48705  0.03174  -12.27016  -12.20669  0.98009  0.00887  0.01400  
780  0.980186  0.009269  -12.26525  -12.46646  0.03182  -12.29707  -12.23343  0.98386  0.00670  0.01184  
800  0.980773  0.007031  -12.29296  -12.47109  0.03017  -12.32313  -12.26279  0.98572  0.00459  0.00947  
820  0.981473  0.006990  -12.29346  -12.46838  0.02916  -12.32262  -12.26431  0.98597  0.00463  0.00935  
840  0.982365  0.008028  -12.28062  -12.47013  0.02891  -12.30953  -12.25171  0.98480  0.00569  0.01036  
860  0.983325  0.007118  -12.29188  -12.46482  0.02974  -12.32162  -12.26214  0.98613  0.00472  0.00952  
880  0.982907  0.007142  -12.29159  -12.45071  0.02901  -12.32059  -12.26258  0.98722  0.00480  0.00948  
900  0.983969  0.008118  -12.27950  -12.45258  0.02910  -12.30860  -12.25040  0.98610  0.00577  0.01047  
920  0.985012  0.006472  -12.29987  -12.44299  0.02750  -12.32738  -12.27237  0.98850  0.00425  0.00869  
940  0.984926  0.006820  -12.29557  -12.43794  0.02822  -12.32379  -12.26734  0.98855  0.00454  0.00910  
960  0.984670  0.007444  -12.28784  -12.43379  0.02711  -12.31495  -12.26074  0.98826  0.00525  0.00963  
980  0.985864  0.005830  -12.30782  -12.43152  0.02783  -12.33565  -12.27999  0.99005  0.00358  0.00808  
1000  0.985764  0.006975  -12.29365  -12.44259  0.02721  -12.32085  -12.26644  0.98803  0.00478  0.00917  
1020  0.986069  0.007631  -12.28553  -12.41510  0.02672  -12.31224  -12.25881  0.98956  0.00547  0.00979  
1040  0.984959  0.006363  -12.30122  -12.43113  0.02682  -12.32804  -12.27440  0.98955  0.00420  0.00853  
1060  0.986271  0.005683  -12.30964  -12.42866  0.02606  -12.33571  -12.28358  0.99042  0.00358  0.00779  
1080  0.986616  0.006246  -12.30267  -12.43379  0.02641  -12.32908  -12.27626  0.98945  0.00411  0.00838  
1100  0.987725  0.007255  -12.29018  -12.41423  0.02629  -12.31647  -12.26389  0.99001  0.00513  0.00938  
1120  0.987451  0.006765  -12.29625  -12.42820  0.02587  -12.32212  -12.27038  0.98938  0.00468  0.00885  
1140  0.987731  0.007015  -12.29315  -12.40276  0.02531  -12.31846  -12.26784  0.99116  0.00497  0.00906  
1160  0.988342  0.006986  -12.29351  -12.39752  0.02579  -12.31930  -12.26772  0.99161  0.00490  0.00907  
1180  0.986627  0.004973  -12.31843  -12.42177  0.02570  -12.34413  -12.29273  0.99168  0.00290  0.00705  
1200  0.987879  0.006153  -12.30383  -12.41957  0.02517  -12.32900  -12.27867  0.99068  0.00412  0.00819  
1220  0.987930  0.004568  -12.32345  -12.40314  0.02455  -12.34800  -12.29890  0.99357  0.00258  0.00655  
1240  0.988123  0.006342  -12.30149  -12.41621  0.02503  -12.32652  -12.27646  0.99076  0.00432  0.00836  
1260  0.989127  0.006904  -12.29453  -12.40113  0.02477  -12.31930  -12.26976  0.99140  0.00490  0.00890  
1280  0.988494  0.004966  -12.31853  -12.40170  0.02579  -12.34432  -12.29273  0.99329  0.00288  0.00705  
1300  0.988251  0.004601  -12.32305  -12.41452  0.02497  -12.34802  -12.29808  0.99263  0.00258  0.00662  
1320  0.987678  0.004913  -12.31918  -12.40669  0.02569  -12.34487  -12.29349  0.99295  0.00284  0.00699  
1340  0.988779  0.006411  -12.30063  -12.40839  0.02455  -12.32518  -12.27608  0.99132  0.00443  0.00839  
1360  0.988604  0.006929  -12.29422  -12.39506  0.02379  -12.31801  -12.27043  0.99186  0.00501  0.00885  
1380  0.988937  0.005322  -12.31412  -12.41339  0.02469  -12.33881  -12.28943  0.99200  0.00333  0.00732  
1400  0.988552  0.005761  -12.30867  -12.40452  0.02437  -12.33305  -12.28430  0.99227  0.00379  0.00773  
1420  0.988644  0.005045  -12.31754  -12.41698  0.02420  -12.34174  -12.29334  0.99199  0.00309  0.00700  
1440  0.989155  0.005983  -12.30593  -12.40413  0.02404  -12.32996  -12.28189  0.99208  0.00404  0.00792  
1460  0.989203  0.004796  -12.32063  -12.39650  0.02416  -12.34479  -12.29647  0.99388  0.00284  0.00675  
1480  0.988392  0.004440  -12.32503  -12.40888  0.02366  -12.34869  -12.30137  0.99324  0.00253  0.00635  
1500  0.989493  0.005151  -12.31623  -12.40102  0.02461  -12.34083  -12.29162  0.99316  0.00316  0.00714  
1520  0.989218  0.005745  -12.30887  -12.37927  0.02349  -12.33237  -12.28538  0.99431  0.00385  0.00764  
1540  0.989492  0.004813  -12.32042  -12.40199  0.02364  -12.34406  -12.29677  0.99342  0.00290  0.00672  
1560  0.989635  0.004837  -12.32012  -12.39575  0.02310  -12.34322  -12.29702  0.99390  0.00297  0.00670  
1580  0.989733  0.003490  -12.33680  -12.39450  0.02398  -12.36078  -12.31281  0.99534  0.00155  0.00543  
1600  0.989006  0.005505  -12.31184  -12.39283  0.02455  -12.33639  -12.28730  0.99347  0.00352  0.00749  
1620  0.989028  0.005382  -12.31337  -12.40231  0.02360  -12.33697  -12.28978  0.99283  0.00348  0.00729  
1640  0.989754  0.004351  -12.32613  -12.39985  0.02385  -12.34998  -12.30229  0.99406  0.00243  0.00628  
1660  0.989191  0.005584  -12.31087  -12.40914  0.02358  -12.33445  -12.28729  0.99208  0.00368  0.00749  
1680  0.988434  0.004849  -12.31996  -12.40684  0.02285  -12.34282  -12.29711  0.99300  0.00300  0.00670  
1700  0.988266  0.005328  -12.31404  -12.40934  0.02459  -12.33863  -12.28945  0.99232  0.00334  0.00731  
1720  0.990021  0.004969  -12.31848  -12.38912  0.02413  -12.34262  -12.29435  0.99430  0.00302  0.00692  
1740  0.988845  0.005420  -12.31290  -12.41023  0.02364  -12.33654  -12.28926  0.99216  0.00351  0.00733  
1760  0.990077  0.004968  -12.31850  -12.39641  0.02219  -12.34069  -12.29631  0.99371  0.00318  0.00676  
1780  0.989908  0.002923  -12.34381  -12.41141  0.02330  -12.36711  -12.32051  0.99455  0.00104  0.00481  
1800  0.989022  0.003865  -12.33216  -12.39057  0.02320  -12.35536  -12.30895  0.99529  0.00199  0.00574  
1820  0.989717  0.004532  -12.32389  -12.40763  0.02319  -12.34707  -12.30070  0.99325  0.00266  0.00641  
1840  0.988979  0.003907  -12.33164  -12.39639  0.02323  -12.35486  -12.30841  0.99478  0.00203  0.00578  
1860  0.989981  0.004881  -12.31958  -12.39889  0.02335  -12.34293  -12.29623  0.99360  0.00299  0.00677  
1880  0.989577  0.003135  -12.34119  -12.41405  0.02287  -12.36406  -12.31832  0.99413  0.00129  0.00498  
1900  0.990111  0.005104  -12.31681  -12.39423  0.02282  -12.33963  -12.29400  0.99375  0.00326  0.00695  
1920  0.989993  0.003698  -12.33422  -12.40328  0.02224  -12.35646  -12.31199  0.99443  0.00190  0.00549  
1940  0.989552  0.004441  -12.32502  -12.40616  0.02273  -12.34775  -12.30229  0.99346  0.00261  0.00628  
1960  0.990401  0.004007  -12.33039  -12.37985  0.02256  -12.35296  -12.30783  0.99601  0.00218  0.00583  
1980  0.989996  0.004836  -12.32013  -12.38593  0.02240  -12.34253  -12.29773  0.99469  0.00303  0.00665  
2000  0.989536  0.004640  -12.32255  -12.40941  0.02268  -12.34524  -12.29987  0.99300  0.00281  0.00647  
2020  0.989154  0.005652  -12.31003  -12.41435  0.02323  -12.33326  -12.28680  0.99160  0.00378  0.00753  
2040  0.989833  0.005084  -12.31706  -12.40546  0.02290  -12.33996  -12.29417  0.99287  0.00323  0.00693  
2060  0.989140  0.004979  -12.31836  -12.39757  0.02326  -12.34162  -12.29511  0.99361  0.00310  0.00686  
2080  0.990199  0.004259  -12.32727  -12.39141  0.02315  -12.35042  -12.30412  0.99482  0.00239  0.00613  
2100  0.989837  0.004007  -12.33040  -12.39719  0.02319  -12.35358  -12.30721  0.99461  0.00213  0.00588  
2120  0.989078  0.004046  -12.32991  -12.40137  0.02255  -12.35247  -12.30736  0.99424  0.00222  0.00587  
2140  0.988883  0.004910  -12.31922  -12.42259  0.02367  -12.34289  -12.29555  0.99168  0.00300  0.00682  
2160  0.989784  0.005588  -12.31082  -12.40855  0.02308  -12.33390  -12.28774  0.99212  0.00372  0.00745  
2180  0.989001  0.005139  -12.31638  -12.39884  0.02187  -12.33825  -12.29452  0.99335  0.00337  0.00690  
2200  0.989500  0.003931  -12.33133  -12.40135  0.02210  -12.35343  -12.30924  0.99435  0.00215  0.00572  
