nh: 5
samples1: 50000
samples2: 5000
burn_in: 500
steps: 100
Exact H:-12.38
   Fidelity  ROE       Mean      Median    CI Width LL on CI  UL on CI  mmRatio  Min Err  Max Err
20  0.854115  0.057865  -11.66364  -11.86361  0.06889  -11.73253  -11.59474  0.98314  0.05230  0.06343  
40  0.933347  0.029168  -12.01889  -12.29580  0.05015  -12.06905  -11.96874  0.97748  0.02512  0.03322  
60  0.966659  0.014371  -12.20208  -12.52011  0.03778  -12.23986  -12.16431  0.97460  0.01132  0.01742  
80  0.980663  0.008032  -12.28056  -12.49840  0.02936  -12.30992  -12.25121  0.98257  0.00566  0.01040  
100  0.985580  0.005300  -12.31438  -12.48330  0.02560  -12.33999  -12.28878  0.98647  0.00323  0.00737  
120  0.988235  0.004570  -12.32343  -12.47021  0.02440  -12.34783  -12.29903  0.98823  0.00260  0.00654  
140  0.990761  0.004288  -12.32691  -12.46148  0.02336  -12.35027  -12.30355  0.98920  0.00240  0.00618  
160  0.990259  0.004481  -12.32452  -12.42768  0.02208  -12.34660  -12.30244  0.99170  0.00270  0.00627  
180  0.991729  0.004787  -12.32074  -12.43926  0.02156  -12.34230  -12.29917  0.99047  0.00304  0.00653  
200  0.990873  0.003820  -12.33271  -12.43849  0.02085  -12.35356  -12.31186  0.99150  0.00214  0.00550  
220  0.991537  0.003465  -12.33710  -12.43322  0.02114  -12.35824  -12.31596  0.99227  0.00176  0.00517  
240  0.991941  0.003814  -12.33278  -12.41361  0.01983  -12.35261  -12.31295  0.99349  0.00221  0.00542  
260  0.992278  0.003176  -12.34068  -12.44274  0.01977  -12.36045  -12.32091  0.99180  0.00158  0.00477  
280  0.992273  0.003471  -12.33703  -12.42224  0.01876  -12.35579  -12.31827  0.99314  0.00196  0.00499  
300  0.993160  0.001395  -12.36273  -12.43538  0.01957  -12.38230  -12.34317  0.99416  0.00019  0.00298  
320  0.993102  0.003738  -12.33372  -12.43438  0.01772  -12.35144  -12.31600  0.99190  0.00231  0.00517  
340  0.994031  0.003069  -12.34201  -12.43765  0.01733  -12.35934  -12.32468  0.99231  0.00167  0.00447  
360  0.994563  0.003177  -12.34067  -12.43272  0.01639  -12.35706  -12.32427  0.99260  0.00185  0.00450  
380  0.994542  0.000331  -12.37590  -12.41922  0.01559  -12.39149  -12.36031  0.99651  0.00093  0.00159  
400  0.996661  0.001780  -12.35796  -12.43416  0.01345  -12.37141  -12.34451  0.99387  0.00069  0.00287  
420  0.997123  0.001051  -12.36698  -12.42391  0.01196  -12.37895  -12.35502  0.99542  0.00009  0.00202  
