nh: 5
samples1: 5000
samples2: 5000
burn_in: 500
steps: 100
Exact H:-12.38
   Fidelity  ROE       Mean      Median    CI Width LL on CI  UL on CI  mmRatio  Min Err  Max Err
20     N/A    0.176825  -10.19090  -10.55165  0.10625  -10.29715  -10.08465  0.96581  0.16824  0.18541  
40     N/A    0.156630  -10.44092  -10.57547  0.10291  -10.54384  -10.33801  0.98728  0.14832  0.16494  
60     N/A    0.142809  -10.61203  -10.78540  0.09932  -10.71134  -10.51271  0.98392  0.13479  0.15083  
80     N/A    0.123940  -10.84563  -11.07185  0.09572  -10.94134  -10.74991  0.97957  0.11621  0.13167  
100     N/A    0.105994  -11.06779  -11.22965  0.09156  -11.15935  -10.97624  0.98559  0.09860  0.11339  
120     N/A    0.088653  -11.28247  -11.52590  0.08456  -11.36704  -11.19791  0.97888  0.08182  0.09548  
140     N/A    0.080115  -11.38818  -11.62051  0.08178  -11.46996  -11.30640  0.98001  0.07351  0.08672  
160     N/A    0.070613  -11.50581  -11.68250  0.07549  -11.58130  -11.43033  0.98488  0.06452  0.07671  
180     N/A    0.061473  -11.61896  -11.85615  0.07218  -11.69114  -11.54679  0.98000  0.05564  0.06730  
200     N/A    0.057821  -11.66417  -11.84870  0.06868  -11.73285  -11.59549  0.98443  0.05227  0.06337  
220     N/A    0.047426  -11.79287  -11.98649  0.06610  -11.85897  -11.72677  0.98385  0.04209  0.05277  
240     N/A    0.051497  -11.74247  -11.84126  0.06390  -11.80637  -11.67857  0.99166  0.04633  0.05666  
260     N/A    0.040160  -11.88282  -12.07202  0.06239  -11.94521  -11.82043  0.98433  0.03512  0.04520  
280     N/A    0.042694  -11.85145  -12.00417  0.06111  -11.91256  -11.79035  0.98728  0.03776  0.04763  
300     N/A    0.041424  -11.86718  -12.00789  0.05874  -11.92591  -11.80844  0.98828  0.03668  0.04617  
320     N/A    0.037416  -11.91678  -12.15310  0.05754  -11.97432  -11.85925  0.98055  0.03277  0.04206  
340     N/A    0.037790  -11.91217  -12.14962  0.05761  -11.96978  -11.85455  0.98046  0.03314  0.04244  
360     N/A    0.034458  -11.95340  -12.15221  0.05554  -12.00894  -11.89787  0.98364  0.02997  0.03894  
380     N/A    0.035350  -11.94237  -12.12623  0.05506  -11.99743  -11.88731  0.98484  0.03090  0.03980  
400     N/A    0.031942  -11.98456  -12.21327  0.05393  -12.03849  -11.93063  0.98127  0.02759  0.03630  
420     N/A    0.029967  -12.00901  -12.25608  0.05355  -12.06256  -11.95547  0.97984  0.02564  0.03429  
440     N/A    0.032225  -11.98105  -12.19851  0.05318  -12.03423  -11.92787  0.98217  0.02793  0.03652  
460     N/A    0.026566  -12.05112  -12.29487  0.05056  -12.10168  -12.00056  0.98017  0.02248  0.03065  
480     N/A    0.027734  -12.03665  -12.28172  0.05056  -12.08721  -11.98610  0.98005  0.02365  0.03182  
500     N/A    0.026257  -12.05493  -12.29001  0.04955  -12.10449  -12.00538  0.98087  0.02225  0.03026  
520     N/A    0.025237  -12.06756  -12.34782  0.04850  -12.11606  -12.01906  0.97730  0.02132  0.02915  
540     N/A    0.023505  -12.08901  -12.33528  0.04754  -12.13656  -12.04147  0.98004  0.01966  0.02734  
560     N/A    0.024849  -12.07237  -12.32617  0.04680  -12.11917  -12.02556  0.97941  0.02107  0.02863  
580     N/A    0.021249  -12.11694  -12.36159  0.04559  -12.16253  -12.07135  0.98021  0.01757  0.02493  
600     N/A    0.020311  -12.12855  -12.36211  0.04377  -12.17231  -12.08478  0.98111  0.01678  0.02385  
620     N/A    0.019005  -12.14472  -12.39981  0.04247  -12.18719  -12.10225  0.97943  0.01557  0.02243  
640     N/A    0.019194  -12.14237  -12.38284  0.04160  -12.18397  -12.10078  0.98058  0.01583  0.02255  
660     N/A    0.018077  -12.15620  -12.42694  0.04091  -12.19712  -12.11529  0.97821  0.01477  0.02138  
680     N/A    0.018043  -12.15663  -12.46656  0.04048  -12.19710  -12.11615  0.97514  0.01477  0.02131  
700     N/A    0.016497  -12.17577  -12.46283  0.03919  -12.21496  -12.13659  0.97697  0.01333  0.01966  
720     N/A    0.015172  -12.19217  -12.47009  0.03785  -12.23001  -12.15432  0.97771  0.01212  0.01823  
740     N/A    0.014411  -12.20160  -12.46150  0.03707  -12.23866  -12.16453  0.97914  0.01142  0.01741  
760     N/A    0.013178  -12.21686  -12.48085  0.03653  -12.25339  -12.18032  0.97885  0.01023  0.01613  
780     N/A    0.011219  -12.24111  -12.54337  0.03508  -12.27619  -12.20603  0.97590  0.00839  0.01405  
800     N/A    0.011433  -12.23846  -12.53285  0.03408  -12.27254  -12.20438  0.97651  0.00868  0.01419  
820     N/A    0.011755  -12.23448  -12.51775  0.03355  -12.26803  -12.20092  0.97737  0.00904  0.01447  
840     N/A    0.011505  -12.23756  -12.50889  0.03286  -12.27043  -12.20470  0.97831  0.00885  0.01416  
860     N/A    0.010064  -12.25540  -12.48763  0.03192  -12.28733  -12.22348  0.98140  0.00749  0.01264  
880     N/A    0.009842  -12.25815  -12.49849  0.03233  -12.29048  -12.22583  0.98077  0.00723  0.01245  
900     N/A    0.008749  -12.27169  -12.50966  0.03063  -12.30232  -12.24106  0.98098  0.00627  0.01122  
920     N/A    0.009442  -12.26311  -12.47824  0.03097  -12.29408  -12.23215  0.98276  0.00694  0.01194  
940     N/A    0.009995  -12.25626  -12.48951  0.03024  -12.28649  -12.22602  0.98132  0.00755  0.01244  
960     N/A    0.008284  -12.27745  -12.46960  0.02888  -12.30632  -12.24857  0.98459  0.00595  0.01062  
980     N/A    0.009644  -12.26061  -12.47003  0.02974  -12.29035  -12.23087  0.98321  0.00724  0.01205  
1000     N/A    0.006986  -12.29352  -12.47449  0.02931  -12.32283  -12.26420  0.98549  0.00462  0.00935  
1020     N/A    0.006418  -12.30055  -12.47217  0.02849  -12.32904  -12.27205  0.98624  0.00412  0.00872  
1040     N/A    0.008775  -12.27136  -12.45191  0.02833  -12.29970  -12.24303  0.98550  0.00649  0.01106  
1060     N/A    0.009183  -12.26631  -12.40226  0.02846  -12.29478  -12.23785  0.98904  0.00688  0.01148  
1080     N/A    0.007667  -12.28509  -12.42974  0.02723  -12.31231  -12.25786  0.98836  0.00547  0.00987  
1100     N/A    0.007169  -12.29125  -12.44096  0.02711  -12.31836  -12.26414  0.98797  0.00498  0.00936  
1120     N/A    0.007091  -12.29221  -12.43137  0.02687  -12.31908  -12.26534  0.98881  0.00492  0.00926  
1140     N/A    0.007777  -12.28372  -12.43729  0.02608  -12.30980  -12.25764  0.98765  0.00567  0.00988  
1160     N/A    0.006890  -12.29470  -12.43864  0.02738  -12.32209  -12.26732  0.98843  0.00468  0.00910  
1180     N/A    0.007811  -12.28330  -12.43912  0.02694  -12.31024  -12.25636  0.98747  0.00564  0.00999  
1200     N/A    0.007725  -12.28437  -12.43585  0.02720  -12.31156  -12.25717  0.98782  0.00553  0.00992  
1220     N/A    0.007488  -12.28730  -12.42525  0.02561  -12.31291  -12.26169  0.98890  0.00542  0.00956  
1240     N/A    0.005667  -12.30985  -12.42463  0.02566  -12.33550  -12.28419  0.99076  0.00359  0.00774  
1260     N/A    0.005154  -12.31620  -12.43084  0.02607  -12.34226  -12.29013  0.99078  0.00305  0.00726  
1280     N/A    0.006787  -12.29597  -12.42424  0.02593  -12.32190  -12.27004  0.98968  0.00469  0.00888  
1300     N/A    0.006294  -12.30209  -12.42612  0.02629  -12.32837  -12.27580  0.99002  0.00417  0.00842  
1320     N/A    0.005439  -12.31267  -12.42205  0.02536  -12.33802  -12.28731  0.99119  0.00339  0.00749  
1340     N/A    0.006629  -12.29794  -12.41502  0.02502  -12.32295  -12.27292  0.99057  0.00461  0.00865  
1360     N/A    0.005620  -12.31042  -12.44160  0.02505  -12.33548  -12.28537  0.98946  0.00360  0.00764  
1380     N/A    0.006759  -12.29632  -12.42377  0.02610  -12.32242  -12.27022  0.98974  0.00465  0.00887  
1400     N/A    0.004361  -12.32602  -12.45548  0.02509  -12.35111  -12.30092  0.98961  0.00233  0.00639  
1420     N/A    0.005098  -12.31689  -12.45175  0.02432  -12.34121  -12.29257  0.98917  0.00313  0.00706  
1440     N/A    0.007116  -12.29191  -12.39718  0.02483  -12.31674  -12.26707  0.99151  0.00511  0.00912  
1460     N/A    0.005936  -12.30651  -12.43121  0.02408  -12.33059  -12.28243  0.98997  0.00399  0.00788  
1480     N/A    0.005903  -12.30691  -12.41657  0.02487  -12.33178  -12.28205  0.99117  0.00389  0.00791  
1500     N/A    0.005502  -12.31188  -12.45305  0.02394  -12.33582  -12.28794  0.98866  0.00357  0.00744  
1520     N/A    0.006158  -12.30376  -12.40849  0.02560  -12.32936  -12.27817  0.99156  0.00409  0.00823  
1540     N/A    0.004729  -12.32145  -12.43905  0.02525  -12.34671  -12.29620  0.99055  0.00269  0.00677  
1560     N/A    0.004830  -12.32021  -12.46076  0.02470  -12.34491  -12.29551  0.98872  0.00283  0.00682  
1580     N/A    0.005774  -12.30852  -12.44785  0.02399  -12.33251  -12.28454  0.98881  0.00384  0.00771  
1600     N/A    0.005252  -12.31498  -12.44835  0.02375  -12.33873  -12.29123  0.98929  0.00333  0.00717  
1620     N/A    0.006545  -12.29897  -12.43331  0.02343  -12.32240  -12.27554  0.98920  0.00465  0.00844  
1640     N/A    0.005256  -12.31493  -12.44886  0.02488  -12.33981  -12.29006  0.98924  0.00325  0.00727  
1660     N/A    0.006094  -12.30456  -12.43368  0.02354  -12.32810  -12.28103  0.98962  0.00419  0.00799  
1680     N/A    0.004679  -12.32207  -12.42722  0.02409  -12.34616  -12.29799  0.99154  0.00273  0.00662  
1700     N/A    0.006780  -12.29606  -12.40638  0.02433  -12.32040  -12.27173  0.99111  0.00481  0.00875  
1720     N/A    0.005083  -12.31707  -12.43090  0.02411  -12.34118  -12.29296  0.99084  0.00314  0.00703  
1740     N/A    0.004893  -12.31942  -12.45995  0.02458  -12.34401  -12.29484  0.98872  0.00291  0.00688  
1760     N/A    0.004852  -12.31993  -12.44923  0.02452  -12.34445  -12.29542  0.98961  0.00287  0.00683  
1780     N/A    0.005557  -12.31121  -12.44138  0.02365  -12.33486  -12.28755  0.98954  0.00365  0.00747  
1800     N/A    0.006276  -12.30231  -12.42658  0.02366  -12.32597  -12.27865  0.99000  0.00436  0.00819  
1820     N/A    0.003513  -12.33650  -12.45002  0.02333  -12.35984  -12.31317  0.99088  0.00163  0.00540  
1840     N/A    0.006152  -12.30384  -12.42534  0.02360  -12.32744  -12.28024  0.99022  0.00425  0.00806  
1860     N/A    0.005545  -12.31135  -12.42256  0.02375  -12.33510  -12.28760  0.99105  0.00363  0.00746  
1880     N/A    0.006452  -12.30012  -12.42619  0.02337  -12.32350  -12.27675  0.98985  0.00456  0.00834  
1900     N/A    0.005598  -12.31070  -12.42464  0.02419  -12.33489  -12.28651  0.99083  0.00364  0.00755  
1920     N/A    0.005133  -12.31645  -12.44188  0.02286  -12.33931  -12.29359  0.98992  0.00329  0.00698  
1940     N/A    0.005571  -12.31103  -12.41059  0.02324  -12.33427  -12.28779  0.99198  0.00369  0.00745  
1960     N/A    0.005164  -12.31607  -12.43575  0.02355  -12.33962  -12.29252  0.99038  0.00326  0.00707  
1980     N/A    0.005004  -12.31805  -12.45301  0.02283  -12.34089  -12.29522  0.98916  0.00316  0.00685  
2000     N/A    0.003171  -12.34074  -12.44356  0.02409  -12.36483  -12.31665  0.99174  0.00123  0.00512  
2020     N/A    0.004924  -12.31904  -12.45445  0.02353  -12.34257  -12.29551  0.98913  0.00302  0.00682  
2040     N/A    0.005194  -12.31570  -12.45258  0.02358  -12.33929  -12.29212  0.98901  0.00329  0.00710  
2060     N/A    0.005459  -12.31242  -12.42834  0.02292  -12.33533  -12.28950  0.99067  0.00361  0.00731  
2080     N/A    0.004720  -12.32156  -12.44133  0.02298  -12.34454  -12.29858  0.99037  0.00286  0.00658  
2100     N/A    0.004358  -12.32605  -12.46504  0.02378  -12.34982  -12.30227  0.98885  0.00244  0.00628  
2120     N/A    0.004099  -12.32926  -12.43949  0.02317  -12.35243  -12.30609  0.99114  0.00223  0.00597  
2140     N/A    0.006423  -12.30049  -12.43600  0.02321  -12.32369  -12.27728  0.98910  0.00455  0.00830  
2160     N/A    0.004159  -12.32851  -12.44921  0.02192  -12.35044  -12.30659  0.99031  0.00239  0.00593  
2180     N/A    0.004564  -12.32349  -12.44833  0.02323  -12.34672  -12.30026  0.98997  0.00269  0.00644  
2200     N/A    0.004893  -12.31942  -12.42654  0.02303  -12.34245  -12.29639  0.99138  0.00303  0.00675  
2220     N/A    0.004454  -12.32485  -12.44007  0.02247  -12.34732  -12.30239  0.99074  0.00264  0.00627  
2240     N/A    0.004773  -12.32092  -12.45060  0.02231  -12.34323  -12.29860  0.98958  0.00297  0.00657  
2260     N/A    0.005219  -12.31539  -12.43325  0.02261  -12.33800  -12.29277  0.99052  0.00339  0.00705  
2280     N/A    0.005645  -12.31012  -12.43418  0.02280  -12.33292  -12.28732  0.99002  0.00380  0.00749  
2300     N/A    0.004236  -12.32756  -12.44391  0.02230  -12.34985  -12.30526  0.99065  0.00244  0.00604  
2320     N/A    0.006054  -12.30505  -12.42724  0.02211  -12.32716  -12.28294  0.99017  0.00427  0.00784  
2340     N/A    0.005611  -12.31053  -12.44229  0.02326  -12.33379  -12.28727  0.98941  0.00373  0.00749  
2360     N/A    0.005879  -12.30722  -12.44063  0.02231  -12.32953  -12.28491  0.98928  0.00408  0.00768  
2380     N/A    0.005503  -12.31187  -12.44049  0.02255  -12.33442  -12.28933  0.98966  0.00368  0.00732  
2400     N/A    0.004831  -12.32019  -12.43791  0.02239  -12.34258  -12.29779  0.99054  0.00302  0.00664  
2420     N/A    0.004213  -12.32784  -12.43846  0.02293  -12.35077  -12.30491  0.99111  0.00236  0.00607  
2440     N/A    0.004995  -12.31816  -12.43017  0.02358  -12.34174  -12.29458  0.99099  0.00309  0.00690  
2460     N/A    0.005503  -12.31188  -12.43640  0.02262  -12.33450  -12.28926  0.98999  0.00368  0.00733  
2480     N/A    0.004220  -12.32775  -12.43015  0.02251  -12.35026  -12.30524  0.99176  0.00240  0.00604  
2500     N/A    0.003903  -12.33168  -12.42618  0.02247  -12.35415  -12.30921  0.99240  0.00209  0.00572  
2520     N/A    0.004563  -12.32351  -12.43996  0.02258  -12.34609  -12.30092  0.99064  0.00274  0.00639  
2540     N/A    0.004668  -12.32221  -12.43988  0.02227  -12.34447  -12.29994  0.99054  0.00287  0.00647  
2560     N/A    0.004548  -12.32370  -12.44482  0.02276  -12.34646  -12.30094  0.99027  0.00271  0.00639  
2580     N/A    0.004071  -12.32960  -12.44183  0.02220  -12.35180  -12.30739  0.99098  0.00228  0.00586  
2600     N/A    0.003732  -12.33380  -12.42844  0.02253  -12.35633  -12.31127  0.99239  0.00191  0.00555  
2620     N/A    0.005891  -12.30707  -12.43771  0.02215  -12.32922  -12.28492  0.98950  0.00410  0.00768  
2640     N/A    0.005689  -12.30957  -12.43849  0.02283  -12.33240  -12.28674  0.98964  0.00384  0.00753  
2660     N/A    0.004719  -12.32158  -12.43611  0.02138  -12.34296  -12.30020  0.99079  0.00299  0.00645  
2680     N/A    0.003533  -12.33626  -12.42278  0.02217  -12.35844  -12.31409  0.99304  0.00174  0.00532  
2700     N/A    0.004528  -12.32394  -12.43499  0.02199  -12.34593  -12.30196  0.99107  0.00275  0.00630  
2720     N/A    0.004825  -12.32027  -12.41489  0.02179  -12.34206  -12.29847  0.99238  0.00306  0.00659  
2740     N/A    0.005599  -12.31069  -12.41992  0.02221  -12.33290  -12.28848  0.99121  0.00380  0.00739  
2760     N/A    0.004135  -12.32881  -12.43475  0.02281  -12.35162  -12.30600  0.99148  0.00229  0.00598  
2780     N/A    0.004962  -12.31857  -12.43542  0.02170  -12.34028  -12.29687  0.99060  0.00321  0.00671  
2800     N/A    0.003536  -12.33623  -12.43694  0.02115  -12.35738  -12.31507  0.99190  0.00183  0.00524  
2820     N/A    0.003521  -12.33641  -12.41887  0.02277  -12.35918  -12.31364  0.99336  0.00168  0.00536  
2840     N/A    0.004864  -12.31979  -12.41924  0.02231  -12.34210  -12.29747  0.99199  0.00306  0.00667  
2860     N/A    0.004258  -12.32728  -12.42410  0.02175  -12.34903  -12.30554  0.99221  0.00250  0.00601  
2880     N/A    0.004664  -12.32226  -12.42129  0.02163  -12.34389  -12.30063  0.99203  0.00292  0.00641  
2900     N/A    0.002917  -12.34388  -12.43279  0.02234  -12.36622  -12.32155  0.99285  0.00111  0.00472  
2920     N/A    0.004645  -12.32249  -12.42595  0.02240  -12.34489  -12.30009  0.99167  0.00284  0.00645  
2940     N/A    0.004697  -12.32185  -12.43295  0.02178  -12.34363  -12.30007  0.99106  0.00294  0.00646  
2960     N/A    0.005528  -12.31156  -12.41221  0.02241  -12.33397  -12.28915  0.99189  0.00372  0.00734  
2980     N/A    0.003892  -12.33181  -12.40274  0.02113  -12.35294  -12.31068  0.99428  0.00219  0.00560  
3000     N/A    0.005100  -12.31686  -12.41566  0.02125  -12.33811  -12.29561  0.99204  0.00338  0.00682  
3020     N/A    0.004408  -12.32543  -12.41641  0.02205  -12.34748  -12.30338  0.99267  0.00263  0.00619  
3040     N/A    0.003191  -12.34049  -12.42150  0.02188  -12.36237  -12.31862  0.99348  0.00142  0.00496  
3060     N/A    0.003889  -12.33186  -12.42493  0.02080  -12.35266  -12.31106  0.99251  0.00221  0.00557  
3080     N/A    0.004501  -12.32427  -12.42976  0.02076  -12.34503  -12.30352  0.99151  0.00282  0.00618  
3100     N/A    0.004350  -12.32614  -12.42028  0.02156  -12.34771  -12.30458  0.99242  0.00261  0.00609  
3120     N/A    0.004130  -12.32887  -12.41768  0.02062  -12.34949  -12.30825  0.99285  0.00246  0.00580  
3140     N/A    0.003370  -12.33828  -12.41595  0.02127  -12.35954  -12.31701  0.99374  0.00165  0.00509  
3160     N/A    0.003278  -12.33942  -12.41281  0.02163  -12.36105  -12.31779  0.99409  0.00153  0.00502  
3180     N/A    0.002699  -12.34659  -12.42943  0.02037  -12.36696  -12.32622  0.99334  0.00105  0.00434  
3200     N/A    0.003949  -12.33111  -12.42768  0.02067  -12.35178  -12.31044  0.99223  0.00228  0.00562  
3220     N/A    0.004152  -12.32859  -12.40707  0.02060  -12.34920  -12.30799  0.99367  0.00249  0.00582  
3240     N/A    0.003837  -12.33249  -12.41328  0.01990  -12.35239  -12.31260  0.99349  0.00223  0.00544  
3260     N/A    0.004064  -12.32969  -12.43095  0.02066  -12.35035  -12.30904  0.99185  0.00240  0.00573  
3280     N/A    0.003033  -12.34246  -12.42228  0.02138  -12.36383  -12.32108  0.99357  0.00131  0.00476  
3300     N/A    0.005013  -12.31794  -12.41967  0.02085  -12.33879  -12.29709  0.99181  0.00333  0.00670  
3320     N/A    0.003451  -12.33728  -12.41215  0.02083  -12.35812  -12.31645  0.99397  0.00177  0.00513  
3340     N/A    0.004499  -12.32430  -12.41395  0.02080  -12.34509  -12.30350  0.99278  0.00282  0.00618  
3360     N/A    0.003716  -12.33400  -12.41683  0.02103  -12.35503  -12.31297  0.99333  0.00202  0.00541  
3380     N/A    0.003261  -12.33963  -12.40198  0.02050  -12.36013  -12.31913  0.99497  0.00160  0.00492  
3400     N/A    0.004823  -12.32029  -12.39865  0.02069  -12.34098  -12.29960  0.99368  0.00315  0.00649  
3420     N/A    0.003487  -12.33683  -12.42641  0.01977  -12.35660  -12.31706  0.99279  0.00189  0.00508  
3440     N/A    0.003414  -12.33774  -12.40294  0.01999  -12.35773  -12.31775  0.99474  0.00180  0.00503  
3460     N/A    0.003146  -12.34105  -12.41381  0.02059  -12.36165  -12.32046  0.99414  0.00148  0.00481  
3480     N/A    0.004737  -12.32136  -12.40306  0.01983  -12.34119  -12.30152  0.99341  0.00313  0.00634  
3500     N/A    0.004238  -12.32753  -12.43263  0.01930  -12.34683  -12.30823  0.99155  0.00268  0.00580  
3520     N/A    0.004343  -12.32624  -12.42935  0.01860  -12.34484  -12.30763  0.99170  0.00284  0.00585  
3540     N/A    0.003633  -12.33502  -12.42403  0.02015  -12.35517  -12.31487  0.99284  0.00201  0.00526  
3560     N/A    0.004403  -12.32549  -12.42031  0.01939  -12.34487  -12.30610  0.99237  0.00284  0.00597  
3580     N/A    0.003477  -12.33696  -12.40567  0.01966  -12.35662  -12.31730  0.99446  0.00189  0.00506  
3600     N/A    0.003403  -12.33788  -12.42267  0.01958  -12.35745  -12.31830  0.99317  0.00182  0.00498  
3620     N/A    0.004324  -12.32647  -12.41576  0.01959  -12.34606  -12.30688  0.99281  0.00274  0.00591  
3640     N/A    0.003403  -12.33787  -12.43665  0.01931  -12.35718  -12.31856  0.99206  0.00184  0.00496  
3660     N/A    0.004688  -12.32196  -12.42483  0.01947  -12.34143  -12.30248  0.99172  0.00312  0.00626  
3680     N/A    0.002852  -12.34470  -12.41254  0.01959  -12.36428  -12.32511  0.99453  0.00127  0.00443  
3700     N/A    0.004028  -12.33013  -12.40005  0.01964  -12.34977  -12.31049  0.99436  0.00244  0.00561  
3720     N/A    0.004199  -12.32802  -12.41343  0.01968  -12.34770  -12.30833  0.99312  0.00261  0.00579  
3740     N/A    0.004302  -12.32674  -12.40379  0.01878  -12.34551  -12.30796  0.99379  0.00279  0.00582  
3760     N/A    0.002290  -12.35164  -12.39844  0.01899  -12.37064  -12.33265  0.99623  0.00076  0.00382  
3780     N/A    0.003142  -12.34110  -12.41063  0.01944  -12.36055  -12.32166  0.99440  0.00157  0.00471  
3800     N/A    0.003767  -12.33337  -12.40077  0.01868  -12.35205  -12.31468  0.99456  0.00226  0.00528  
3820     N/A    0.003117  -12.34141  -12.38381  0.01844  -12.35985  -12.32297  0.99658  0.00163  0.00461  
3840     N/A    0.004069  -12.32962  -12.41416  0.01807  -12.34769  -12.31155  0.99319  0.00261  0.00553  
3860     N/A    0.002969  -12.34324  -12.40320  0.01817  -12.36141  -12.32508  0.99517  0.00150  0.00444  
3880     N/A    0.003344  -12.33860  -12.39888  0.01822  -12.35682  -12.32037  0.99514  0.00187  0.00482  
3900     N/A    0.002531  -12.34867  -12.40116  0.01861  -12.36728  -12.33005  0.99577  0.00103  0.00403  
3920     N/A    0.003077  -12.34191  -12.41162  0.01858  -12.36050  -12.32333  0.99438  0.00158  0.00458  
3940     N/A    0.002404  -12.35024  -12.39976  0.01871  -12.36895  -12.33153  0.99601  0.00089  0.00392  
3960     N/A    0.003003  -12.34282  -12.39416  0.01789  -12.36071  -12.32493  0.99586  0.00156  0.00445  
3980     N/A    0.002464  -12.34949  -12.39824  0.01795  -12.36744  -12.33154  0.99607  0.00101  0.00391  
4000     N/A    0.002388  -12.35043  -12.38698  0.01666  -12.36709  -12.33378  0.99705  0.00104  0.00373  
4020     N/A    0.003342  -12.33863  -12.39493  0.01778  -12.35641  -12.32085  0.99546  0.00191  0.00478  
4040     N/A    0.003890  -12.33185  -12.39728  0.01841  -12.35026  -12.31344  0.99472  0.00240  0.00538  
4060     N/A    0.002793  -12.34543  -12.40270  0.01780  -12.36322  -12.32763  0.99538  0.00136  0.00423  
4080     N/A    0.002004  -12.35519  -12.39909  0.01830  -12.37349  -12.33689  0.99646  0.00053  0.00348  
4100     N/A    0.003454  -12.33723  -12.40318  0.01670  -12.35393  -12.32054  0.99468  0.00211  0.00480  
4120     N/A    0.002643  -12.34728  -12.38982  0.01717  -12.36445  -12.33011  0.99657  0.00126  0.00403  
4140     N/A    0.003698  -12.33422  -12.38230  0.01726  -12.35148  -12.31697  0.99612  0.00230  0.00509  
4160     N/A    0.002590  -12.34794  -12.40098  0.01676  -12.36469  -12.33118  0.99572  0.00124  0.00394  
4180     N/A    0.003160  -12.34088  -12.39556  0.01714  -12.35802  -12.32374  0.99559  0.00178  0.00454  
4200     N/A    0.002374  -12.35061  -12.38146  0.01677  -12.36738  -12.33384  0.99751  0.00102  0.00373  
4220     N/A    0.002601  -12.34781  -12.38836  0.01669  -12.36450  -12.33111  0.99673  0.00125  0.00395  
4240     N/A    0.002556  -12.34835  -12.38950  0.01683  -12.36519  -12.33152  0.99668  0.00120  0.00392  
4260     N/A    0.003235  -12.33995  -12.38263  0.01591  -12.35586  -12.32405  0.99655  0.00195  0.00452  
4280     N/A    0.002224  -12.35247  -12.38364  0.01610  -12.36858  -12.33637  0.99748  0.00092  0.00352  
4300     N/A    0.002005  -12.35518  -12.38850  0.01555  -12.37072  -12.33963  0.99731  0.00075  0.00326  
4320     N/A    0.002511  -12.34891  -12.37119  0.01599  -12.36490  -12.33292  0.99820  0.00122  0.00380  
4340     N/A    0.002008  -12.35514  -12.38095  0.01555  -12.37069  -12.33958  0.99792  0.00075  0.00326  
4360     N/A    0.001952  -12.35583  -12.37916  0.01604  -12.37187  -12.33980  0.99812  0.00066  0.00325  
4380     N/A    0.003177  -12.34067  -12.36650  0.01543  -12.35610  -12.32524  0.99791  0.00193  0.00442  
4400     N/A    0.001628  -12.35985  -12.36791  0.01514  -12.37499  -12.34471  0.99935  0.00040  0.00285  
4420     N/A    0.002548  -12.34845  -12.37608  0.01566  -12.36411  -12.33279  0.99777  0.00128  0.00381  
4440     N/A    0.002627  -12.34748  -12.38672  0.01590  -12.36338  -12.33158  0.99683  0.00134  0.00391  
4460     N/A    0.001961  -12.35572  -12.38563  0.01485  -12.37057  -12.34087  0.99759  0.00076  0.00316  
4480     N/A    0.002268  -12.35192  -12.37451  0.01458  -12.36650  -12.33734  0.99817  0.00109  0.00345  
4500     N/A    0.002424  -12.34999  -12.37759  0.01505  -12.36503  -12.33494  0.99777  0.00121  0.00364  
4520     N/A    0.001725  -12.35865  -12.38700  0.01515  -12.37380  -12.34350  0.99771  0.00050  0.00295  
4540     N/A    0.002329  -12.35117  -12.38674  0.01549  -12.36665  -12.33568  0.99713  0.00108  0.00358  
4560     N/A    0.002110  -12.35387  -12.37927  0.01469  -12.36857  -12.33918  0.99795  0.00092  0.00330  
4580     N/A    0.002190  -12.35288  -12.36501  0.01485  -12.36774  -12.33803  0.99902  0.00099  0.00339  
4600     N/A    0.002453  -12.34963  -12.36668  0.01505  -12.36468  -12.33458  0.99862  0.00124  0.00367  
4620     N/A    0.002432  -12.34989  -12.36115  0.01474  -12.36463  -12.33515  0.99909  0.00124  0.00362  
4640     N/A    0.001745  -12.35840  -12.38223  0.01455  -12.37294  -12.34385  0.99808  0.00057  0.00292  
4660     N/A    0.002459  -12.34956  -12.35757  0.01408  -12.36363  -12.33548  0.99935  0.00132  0.00360  
4680     N/A    0.002218  -12.35254  -12.35426  0.01400  -12.36654  -12.33855  0.99986  0.00109  0.00335  
4700     N/A    0.001865  -12.35691  -12.37386  0.01427  -12.37118  -12.34265  0.99863  0.00071  0.00302  
4720     N/A    0.002090  -12.35412  -12.37188  0.01403  -12.36815  -12.34009  0.99856  0.00096  0.00322  
4740     N/A    0.002152  -12.35336  -12.34792  0.01388  -12.36724  -12.33949  1.00044  0.00103  0.00327  
4760     N/A    0.001619  -12.35996  -12.37238  0.01437  -12.37433  -12.34559  0.99900  0.00046  0.00278  
4780     N/A    0.001934  -12.35606  -12.34660  0.01387  -12.36993  -12.34219  1.00077  0.00081  0.00305  
4800     N/A    0.002595  -12.34788  -12.35974  0.01415  -12.36202  -12.33373  0.99904  0.00145  0.00374  
4820     N/A    0.001660  -12.35945  -12.36733  0.01417  -12.37362  -12.34527  0.99936  0.00052  0.00280  
4840     N/A    0.001785  -12.35790  -12.36057  0.01419  -12.37210  -12.34371  0.99978  0.00064  0.00293  
4860     N/A    0.002138  -12.35354  -12.37084  0.01405  -12.36759  -12.33948  0.99860  0.00100  0.00327  
4880     N/A    0.001428  -12.36232  -12.36516  0.01365  -12.37596  -12.34867  0.99977  0.00033  0.00253  
4900     N/A    0.002019  -12.35501  -12.35141  0.01373  -12.36874  -12.34128  1.00029  0.00091  0.00313  
4920     N/A    0.001821  -12.35746  -12.36387  0.01340  -12.37086  -12.34405  0.99948  0.00074  0.00290  
4940     N/A    0.002486  -12.34922  -12.35841  0.01311  -12.36233  -12.33611  0.99926  0.00143  0.00355  
4960     N/A    0.001825  -12.35741  -12.34136  0.01353  -12.37094  -12.34387  1.00130  0.00073  0.00292  
4980     N/A    0.001902  -12.35646  -12.37289  0.01360  -12.37005  -12.34286  0.99867  0.00080  0.00300  
5000     N/A    0.001845  -12.35715  -12.36399  0.01334  -12.37049  -12.34381  0.99945  0.00077  0.00292  
5020     N/A    0.001594  -12.36027  -12.36448  0.01375  -12.37402  -12.34651  0.99966  0.00048  0.00270  
5040     N/A    0.001907  -12.35639  -12.36206  0.01325  -12.36964  -12.34315  0.99954  0.00084  0.00298  
5060     N/A    0.001833  -12.35731  -12.36029  0.01327  -12.37058  -12.34405  0.99976  0.00076  0.00290  
5080     N/A    0.002004  -12.35519  -12.37579  0.01307  -12.36827  -12.34212  0.99834  0.00095  0.00306  
5100     N/A    0.001603  -12.36016  -12.35951  0.01307  -12.37323  -12.34708  1.00005  0.00055  0.00266  
5120     N/A    0.001356  -12.36321  -12.35145  0.01327  -12.37648  -12.34993  1.00095  0.00028  0.00243  
5140     N/A    0.001491  -12.36154  -12.34914  0.01330  -12.37484  -12.34824  1.00100  0.00042  0.00257  
5160     N/A    0.001891  -12.35659  -12.34159  0.01281  -12.36939  -12.34378  1.00122  0.00086  0.00293  
5180     N/A    0.000919  -12.36863  -12.34808  0.01280  -12.38142  -12.35583  1.00166  0.00011  0.00195  
5200     N/A    0.001483  -12.36164  -12.34939  0.01298  -12.37462  -12.34866  1.00099  0.00043  0.00253  
5220     N/A    0.001893  -12.35656  -12.34938  0.01276  -12.36932  -12.34380  1.00058  0.00086  0.00292  
5240     N/A    0.001418  -12.36244  -12.34726  0.01270  -12.37514  -12.34974  1.00123  0.00039  0.00244  
5260     N/A    0.001468  -12.36182  -12.34453  0.01258  -12.37440  -12.34925  1.00140  0.00045  0.00248  
5280     N/A    0.001429  -12.36231  -12.36258  0.01296  -12.37527  -12.34935  0.99998  0.00038  0.00248  
5300     N/A    0.001836  -12.35727  -12.34210  0.01246  -12.36973  -12.34481  1.00123  0.00083  0.00284  
5320     N/A    0.002017  -12.35503  -12.34356  0.01285  -12.36788  -12.34219  1.00093  0.00098  0.00305  
5340     N/A    0.000957  -12.36815  -12.34058  0.01240  -12.38056  -12.35575  1.00223  0.00004  0.00196  
5360     N/A    0.001456  -12.36197  -12.34820  0.01252  -12.37449  -12.34946  1.00112  0.00045  0.00247  
5380     N/A    0.001614  -12.36002  -12.35010  0.01264  -12.37267  -12.34738  1.00080  0.00059  0.00264  
5400     N/A    0.001560  -12.36069  -12.34565  0.01250  -12.37319  -12.34819  1.00122  0.00055  0.00257  
5420     N/A    0.001914  -12.35630  -12.34543  0.01274  -12.36904  -12.34356  1.00088  0.00088  0.00294  
5440     N/A    0.001084  -12.36658  -12.34972  0.01248  -12.37906  -12.35411  1.00137  0.00008  0.00209  
5460     N/A    0.001307  -12.36382  -12.35273  0.01221  -12.37604  -12.35161  1.00090  0.00032  0.00229  
5480     N/A    0.001324  -12.36361  -12.35222  0.01220  -12.37581  -12.35141  1.00092  0.00034  0.00231  
5500     N/A    0.001436  -12.36222  -12.33495  0.01246  -12.37469  -12.34976  1.00221  0.00043  0.00244  
5520     N/A    0.001028  -12.36728  -12.34503  0.01243  -12.37970  -12.35485  1.00180  0.00002  0.00203  
5540     N/A    0.002017  -12.35502  -12.34643  0.01259  -12.36762  -12.34243  1.00070  0.00100  0.00303  
5560     N/A    0.001468  -12.36183  -12.34639  0.01248  -12.37431  -12.34935  1.00125  0.00046  0.00248  
5580     N/A    0.001204  -12.36510  -12.35583  0.01223  -12.37732  -12.35287  1.00075  0.00022  0.00219  
5600     N/A    0.001433  -12.36226  -12.36472  0.01246  -12.37472  -12.34980  0.99980  0.00043  0.00244  
5620     N/A    0.001583  -12.36040  -12.33951  0.01229  -12.37269  -12.34811  1.00169  0.00059  0.00258  
5640     N/A    0.001747  -12.35837  -12.35348  0.01219  -12.37057  -12.34618  1.00040  0.00076  0.00273  
5660     N/A    0.001582  -12.36042  -12.34258  0.01211  -12.37253  -12.34831  1.00144  0.00060  0.00256  
5680     N/A    0.001487  -12.36159  -12.34455  0.01214  -12.37373  -12.34945  1.00138  0.00051  0.00247  
5700     N/A    0.001263  -12.36436  -12.34941  0.01226  -12.37662  -12.35210  1.00121  0.00027  0.00225  
5720     N/A    0.001331  -12.36352  -12.34852  0.01214  -12.37566  -12.35138  1.00121  0.00035  0.00231  
5740     N/A    0.001225  -12.36483  -12.36472  0.01218  -12.37701  -12.35264  1.00001  0.00024  0.00221  
5760     N/A    0.001692  -12.35905  -12.34106  0.01180  -12.37085  -12.34725  1.00146  0.00074  0.00265  
5780     N/A    0.001286  -12.36408  -12.34432  0.01192  -12.37600  -12.35217  1.00160  0.00032  0.00225  
5800     N/A    0.001734  -12.35853  -12.35358  0.01203  -12.37056  -12.34650  1.00040  0.00076  0.00271  
5820     N/A    0.001776  -12.35801  -12.34136  0.01200  -12.37001  -12.34601  1.00135  0.00081  0.00275  
5840     N/A    0.001460  -12.36193  -12.35080  0.01212  -12.37405  -12.34981  1.00090  0.00048  0.00244  
5860     N/A    0.000948  -12.36826  -12.34529  0.01176  -12.38002  -12.35650  1.00186  0.00000  0.00190  
5880     N/A    0.001155  -12.36571  -12.34681  0.01201  -12.37771  -12.35370  1.00153  0.00018  0.00212  
5900     N/A    0.001546  -12.36086  -12.33308  0.01209  -12.37295  -12.34878  1.00225  0.00057  0.00252  
5920     N/A    0.002022  -12.35497  -12.33235  0.01177  -12.36674  -12.34320  1.00183  0.00107  0.00297  
5940     N/A    0.001217  -12.36493  -12.33862  0.01175  -12.37668  -12.35318  1.00213  0.00027  0.00217  
5960     N/A    0.001574  -12.36052  -12.34821  0.01194  -12.37246  -12.34858  1.00100  0.00061  0.00254  
5980     N/A    0.000841  -12.36959  -12.35253  0.01173  -12.38132  -12.35785  1.00138  0.00011  0.00179  
6000     N/A    0.001093  -12.36647  -12.35774  0.01183  -12.37831  -12.35464  1.00071  0.00014  0.00205  
6020     N/A    0.001175  -12.36546  -12.33722  0.01190  -12.37735  -12.35356  1.00229  0.00021  0.00214  
6040     N/A    0.001663  -12.35941  -12.33752  0.01179  -12.37120  -12.34762  1.00177  0.00071  0.00262  
6060     N/A    0.000515  -12.37362  -12.38237  0.01183  -12.38545  -12.36179  0.99929  0.00044  0.00147  
6080     N/A    0.001743  -12.35842  -12.34358  0.01191  -12.37033  -12.34651  1.00120  0.00078  0.00271  
6100     N/A    0.000428  -12.37470  -12.36350  0.01205  -12.38676  -12.36265  1.00091  0.00055  0.00140  
6120     N/A    0.001603  -12.36015  -12.34456  0.01182  -12.37197  -12.34833  1.00126  0.00065  0.00256  
6140     N/A    0.000917  -12.36865  -12.35952  0.01223  -12.38088  -12.35642  1.00074  0.00007  0.00190  
6160     N/A    0.000644  -12.37203  -12.33593  0.01177  -12.38380  -12.36026  1.00293  0.00031  0.00159  
6180     N/A    0.001455  -12.36199  -12.35199  0.01167  -12.37366  -12.35032  1.00081  0.00051  0.00240  
6200     N/A    0.001443  -12.36213  -12.35422  0.01183  -12.37396  -12.35030  1.00064  0.00049  0.00240  
6220     N/A    0.001668  -12.35935  -12.34667  0.01198  -12.37133  -12.34738  1.00103  0.00070  0.00264  
6240     N/A    0.000806  -12.37002  -12.35977  0.01180  -12.38182  -12.35822  1.00083  0.00015  0.00176  
6260     N/A    0.001706  -12.35888  -12.35654  0.01177  -12.37066  -12.34711  1.00019  0.00075  0.00266  
6280     N/A    0.001225  -12.36484  -12.35026  0.01177  -12.37661  -12.35307  1.00118  0.00027  0.00218  
6300     N/A    0.000864  -12.36930  -12.35503  0.01174  -12.38103  -12.35756  1.00115  0.00008  0.00181  
6320     N/A    0.001265  -12.36433  -12.35009  0.01159  -12.37592  -12.35275  1.00115  0.00033  0.00220  
6340     N/A    0.000868  -12.36926  -12.35929  0.01180  -12.38106  -12.35746  1.00081  0.00009  0.00182  
6360     N/A    0.001304  -12.36386  -12.33440  0.01175  -12.37561  -12.35211  1.00239  0.00035  0.00225  
6380     N/A    0.001620  -12.35995  -12.35162  0.01148  -12.37143  -12.34847  1.00067  0.00069  0.00255  
6400     N/A    0.001320  -12.36366  -12.34484  0.01135  -12.37500  -12.35231  1.00152  0.00040  0.00224  
6420     N/A    0.001223  -12.36486  -12.36472  0.01147  -12.37633  -12.35339  1.00001  0.00030  0.00215  
6440     N/A    0.001318  -12.36368  -12.36118  0.01155  -12.37524  -12.35213  1.00020  0.00038  0.00225  
6460     N/A    0.001262  -12.36438  -12.35609  0.01169  -12.37607  -12.35269  1.00067  0.00032  0.00221  
6480     N/A    0.001245  -12.36459  -12.37084  0.01165  -12.37624  -12.35293  0.99949  0.00030  0.00219  
6500     N/A    0.000835  -12.36966  -12.36114  0.01174  -12.38140  -12.35792  1.00069  0.00011  0.00178  
6520     N/A    0.001267  -12.36431  -12.35920  0.01149  -12.37580  -12.35282  1.00041  0.00034  0.00220  
6540     N/A    0.000677  -12.37162  -12.34273  0.01140  -12.38302  -12.36023  1.00234  0.00024  0.00160  
6560     N/A    0.001452  -12.36202  -12.34803  0.01113  -12.37315  -12.35090  1.00113  0.00055  0.00235  
6580     N/A    0.001055  -12.36694  -12.36558  0.01168  -12.37862  -12.35526  1.00011  0.00011  0.00200  
6600     N/A    0.000634  -12.37215  -12.34787  0.01146  -12.38361  -12.36068  1.00197  0.00029  0.00156  
6620     N/A    0.001618  -12.35997  -12.35826  0.01129  -12.37126  -12.34868  1.00014  0.00071  0.00253  
6640     N/A    0.000915  -12.36867  -12.36435  0.01187  -12.38054  -12.35681  1.00035  0.00004  0.00187  
6660     N/A    0.001321  -12.36365  -12.36499  0.01147  -12.37512  -12.35218  0.99989  0.00039  0.00225  
6680     N/A    0.001992  -12.35534  -12.34000  0.01157  -12.36691  -12.34377  1.00124  0.00106  0.00293  
6700     N/A    0.001548  -12.36084  -12.33788  0.01148  -12.37232  -12.34935  1.00186  0.00062  0.00248  
6720     N/A    0.001175  -12.36545  -12.35218  0.01161  -12.37706  -12.35384  1.00107  0.00024  0.00211  
6740     N/A    0.001036  -12.36717  -12.35796  0.01155  -12.37872  -12.35562  1.00074  0.00010  0.00197  
6760     N/A    0.001248  -12.36455  -12.35909  0.01135  -12.37590  -12.35320  1.00044  0.00033  0.00216  
6780     N/A    0.000805  -12.37003  -12.33720  0.01141  -12.38144  -12.35863  1.00266  0.00012  0.00173  
6800     N/A    0.001098  -12.36641  -12.34313  0.01160  -12.37800  -12.35481  1.00189  0.00016  0.00203  
6820     N/A    0.001390  -12.36279  -12.33742  0.01114  -12.37393  -12.35165  1.00206  0.00049  0.00229  
6840     N/A    0.000897  -12.36890  -12.34640  0.01145  -12.38035  -12.35745  1.00182  0.00003  0.00182  
6860     N/A    0.000839  -12.36961  -12.36054  0.01135  -12.38096  -12.35826  1.00073  0.00008  0.00176  
6880     N/A    0.001337  -12.36345  -12.35152  0.01117  -12.37461  -12.35228  1.00097  0.00044  0.00224  
6900     N/A    0.001159  -12.36565  -12.35323  0.01193  -12.37758  -12.35372  1.00101  0.00020  0.00212  
6920     N/A    0.001493  -12.36152  -12.36306  0.01167  -12.37319  -12.34985  0.99988  0.00055  0.00244  
6940     N/A    0.000642  -12.37206  -12.37831  0.01145  -12.38351  -12.36060  0.99949  0.00028  0.00157  
6960     N/A    0.001714  -12.35878  -12.37524  0.01129  -12.37007  -12.34748  0.99867  0.00080  0.00263  
6980     N/A    0.000701  -12.37133  -12.37455  0.01130  -12.38262  -12.36003  0.99974  0.00021  0.00161  
7000     N/A    0.001101  -12.36637  -12.38232  0.01140  -12.37777  -12.35497  0.99871  0.00018  0.00202  
7020     N/A    0.001667  -12.35937  -12.36174  0.01138  -12.37074  -12.34799  0.99981  0.00075  0.00259  
7040     N/A    0.001414  -12.36250  -12.35673  0.01127  -12.37377  -12.35123  1.00047  0.00050  0.00232  
7060     N/A    0.001497  -12.36147  -12.36120  0.01161  -12.37308  -12.34986  1.00002  0.00056  0.00243  
7080     N/A    0.001319  -12.36367  -12.35125  0.01151  -12.37518  -12.35216  1.00101  0.00039  0.00225  
7100     N/A    0.000989  -12.36776  -12.35868  0.01140  -12.37916  -12.35636  1.00073  0.00007  0.00191  
7120     N/A    0.001411  -12.36253  -12.34794  0.01155  -12.37408  -12.35099  1.00118  0.00048  0.00234  
7140     N/A    0.001386  -12.36285  -12.34542  0.01165  -12.37450  -12.35119  1.00141  0.00044  0.00233  
7160     N/A    0.001834  -12.35729  -12.34257  0.01159  -12.36888  -12.34570  1.00119  0.00090  0.00277  
7180     N/A    0.001121  -12.36612  -12.35229  0.01145  -12.37757  -12.35467  1.00112  0.00020  0.00205  
7200     N/A    0.001197  -12.36518  -12.35680  0.01114  -12.37632  -12.35404  1.00068  0.00030  0.00210  
7220     N/A    0.001123  -12.36609  -12.35176  0.01124  -12.37734  -12.35485  1.00116  0.00021  0.00203  
7240     N/A    0.001446  -12.36209  -12.33391  0.01133  -12.37342  -12.35077  1.00229  0.00053  0.00236  
7260     N/A    0.001281  -12.36414  -12.37547  0.01144  -12.37558  -12.35270  0.99908  0.00036  0.00220  
7280     N/A    0.001803  -12.35767  -12.35968  0.01124  -12.36891  -12.34644  0.99984  0.00090  0.00271  
7300     N/A    0.000891  -12.36897  -12.35356  0.01098  -12.37995  -12.35800  1.00125  0.00000  0.00178  
7320     N/A    0.000867  -12.36926  -12.35762  0.01130  -12.38056  -12.35796  1.00094  0.00005  0.00178  
7340     N/A    0.001651  -12.35956  -12.35604  0.01130  -12.37085  -12.34826  1.00028  0.00074  0.00256  
7360     N/A    0.001206  -12.36507  -12.35997  0.01134  -12.37641  -12.35374  1.00041  0.00029  0.00212  
7380     N/A    0.001299  -12.36392  -12.35382  0.01144  -12.37536  -12.35248  1.00082  0.00037  0.00222  
7400     N/A    0.000953  -12.36821  -12.35567  0.01117  -12.37938  -12.35703  1.00101  0.00005  0.00186  
7420     N/A    0.001024  -12.36732  -12.35566  0.01142  -12.37874  -12.35590  1.00094  0.00010  0.00195  
7440     N/A    0.001601  -12.36018  -12.34445  0.01120  -12.37138  -12.34899  1.00127  0.00070  0.00251  
7460     N/A    0.000603  -12.37253  -12.36317  0.01164  -12.38417  -12.36089  1.00076  0.00034  0.00154  
7480     N/A    0.001099  -12.36640  -12.35951  0.01151  -12.37791  -12.35488  1.00056  0.00017  0.00203  
7500     N/A    0.001780  -12.35797  -12.35184  0.01106  -12.36903  -12.34691  1.00050  0.00089  0.00267  
7520     N/A    0.000882  -12.36908  -12.36014  0.01124  -12.38032  -12.35783  1.00072  0.00003  0.00179  
7540     N/A    0.000997  -12.36765  -12.35812  0.01096  -12.37861  -12.35669  1.00077  0.00011  0.00188  
7560     N/A    0.001247  -12.36457  -12.36085  0.01125  -12.37582  -12.35332  1.00030  0.00034  0.00216  
7580     N/A    0.001077  -12.36667  -12.36626  0.01079  -12.37746  -12.35589  1.00003  0.00021  0.00195  
7600     N/A    0.001095  -12.36645  -12.35866  0.01100  -12.37745  -12.35544  1.00063  0.00021  0.00198  
7620     N/A    0.001573  -12.36052  -12.35290  0.01123  -12.37176  -12.34929  1.00062  0.00067  0.00248  
7640     N/A    0.001822  -12.35745  -12.35262  0.01120  -12.36865  -12.34624  1.00039  0.00092  0.00273  
7660     N/A    0.001159  -12.36565  -12.36433  0.01119  -12.37685  -12.35446  1.00011  0.00025  0.00206  
7680     N/A    0.000895  -12.36892  -12.35038  0.01095  -12.37986  -12.35797  1.00150  0.00001  0.00178  
7700     N/A    0.001254  -12.36448  -12.34670  0.01147  -12.37595  -12.35300  1.00144  0.00033  0.00218  
7720     N/A    0.001710  -12.35882  -12.34263  0.01132  -12.37015  -12.34750  1.00131  0.00080  0.00262  
7740     N/A    0.000726  -12.37101  -12.36939  0.01140  -12.38242  -12.35961  1.00013  0.00020  0.00165  
7760     N/A    0.001291  -12.36402  -12.34438  0.01125  -12.37527  -12.35277  1.00159  0.00038  0.00220  
7780     N/A    0.001145  -12.36583  -12.35989  0.01126  -12.37709  -12.35457  1.00048  0.00023  0.00205  
7800     N/A    0.000631  -12.37219  -12.36591  0.01121  -12.38341  -12.36098  1.00051  0.00028  0.00154  
7820     N/A    0.001307  -12.36382  -12.36909  0.01128  -12.37510  -12.35254  0.99957  0.00040  0.00222  
7840     N/A    0.000963  -12.36808  -12.35735  0.01147  -12.37955  -12.35662  1.00087  0.00004  0.00189  
7860     N/A    0.000734  -12.37092  -12.37212  0.01143  -12.38234  -12.35949  0.99990  0.00019  0.00166  
7880     N/A    0.001485  -12.36162  -12.36215  0.01111  -12.37273  -12.35051  0.99996  0.00059  0.00238  
7900     N/A    0.000376  -12.37535  -12.36812  0.01125  -12.38660  -12.36410  1.00058  0.00053  0.00128  
7920     N/A    0.000647  -12.37199  -12.36986  0.01122  -12.38322  -12.36077  1.00017  0.00026  0.00155  
7940     N/A    0.000807  -12.37001  -12.36187  0.01109  -12.38110  -12.35893  1.00066  0.00009  0.00170  
7960     N/A    0.001631  -12.35981  -12.35000  0.01118  -12.37099  -12.34862  1.00079  0.00073  0.00253  
7980     N/A    0.000829  -12.36973  -12.37351  0.01110  -12.38084  -12.35863  0.99969  0.00007  0.00173  
8000     N/A    0.001147  -12.36580  -12.35440  0.01136  -12.37716  -12.35444  1.00092  0.00023  0.00206  
8020     N/A    0.000597  -12.37261  -12.34141  0.01127  -12.38388  -12.36133  1.00253  0.00031  0.00151  
8040     N/A    0.001429  -12.36231  -12.36029  0.01105  -12.37335  -12.35126  1.00016  0.00054  0.00232  
8060     N/A    0.001302  -12.36389  -12.37000  0.01125  -12.37513  -12.35264  0.99951  0.00039  0.00221  
8080     N/A    0.001021  -12.36736  -12.36598  0.01135  -12.37871  -12.35601  1.00011  0.00010  0.00194  
8100     N/A    0.001009  -12.36751  -12.36576  0.01138  -12.37888  -12.35613  1.00014  0.00009  0.00193  
8120     N/A    0.001743  -12.35843  -12.35844  0.01103  -12.36946  -12.34740  1.00000  0.00085  0.00263  
8140     N/A    0.001368  -12.36306  -12.35925  0.01091  -12.37398  -12.35215  1.00031  0.00049  0.00225  
8160     N/A    0.001345  -12.36334  -12.36527  0.01127  -12.37462  -12.35207  0.99984  0.00043  0.00226  
8180     N/A    0.000917  -12.36865  -12.36012  0.01130  -12.37995  -12.35735  1.00069  0.00000  0.00183  
8200     N/A    0.001085  -12.36656  -12.35608  0.01088  -12.37744  -12.35568  1.00085  0.00021  0.00196  
8220     N/A    0.001268  -12.36430  -12.36164  0.01112  -12.37542  -12.35318  1.00022  0.00037  0.00217  
8240     N/A    0.001173  -12.36548  -12.35461  0.01111  -12.37659  -12.35438  1.00088  0.00028  0.00207  
8260     N/A    0.001433  -12.36226  -12.36162  0.01121  -12.37347  -12.35105  1.00005  0.00053  0.00234  
8280     N/A    0.001043  -12.36709  -12.35788  0.01119  -12.37828  -12.35590  1.00075  0.00014  0.00195  
8300     N/A    0.000839  -12.36962  -12.37173  0.01111  -12.38073  -12.35851  0.99983  0.00006  0.00174  
8320     N/A    0.001170  -12.36552  -12.35294  0.01113  -12.37665  -12.35438  1.00102  0.00027  0.00207  
8340     N/A    0.000856  -12.36941  -12.36691  0.01124  -12.38065  -12.35816  1.00020  0.00005  0.00176  
8360     N/A    0.001222  -12.36487  -12.36009  0.01104  -12.37591  -12.35383  1.00039  0.00033  0.00211  
8380     N/A    0.000951  -12.36823  -12.36911  0.01126  -12.37949  -12.35697  0.99993  0.00004  0.00186  
8400     N/A    0.001447  -12.36209  -12.36795  0.01102  -12.37310  -12.35107  0.99953  0.00056  0.00234  
8420     N/A    0.000788  -12.37024  -12.37059  0.01104  -12.38128  -12.35920  0.99997  0.00010  0.00168  
8440     N/A    0.001035  -12.36718  -12.36557  0.01090  -12.37808  -12.35629  1.00013  0.00016  0.00192  
8460     N/A    0.000937  -12.36840  -12.36386  0.01074  -12.37914  -12.35765  1.00037  0.00007  0.00181  
8480     N/A    0.000746  -12.37077  -12.36780  0.01087  -12.38164  -12.35990  1.00024  0.00013  0.00162  
8500     N/A    0.001101  -12.36637  -12.34420  0.01116  -12.37753  -12.35522  1.00180  0.00020  0.00200  
8520     N/A    0.000924  -12.36857  -12.35393  0.01089  -12.37946  -12.35768  1.00119  0.00004  0.00180  
8540     N/A    0.001447  -12.36209  -12.35944  0.01094  -12.37303  -12.35114  1.00021  0.00056  0.00233  
8560     N/A    0.000767  -12.37050  -12.36945  0.01136  -12.38186  -12.35914  1.00008  0.00015  0.00169  
8580     N/A    0.000835  -12.36966  -12.36546  0.01122  -12.38088  -12.35844  1.00034  0.00007  0.00174  
8600     N/A    0.001474  -12.36175  -12.36160  0.01097  -12.37273  -12.35078  1.00001  0.00059  0.00236  
8620     N/A    0.001451  -12.36204  -12.35836  0.01076  -12.37279  -12.35128  1.00030  0.00058  0.00232  
8640     N/A    0.001264  -12.36435  -12.37078  0.01103  -12.37538  -12.35332  0.99948  0.00037  0.00216  
8660     N/A    0.001717  -12.35874  -12.34873  0.01111  -12.36986  -12.34763  1.00081  0.00082  0.00261  
8680     N/A    0.001371  -12.36303  -12.35494  0.01086  -12.37388  -12.35217  1.00065  0.00049  0.00225  
8700     N/A    0.001154  -12.36571  -12.36860  0.01135  -12.37706  -12.35436  0.99977  0.00024  0.00207  
8720     N/A    0.000964  -12.36807  -12.37269  0.01116  -12.37922  -12.35691  0.99963  0.00006  0.00187  
8740     N/A    0.001682  -12.35918  -12.37023  0.01103  -12.37021  -12.34815  0.99911  0.00079  0.00257  
8760     N/A    0.000932  -12.36846  -12.36799  0.01065  -12.37911  -12.35781  1.00004  0.00007  0.00179  
8780     N/A    0.000907  -12.36878  -12.36273  0.01085  -12.37963  -12.35793  1.00049  0.00003  0.00178  
8800     N/A    0.001684  -12.35915  -12.36641  0.01127  -12.37042  -12.34788  0.99941  0.00077  0.00259  
8820     N/A    0.001310  -12.36378  -12.36138  0.01076  -12.37454  -12.35302  1.00019  0.00044  0.00218  
8840     N/A    0.001662  -12.35943  -12.36054  0.01127  -12.37070  -12.34815  0.99991  0.00075  0.00257  
8860     N/A    0.000779  -12.37036  -12.36955  0.01080  -12.38115  -12.35956  1.00007  0.00009  0.00165  
8880     N/A    0.001073  -12.36671  -12.34513  0.01100  -12.37772  -12.35571  1.00175  0.00018  0.00196  
8900     N/A    0.000889  -12.36900  -12.36749  0.01068  -12.37967  -12.35832  1.00012  0.00003  0.00175  
8920     N/A    0.000839  -12.36961  -12.36513  0.01093  -12.38055  -12.35868  1.00036  0.00004  0.00172  
8940     N/A    0.001609  -12.36008  -12.36601  0.01091  -12.37099  -12.34917  0.99952  0.00073  0.00249  
8960     N/A    0.000340  -12.37580  -12.37475  0.01127  -12.38707  -12.36453  1.00008  0.00057  0.00125  
8980     N/A    0.000920  -12.36861  -12.36363  0.01089  -12.37950  -12.35772  1.00040  0.00004  0.00180  
9000     N/A    0.000771  -12.37046  -12.36164  0.01106  -12.38152  -12.35940  1.00071  0.00012  0.00166  
9020     N/A    0.001133  -12.36597  -12.37102  0.01115  -12.37712  -12.35482  0.99959  0.00023  0.00203  
9040     N/A    0.000625  -12.37226  -12.35675  0.01101  -12.38327  -12.36125  1.00126  0.00026  0.00151  
9060     N/A    0.000730  -12.37096  -12.36299  0.01075  -12.38170  -12.36021  1.00064  0.00014  0.00160  
9080     N/A    0.001063  -12.36684  -12.35713  0.01088  -12.37773  -12.35596  1.00079  0.00018  0.00194  
9100     N/A    0.001522  -12.36115  -12.36196  0.01104  -12.37219  -12.35012  0.99993  0.00063  0.00241  
9120     N/A    0.001017  -12.36741  -12.36215  0.01098  -12.37839  -12.35643  1.00043  0.00013  0.00190  
9140     N/A    0.001013  -12.36746  -12.35480  0.01113  -12.37858  -12.35633  1.00102  0.00011  0.00191  
9160     N/A    0.001043  -12.36708  -12.35532  0.01119  -12.37828  -12.35589  1.00095  0.00014  0.00195  
9180     N/A    0.001058  -12.36690  -12.36480  0.01116  -12.37806  -12.35574  1.00017  0.00016  0.00196  
9200     N/A    0.001102  -12.36635  -12.37423  0.01108  -12.37743  -12.35527  0.99936  0.00021  0.00200  
9220     N/A    0.000993  -12.36770  -12.36237  0.01069  -12.37839  -12.35702  1.00043  0.00013  0.00186  
9240     N/A    0.001497  -12.36146  -12.35985  0.01078  -12.37224  -12.35069  1.00013  0.00063  0.00237  
9260     N/A    0.000869  -12.36924  -12.36922  0.01082  -12.38005  -12.35842  1.00000  0.00000  0.00174  
9280     N/A    0.001576  -12.36048  -12.35558  0.01098  -12.37146  -12.34951  1.00040  0.00069  0.00246  
9300     N/A    0.001106  -12.36631  -12.35561  0.01090  -12.37722  -12.35541  1.00087  0.00022  0.00199  
9320     N/A    0.000556  -12.37312  -12.35516  0.01104  -12.38416  -12.36207  1.00145  0.00034  0.00145  
9340     N/A    0.001465  -12.36187  -12.35214  0.01104  -12.37291  -12.35082  1.00079  0.00057  0.00236  
9360     N/A    0.001117  -12.36618  -12.35598  0.01113  -12.37730  -12.35505  1.00083  0.00022  0.00202  
9380     N/A    0.001225  -12.36484  -12.35407  0.01106  -12.37590  -12.35378  1.00087  0.00033  0.00212  
9400     N/A    0.000634  -12.37215  -12.35432  0.01091  -12.38306  -12.36124  1.00144  0.00025  0.00152  
9420     N/A    0.001408  -12.36256  -12.35986  0.01089  -12.37345  -12.35168  1.00022  0.00053  0.00229  
9440     N/A    0.000830  -12.36972  -12.36288  0.01113  -12.38086  -12.35859  1.00055  0.00007  0.00173  
9460     N/A    0.000864  -12.36931  -12.37085  0.01104  -12.38034  -12.35827  0.99987  0.00003  0.00176  
9480     N/A    0.000600  -12.37257  -12.36860  0.01097  -12.38354  -12.36160  1.00032  0.00029  0.00149  
9500     N/A    0.001243  -12.36461  -12.36251  0.01093  -12.37554  -12.35368  1.00017  0.00036  0.00213  
9520     N/A    0.001496  -12.36148  -12.36453  0.01107  -12.37255  -12.35040  0.99975  0.00060  0.00239  
9540     N/A    0.000727  -12.37101  -12.36465  0.01095  -12.38196  -12.36006  1.00051  0.00016  0.00161  
9560     N/A    0.001224  -12.36484  -12.36163  0.01098  -12.37583  -12.35386  1.00026  0.00034  0.00211  
9580     N/A    0.000767  -12.37051  -12.36553  0.01121  -12.38172  -12.35930  1.00040  0.00014  0.00167  
9600     N/A    0.001573  -12.36053  -12.36825  0.01116  -12.37169  -12.34937  0.99938  0.00067  0.00247  
9620     N/A    0.000403  -12.37501  -12.36537  0.01088  -12.38589  -12.36414  1.00078  0.00048  0.00128  
9640     N/A    0.000981  -12.36785  -12.36722  0.01090  -12.37875  -12.35695  1.00005  0.00010  0.00186  
9660     N/A    0.000732  -12.37093  -12.36090  0.01072  -12.38165  -12.36021  1.00081  0.00013  0.00160  
9680     N/A    0.000955  -12.36817  -12.36106  0.01086  -12.37903  -12.35731  1.00058  0.00008  0.00183  
9700     N/A    0.001315  -12.36373  -12.35830  0.01112  -12.37485  -12.35261  1.00044  0.00042  0.00221  
9720     N/A    0.001286  -12.36408  -12.35933  0.01091  -12.37500  -12.35317  1.00038  0.00040  0.00217  
9740     N/A    0.001171  -12.36550  -12.37488  0.01065  -12.37615  -12.35485  0.99924  0.00031  0.00203  
9760     N/A    0.001402  -12.36264  -12.36581  0.01077  -12.37341  -12.35188  0.99974  0.00053  0.00227  
9780     N/A    0.001006  -12.36754  -12.36161  0.01123  -12.37877  -12.35631  1.00048  0.00010  0.00191  
9800     N/A    0.000928  -12.36851  -12.37243  0.01101  -12.37951  -12.35750  0.99968  0.00004  0.00182  
9820     N/A    0.001314  -12.36374  -12.35218  0.01068  -12.37442  -12.35305  1.00094  0.00045  0.00218  
9840     N/A    0.000580  -12.37282  -12.36110  0.01092  -12.38374  -12.36190  1.00095  0.00030  0.00146  
9860     N/A    0.001362  -12.36313  -12.35220  0.01093  -12.37407  -12.35220  1.00088  0.00048  0.00225  
9880     N/A    0.000908  -12.36876  -12.36055  0.01131  -12.38007  -12.35745  1.00066  0.00001  0.00182  
9900     N/A    0.001722  -12.35868  -12.35426  0.01088  -12.36957  -12.34780  1.00036  0.00084  0.00260  
9920     N/A    0.001037  -12.36716  -12.36469  0.01111  -12.37827  -12.35605  1.00020  0.00014  0.00193  
9940     N/A    0.000583  -12.37278  -12.36773  0.01080  -12.38358  -12.36199  1.00041  0.00029  0.00145  
9960     N/A    0.000446  -12.37448  -12.36006  0.01082  -12.38530  -12.36366  1.00117  0.00043  0.00132  
9980     N/A    0.001340  -12.36342  -12.36335  0.01079  -12.37421  -12.35262  1.00001  0.00047  0.00221  
10000     N/A    0.000902  -12.36884  -12.36444  0.01081  -12.37965  -12.35803  1.00036  0.00003  0.00177  
