nh: 4
samples1: 50000
samples2: 5000
burn_in: 500
steps: 100
Exact H:-12.38
   Fidelity  ROE       Mean      Median    CI Width LL on CI  UL on CI  mmRatio  Min Err  Max Err
10  0.671188  0.119252  -10.90365  -10.99191  0.09278  -10.99643  -10.81088  0.99197  0.11176  0.12675  
20  0.814177  0.072061  -11.48789  -11.64354  0.07530  -11.56319  -11.41258  0.98663  0.06598  0.07814  
30  0.887955  0.041491  -11.86634  -11.95299  0.06177  -11.92811  -11.80458  0.99275  0.03650  0.04648  
40  0.914483  0.034886  -11.94811  -12.12255  0.05493  -12.00303  -11.89318  0.98561  0.03045  0.03932  
50  0.927597  0.027859  -12.03511  -12.13844  0.05096  -12.08607  -11.98415  0.99149  0.02374  0.03197  
60  0.940929  0.023060  -12.09451  -12.14445  0.04903  -12.14354  -12.04548  0.99589  0.01910  0.02702  
70  0.949792  0.021185  -12.11773  -12.18041  0.04498  -12.16271  -12.07275  0.99485  0.01755  0.02482  
80  0.956082  0.019658  -12.13663  -12.24189  0.04340  -12.18003  -12.09323  0.99140  0.01615  0.02316  
90  0.958858  0.016113  -12.18052  -12.31447  0.04279  -12.22331  -12.13773  0.98912  0.01266  0.01957  
100  0.961368  0.016718  -12.17303  -12.30710  0.04169  -12.21472  -12.13133  0.98911  0.01335  0.02009  
110  0.962587  0.016373  -12.17730  -12.27998  0.04094  -12.21824  -12.13636  0.99164  0.01307  0.01968  
120  0.962692  0.015947  -12.18258  -12.27536  0.04149  -12.22407  -12.14109  0.99244  0.01260  0.01930  
130  0.963423  0.016836  -12.17157  -12.26477  0.04087  -12.21245  -12.13070  0.99240  0.01353  0.02014  
140  0.964407  0.015205  -12.19176  -12.32890  0.04090  -12.23266  -12.15086  0.98888  0.01190  0.01851  
150  0.963821  0.016136  -12.18024  -12.22779  0.04099  -12.22122  -12.13925  0.99611  0.01283  0.01945  
160  0.964772  0.016133  -12.18028  -12.27624  0.04021  -12.22049  -12.14007  0.99218  0.01288  0.01938  
170  0.965090  0.016151  -12.18005  -12.26458  0.03999  -12.22005  -12.14006  0.99311  0.01292  0.01938  
180  0.965338  0.017193  -12.16715  -12.23233  0.04051  -12.20766  -12.12664  0.99467  0.01392  0.02047  
190  0.965227  0.018516  -12.15077  -12.23221  0.04090  -12.19167  -12.10987  0.99334  0.01521  0.02182  
200  0.965714  0.014334  -12.20255  -12.31471  0.04174  -12.24429  -12.16081  0.99089  0.01096  0.01771  
210  0.965308  0.012540  -12.22476  -12.30100  0.04029  -12.26504  -12.18447  0.99380  0.00929  0.01579  
220  0.964912  0.016947  -12.17020  -12.27636  0.04050  -12.21070  -12.12970  0.99135  0.01368  0.02022  
230  0.966106  0.015863  -12.18362  -12.31277  0.04042  -12.22405  -12.14320  0.98951  0.01260  0.01913  
240  0.966139  0.016474  -12.17605  -12.30118  0.04053  -12.21657  -12.13552  0.98983  0.01320  0.01975  
250  0.965960  0.015920  -12.18292  -12.27590  0.04065  -12.22356  -12.14227  0.99243  0.01264  0.01920  
260  0.966046  0.016545  -12.17517  -12.25323  0.04057  -12.21574  -12.13460  0.99363  0.01327  0.01982  
270  0.965771  0.016357  -12.17750  -12.27341  0.03894  -12.21644  -12.13856  0.99219  0.01321  0.01950  
280  0.966309  0.015444  -12.18881  -12.27280  0.04020  -12.22901  -12.14861  0.99316  0.01220  0.01869  
290  0.966707  0.014475  -12.20080  -12.26605  0.04053  -12.24133  -12.16027  0.99468  0.01120  0.01775  
300  0.966847  0.016934  -12.17035  -12.27694  0.04079  -12.21114  -12.12956  0.99132  0.01364  0.02023  
310  0.966458  0.013138  -12.21735  -12.25094  0.03952  -12.25687  -12.17783  0.99726  0.00995  0.01633  
320  0.967097  0.014015  -12.20649  -12.26918  0.04023  -12.24672  -12.16626  0.99489  0.01077  0.01726  
330  0.967273  0.015509  -12.18799  -12.26809  0.03848  -12.22647  -12.14951  0.99347  0.01240  0.01862  
340  0.967905  0.015348  -12.18999  -12.28526  0.04075  -12.23074  -12.14924  0.99225  0.01206  0.01864  
350  0.968214  0.014583  -12.19946  -12.27144  0.03973  -12.23919  -12.15973  0.99413  0.01137  0.01779  
360  0.968763  0.014792  -12.19688  -12.27979  0.03872  -12.23559  -12.15816  0.99325  0.01166  0.01792  
370  0.969242  0.015512  -12.18796  -12.26226  0.03879  -12.22675  -12.14917  0.99394  0.01238  0.01865  
380  0.969866  0.013017  -12.21885  -12.29385  0.03896  -12.25781  -12.17990  0.99390  0.00987  0.01616  
390  0.970255  0.013963  -12.20714  -12.30124  0.03869  -12.24583  -12.16845  0.99235  0.01084  0.01709  
400  0.970865  0.014883  -12.19575  -12.29318  0.03786  -12.23360  -12.15789  0.99207  0.01183  0.01794  
410  0.971931  0.014822  -12.19651  -12.29187  0.03737  -12.23388  -12.15914  0.99224  0.01180  0.01784  
420  0.972044  0.013035  -12.21863  -12.34050  0.03901  -12.25764  -12.17962  0.99012  0.00988  0.01619  
430  0.973230  0.011878  -12.23296  -12.32810  0.03795  -12.27091  -12.19501  0.99228  0.00881  0.01494  
440  0.974420  0.011652  -12.23575  -12.30181  0.03679  -12.27254  -12.19896  0.99463  0.00868  0.01462  
450  0.975274  0.011505  -12.23756  -12.32435  0.03830  -12.27586  -12.19926  0.99296  0.00841  0.01460  
460  0.976055  0.008567  -12.27394  -12.41221  0.03683  -12.31077  -12.23712  0.98886  0.00559  0.01154  
470  0.976744  0.013356  -12.21465  -12.34647  0.03617  -12.25082  -12.17847  0.98932  0.01043  0.01628  
480  0.977337  0.011878  -12.23295  -12.39829  0.03559  -12.26854  -12.19736  0.98666  0.00900  0.01475  
490  0.978559  0.011243  -12.24081  -12.42063  0.03400  -12.27481  -12.20681  0.98552  0.00850  0.01399  
500  0.980038  0.010714  -12.24736  -12.39356  0.03470  -12.28206  -12.21267  0.98820  0.00791  0.01352  
510  0.980886  0.008137  -12.27927  -12.41284  0.03361  -12.31288  -12.24565  0.98924  0.00542  0.01085  
520  0.982016  0.010592  -12.24888  -12.39971  0.03287  -12.28175  -12.21600  0.98784  0.00794  0.01325  
530  0.982738  0.008775  -12.27137  -12.40053  0.03191  -12.30328  -12.23946  0.98958  0.00620  0.01135  
540  0.983749  0.007505  -12.28709  -12.39845  0.03124  -12.31833  -12.25585  0.99102  0.00498  0.01003  
550  0.984202  0.007538  -12.28668  -12.38533  0.03127  -12.31794  -12.25541  0.99203  0.00501  0.01006  
560  0.984415  0.007545  -12.28660  -12.38456  0.03098  -12.31757  -12.25562  0.99209  0.00504  0.01005  
570  0.984258  0.006737  -12.29659  -12.37191  0.02954  -12.32613  -12.26705  0.99391  0.00435  0.00912  
580  0.984551  0.008052  -12.28032  -12.36806  0.02847  -12.30879  -12.25185  0.99291  0.00575  0.01035  
590  0.986438  0.005908  -12.30686  -12.39410  0.02928  -12.33613  -12.27758  0.99296  0.00354  0.00827  
600  0.986579  0.007775  -12.28375  -12.39584  0.02797  -12.31172  -12.25578  0.99096  0.00552  0.01003  
610  0.987146  0.005517  -12.31170  -12.39906  0.02805  -12.33974  -12.28365  0.99295  0.00325  0.00778  
620  0.987317  0.006826  -12.29550  -12.41763  0.02713  -12.32263  -12.26837  0.99017  0.00463  0.00902  
630  0.987564  0.005556  -12.31121  -12.41309  0.02651  -12.33773  -12.28470  0.99179  0.00341  0.00770  
640  0.987305  0.005996  -12.30577  -12.39579  0.02679  -12.33256  -12.27898  0.99274  0.00383  0.00816  
650  0.987955  0.006202  -12.30322  -12.41800  0.02558  -12.32880  -12.27765  0.99076  0.00414  0.00827  
660  0.988106  0.007853  -12.28277  -12.41296  0.02559  -12.30836  -12.25719  0.98951  0.00579  0.00992  
670  0.987911  0.005950  -12.30634  -12.40364  0.02434  -12.33068  -12.28200  0.99216  0.00398  0.00792  
680  0.988470  0.004517  -12.32407  -12.41632  0.02447  -12.34855  -12.29960  0.99257  0.00254  0.00649  
690  0.988472  0.005907  -12.30687  -12.41237  0.02466  -12.33153  -12.28222  0.99150  0.00392  0.00790  
700  0.987388  0.005174  -12.31595  -12.39045  0.02525  -12.34119  -12.29070  0.99399  0.00313  0.00721  
710  0.988233  0.005089  -12.31700  -12.39340  0.02400  -12.34100  -12.29299  0.99384  0.00315  0.00703  
720  0.988960  0.005004  -12.31805  -12.41971  0.02408  -12.34213  -12.29396  0.99181  0.00306  0.00695  
730  0.988599  0.004753  -12.32116  -12.40614  0.02315  -12.34430  -12.29801  0.99315  0.00288  0.00662  
740  0.988754  0.006986  -12.29351  -12.39297  0.02405  -12.31755  -12.26946  0.99197  0.00504  0.00893  
750  0.989396  0.006258  -12.30253  -12.43855  0.02452  -12.32705  -12.27801  0.98906  0.00428  0.00824  
760  0.988584  0.004841  -12.32007  -12.40039  0.02387  -12.34394  -12.29620  0.99352  0.00291  0.00677  
770  0.987664  0.004414  -12.32536  -12.39161  0.02356  -12.34892  -12.30180  0.99465  0.00251  0.00632  
780  0.989128  0.004446  -12.32496  -12.40740  0.02429  -12.34925  -12.30067  0.99336  0.00248  0.00641  
790  0.989440  0.005295  -12.31445  -12.40960  0.02380  -12.33825  -12.29064  0.99233  0.00337  0.00722  
800  0.988862  0.005647  -12.31009  -12.39023  0.02436  -12.33446  -12.28573  0.99353  0.00368  0.00761  
810  0.989405  0.004566  -12.32347  -12.41258  0.02379  -12.34726  -12.29968  0.99282  0.00264  0.00649  
820  0.989205  0.005664  -12.30989  -12.41391  0.02405  -12.33393  -12.28584  0.99162  0.00372  0.00761  
830  0.989533  0.005567  -12.31108  -12.41206  0.02388  -12.33496  -12.28720  0.99186  0.00364  0.00750  
840  0.989407  0.003451  -12.33728  -12.39794  0.02417  -12.36145  -12.31311  0.99511  0.00150  0.00540  
850  0.989361  0.006984  -12.29354  -12.40287  0.02272  -12.31625  -12.27082  0.99119  0.00515  0.00882  
860  0.989351  0.004399  -12.32554  -12.40179  0.02387  -12.34940  -12.30167  0.99385  0.00247  0.00633  
870  0.989657  0.004726  -12.32149  -12.41073  0.02282  -12.34432  -12.29867  0.99281  0.00288  0.00657  
880  0.989863  0.004481  -12.32452  -12.41854  0.02378  -12.34830  -12.30074  0.99243  0.00256  0.00640  
890  0.989598  0.005135  -12.31642  -12.38778  0.02346  -12.33988  -12.29296  0.99424  0.00324  0.00703  
900  0.988945  0.006110  -12.30435  -12.39668  0.02330  -12.32766  -12.28105  0.99255  0.00423  0.00799  
910  0.989173  0.003968  -12.33088  -12.38523  0.02332  -12.35420  -12.30756  0.99561  0.00208  0.00585  
920  0.989752  0.004651  -12.32243  -12.38272  0.02306  -12.34548  -12.29937  0.99513  0.00279  0.00651  
930  0.989838  0.004116  -12.32904  -12.40196  0.02357  -12.35261  -12.30548  0.99412  0.00221  0.00602  
940  0.989160  0.005402  -12.31312  -12.40208  0.02395  -12.33707  -12.28918  0.99283  0.00347  0.00734  
950  0.990031  0.006399  -12.30078  -12.40249  0.02408  -12.32485  -12.27670  0.99180  0.00445  0.00834  
960  0.990029  0.005840  -12.30770  -12.41678  0.02386  -12.33155  -12.28384  0.99121  0.00391  0.00777  
970  0.989170  0.005326  -12.31407  -12.37942  0.02350  -12.33757  -12.29057  0.99472  0.00343  0.00722  
980  0.989882  0.004892  -12.31944  -12.41018  0.02267  -12.34211  -12.29677  0.99269  0.00306  0.00672  
990  0.989593  0.005170  -12.31599  -12.38951  0.02397  -12.33996  -12.29202  0.99407  0.00323  0.00711  
