nh: 5
samples1: 5000
samples2: 5000
burn_in: 500
steps: 100
Exact H:-12.38
   Fidelity  ROE       Mean      Median    CI Width LL on CI  UL on CI  mmRatio  Min Err  Max Err
20  0.486022  0.188858  -10.04194  -9.23899  0.10817  -10.15010  -9.93377  1.08691  0.18012  0.19760  
40  0.532491  0.165605  -10.32981  -10.63674  0.10487  -10.43468  -10.22494  0.97114  0.15713  0.17408  
60  0.583857  0.147755  -10.55079  -10.68044  0.10228  -10.65307  -10.44851  0.98786  0.13949  0.15602  
80  0.636221  0.131412  -10.75312  -10.95194  0.09910  -10.85222  -10.65401  0.98185  0.12341  0.13942  
100  0.682435  0.115167  -10.95423  -11.21259  0.09470  -11.04893  -10.85953  0.97696  0.10752  0.12282  
120  0.718617  0.106961  -11.05582  -11.24472  0.08907  -11.14489  -10.96676  0.98320  0.09977  0.11416  
140  0.750141  0.092985  -11.22884  -11.44672  0.08549  -11.31433  -11.14335  0.98097  0.08608  0.09989  
160  0.773005  0.085691  -11.31914  -11.51755  0.08237  -11.40151  -11.23677  0.98277  0.07904  0.09234  
180  0.803165  0.074906  -11.45266  -11.74483  0.07803  -11.53069  -11.37464  0.97512  0.06860  0.08121  
200  0.829662  0.063002  -11.60004  -11.75418  0.07364  -11.67367  -11.52640  0.98689  0.05705  0.06895  
220  0.848878  0.058305  -11.65818  -11.85841  0.06986  -11.72804  -11.58832  0.98312  0.05266  0.06395  
240  0.866462  0.052948  -11.72450  -11.95353  0.06718  -11.79168  -11.65733  0.98084  0.04752  0.05837  
260  0.879211  0.046041  -11.81001  -12.03169  0.06476  -11.87477  -11.74525  0.98157  0.04081  0.05127  
280  0.889645  0.043921  -11.83625  -12.07521  0.06187  -11.89812  -11.77439  0.98021  0.03892  0.04892  
300  0.895748  0.039658  -11.88903  -12.11082  0.06021  -11.94925  -11.82882  0.98169  0.03479  0.04452  
320  0.906501  0.036649  -11.92629  -12.12059  0.05765  -11.98394  -11.86865  0.98397  0.03199  0.04130  
340  0.913387  0.032269  -11.98051  -12.17913  0.05639  -12.03690  -11.92412  0.98369  0.02771  0.03682  
360  0.921024  0.032240  -11.98087  -12.19739  0.05485  -12.03573  -11.92602  0.98225  0.02781  0.03667  
380  0.927083  0.032477  -11.97793  -12.24390  0.05327  -12.03120  -11.92466  0.97828  0.02817  0.03678  
400  0.928345  0.026790  -12.04834  -12.25637  0.05236  -12.10070  -11.99599  0.98303  0.02256  0.03102  
420  0.933044  0.026157  -12.05618  -12.27424  0.05098  -12.10716  -12.00520  0.98223  0.02204  0.03027  
440  0.936958  0.027010  -12.04562  -12.25169  0.04945  -12.09507  -11.99617  0.98318  0.02302  0.03100  
460  0.940224  0.025661  -12.06231  -12.25560  0.04879  -12.11111  -12.01352  0.98423  0.02172  0.02960  
480  0.944309  0.024170  -12.08078  -12.26652  0.04732  -12.12810  -12.03346  0.98486  0.02035  0.02799  
500  0.947913  0.020017  -12.13219  -12.35506  0.04473  -12.17692  -12.08746  0.98196  0.01640  0.02363  
520  0.948289  0.022912  -12.09636  -12.26662  0.04479  -12.14114  -12.05157  0.98612  0.01929  0.02653  
540  0.952041  0.020689  -12.12387  -12.33303  0.04420  -12.16807  -12.07967  0.98304  0.01712  0.02426  
560  0.951204  0.018979  -12.14504  -12.36495  0.04408  -12.18911  -12.10096  0.98221  0.01542  0.02254  
580  0.955281  0.018956  -12.14532  -12.35557  0.04330  -12.18862  -12.10202  0.98298  0.01546  0.02245  
600  0.957560  0.017536  -12.16290  -12.36852  0.04263  -12.20553  -12.12027  0.98338  0.01409  0.02098  
620  0.958506  0.018032  -12.15676  -12.40146  0.04218  -12.19894  -12.11458  0.98027  0.01462  0.02144  
640  0.960439  0.018802  -12.14723  -12.36828  0.04125  -12.18848  -12.10598  0.98213  0.01547  0.02213  
660  0.960667  0.018133  -12.15551  -12.38472  0.04014  -12.19565  -12.11538  0.98149  0.01489  0.02137  
680  0.960342  0.016352  -12.17757  -12.43241  0.04012  -12.21769  -12.13744  0.97950  0.01311  0.01959  
700  0.962990  0.016823  -12.17173  -12.40636  0.04045  -12.21219  -12.13128  0.98109  0.01356  0.02009  
720  0.964060  0.014813  -12.19661  -12.43956  0.04037  -12.23699  -12.15624  0.98047  0.01155  0.01807  
740  0.965737  0.014689  -12.19815  -12.44317  0.03956  -12.23771  -12.15859  0.98031  0.01149  0.01788  
760  0.965412  0.014519  -12.20025  -12.43574  0.03870  -12.23895  -12.16155  0.98106  0.01139  0.01765  
780  0.966749  0.015601  -12.18686  -12.40883  0.03734  -12.22420  -12.14952  0.98211  0.01258  0.01862  
800  0.970264  0.013511  -12.21274  -12.42231  0.03749  -12.25023  -12.17525  0.98313  0.01048  0.01654  
820  0.969285  0.012422  -12.22621  -12.42718  0.03707  -12.26329  -12.18914  0.98383  0.00943  0.01542  
840  0.970741  0.012510  -12.22512  -12.40768  0.03732  -12.26244  -12.18780  0.98529  0.00950  0.01552  
860  0.970480  0.012278  -12.22800  -12.40379  0.03649  -12.26449  -12.19151  0.98583  0.00933  0.01523  
880  0.970015  0.013802  -12.20913  -12.36722  0.03588  -12.24502  -12.17325  0.98722  0.01090  0.01670  
900  0.973125  0.012972  -12.21941  -12.39230  0.03511  -12.25452  -12.18430  0.98605  0.01014  0.01581  
920  0.973220  0.011638  -12.23592  -12.41431  0.03515  -12.27107  -12.20078  0.98563  0.00880  0.01448  
940  0.974219  0.011913  -12.23252  -12.40283  0.03558  -12.26810  -12.19694  0.98627  0.00904  0.01479  
960  0.973442  0.011797  -12.23396  -12.39917  0.03500  -12.26896  -12.19896  0.98668  0.00897  0.01462  
980  0.974241  0.013078  -12.21810  -12.39094  0.03377  -12.25187  -12.18432  0.98605  0.01035  0.01581  
1000  0.974173  0.009233  -12.26569  -12.42632  0.03363  -12.29932  -12.23206  0.98707  0.00652  0.01195  
1020  0.976662  0.010557  -12.24930  -12.42610  0.03445  -12.28375  -12.21485  0.98577  0.00777  0.01334  
1040  0.976533  0.011520  -12.23738  -12.41314  0.03311  -12.27050  -12.20427  0.98584  0.00885  0.01419  
1060  0.976613  0.009267  -12.26528  -12.41984  0.03331  -12.29858  -12.23197  0.98756  0.00658  0.01196  
1080  0.977969  0.010877  -12.24534  -12.42595  0.03359  -12.27893  -12.21175  0.98547  0.00816  0.01359  
1100  0.977979  0.010545  -12.24945  -12.43176  0.03277  -12.28222  -12.21667  0.98533  0.00790  0.01319  
1120  0.976741  0.009023  -12.26830  -12.40214  0.03234  -12.30064  -12.23596  0.98921  0.00641  0.01163  
1140  0.977337  0.007451  -12.28776  -12.42487  0.03251  -12.32027  -12.25525  0.98897  0.00482  0.01008  
1160  0.978675  0.007098  -12.29213  -12.43723  0.03133  -12.32346  -12.26080  0.98833  0.00457  0.00963  
1180  0.978387  0.011333  -12.23970  -12.41533  0.03198  -12.27168  -12.20772  0.98585  0.00875  0.01392  
1200  0.979606  0.009633  -12.26074  -12.40868  0.03097  -12.29171  -12.22977  0.98808  0.00713  0.01213  
1220  0.980777  0.009984  -12.25640  -12.41759  0.03150  -12.28789  -12.22490  0.98702  0.00744  0.01253  
1240  0.979897  0.008972  -12.26893  -12.42761  0.03121  -12.30014  -12.23772  0.98723  0.00645  0.01149  
1260  0.979847  0.010178  -12.25399  -12.42717  0.03084  -12.28483  -12.22316  0.98607  0.00769  0.01267  
1280  0.981548  0.008598  -12.27355  -12.41691  0.03134  -12.30490  -12.24221  0.98845  0.00607  0.01113  
1300  0.980397  0.009684  -12.26011  -12.42897  0.03077  -12.29088  -12.22933  0.98641  0.00720  0.01217  
1320  0.980454  0.007044  -12.29279  -12.42984  0.03041  -12.32320  -12.26238  0.98897  0.00459  0.00950  
1340  0.981237  0.008124  -12.27942  -12.40882  0.02995  -12.30936  -12.24947  0.98957  0.00571  0.01054  
1360  0.982209  0.007696  -12.28472  -12.39976  0.03069  -12.31542  -12.25403  0.99072  0.00522  0.01018  
1380  0.981552  0.009352  -12.26422  -12.40975  0.02997  -12.29419  -12.23425  0.98827  0.00693  0.01177  
1400  0.980093  0.007854  -12.28277  -12.41983  0.03007  -12.31284  -12.25270  0.98896  0.00543  0.01028  
1420  0.982889  0.006448  -12.30018  -12.40388  0.03025  -12.33042  -12.26993  0.99164  0.00400  0.00889  
1440  0.982675  0.008632  -12.27313  -12.40271  0.02971  -12.30285  -12.24342  0.98955  0.00623  0.01103  
1460  0.981974  0.009324  -12.26457  -12.39606  0.03044  -12.29502  -12.23413  0.98939  0.00686  0.01178  
1480  0.983225  0.008580  -12.27378  -12.39453  0.02933  -12.30310  -12.24445  0.99026  0.00621  0.01095  
1500  0.982873  0.007333  -12.28922  -12.39654  0.02930  -12.31852  -12.25991  0.99134  0.00497  0.00970  
1520  0.983500  0.007872  -12.28254  -12.38368  0.02976  -12.31230  -12.25278  0.99183  0.00547  0.01028  
1540  0.983498  0.006685  -12.29723  -12.39867  0.02947  -12.32671  -12.26776  0.99182  0.00430  0.00907  
1560  0.983505  0.007328  -12.28928  -12.39980  0.02906  -12.31834  -12.26021  0.99109  0.00498  0.00968  
1580  0.983248  0.007484  -12.28734  -12.39967  0.02938  -12.31673  -12.25796  0.99094  0.00511  0.00986  
1600  0.983886  0.009698  -12.25994  -12.37742  0.02843  -12.28837  -12.23151  0.99051  0.00740  0.01199  
1620  0.984036  0.006809  -12.29570  -12.39639  0.02902  -12.32472  -12.26668  0.99188  0.00447  0.00915  
1640  0.982244  0.006977  -12.29363  -12.38555  0.02863  -12.32226  -12.26500  0.99258  0.00466  0.00929  
1660  0.984539  0.008137  -12.27927  -12.38669  0.02935  -12.30862  -12.24992  0.99133  0.00577  0.01051  
1680  0.984617  0.007353  -12.28897  -12.37750  0.02883  -12.31780  -12.26014  0.99285  0.00502  0.00968  
1700  0.984618  0.007397  -12.28843  -12.37017  0.02863  -12.31706  -12.25979  0.99339  0.00508  0.00971  
1720  0.984953  0.007680  -12.28493  -12.38445  0.02837  -12.31330  -12.25655  0.99196  0.00539  0.00997  
1740  0.984388  0.006668  -12.29745  -12.38189  0.02756  -12.32501  -12.26989  0.99318  0.00444  0.00889  
1760  0.985177  0.007371  -12.28874  -12.38376  0.02829  -12.31703  -12.26045  0.99233  0.00509  0.00966  
1780  0.985165  0.006715  -12.29687  -12.37172  0.02795  -12.32482  -12.26891  0.99395  0.00446  0.00897  
1800  0.985270  0.007696  -12.28473  -12.37833  0.02806  -12.31279  -12.25667  0.99244  0.00543  0.00996  
1820  0.984334  0.007431  -12.28800  -12.38856  0.02902  -12.31702  -12.25898  0.99188  0.00509  0.00978  
1840  0.985621  0.007066  -12.29252  -12.40183  0.02724  -12.31976  -12.26528  0.99119  0.00487  0.00927  
1860  0.985877  0.006375  -12.30108  -12.40514  0.02828  -12.32936  -12.27281  0.99161  0.00409  0.00866  
1880  0.985978  0.006504  -12.29948  -12.39190  0.02733  -12.32682  -12.27215  0.99254  0.00430  0.00871  
1900  0.984969  0.007396  -12.28843  -12.39439  0.02695  -12.31538  -12.26148  0.99145  0.00522  0.00957  
1920  0.985496  0.006325  -12.30170  -12.38078  0.02647  -12.32817  -12.27523  0.99361  0.00419  0.00846  
1940  0.985992  0.006691  -12.29717  -12.38471  0.02643  -12.32360  -12.27073  0.99293  0.00456  0.00883  
1960  0.986217  0.005128  -12.31651  -12.38070  0.02700  -12.34352  -12.28951  0.99482  0.00295  0.00731  
1980  0.986901  0.007229  -12.29051  -12.36832  0.02647  -12.31698  -12.26404  0.99371  0.00509  0.00937  
2000  0.986751  0.008386  -12.27618  -12.37702  0.02687  -12.30305  -12.24932  0.99185  0.00622  0.01056  
2020  0.987052  0.006613  -12.29813  -12.38114  0.02698  -12.32511  -12.27115  0.99330  0.00443  0.00879  
2040  0.987221  0.006296  -12.30205  -12.37980  0.02720  -12.32925  -12.27486  0.99372  0.00410  0.00849  
2060  0.986884  0.006279  -12.30227  -12.36035  0.02555  -12.32782  -12.27671  0.99530  0.00421  0.00834  
2080  0.987253  0.005971  -12.30608  -12.37795  0.02554  -12.33163  -12.28054  0.99419  0.00391  0.00803  
2100  0.987133  0.006039  -12.30523  -12.37122  0.02635  -12.33158  -12.27888  0.99467  0.00391  0.00817  
2120  0.987225  0.006308  -12.30191  -12.36979  0.02593  -12.32783  -12.27598  0.99451  0.00421  0.00840  
2140  0.987360  0.005531  -12.31153  -12.36455  0.02583  -12.33736  -12.28569  0.99571  0.00344  0.00762  
2160  0.987550  0.007147  -12.29153  -12.37445  0.02504  -12.31656  -12.26649  0.99330  0.00512  0.00917  
2180  0.987139  0.005863  -12.30742  -12.37861  0.02496  -12.33238  -12.28246  0.99425  0.00385  0.00788  
2200  0.987745  0.006247  -12.30266  -12.36512  0.02541  -12.32807  -12.27725  0.99495  0.00419  0.00830  
2220  0.987966  0.005576  -12.31097  -12.36780  0.02596  -12.33693  -12.28502  0.99540  0.00348  0.00767  
2240  0.988322  0.004696  -12.32186  -12.37520  0.02539  -12.34725  -12.29648  0.99569  0.00265  0.00675  
2260  0.987636  0.005276  -12.31468  -12.36539  0.02466  -12.33934  -12.29002  0.99590  0.00328  0.00727  
2280  0.987958  0.004957  -12.31863  -12.37236  0.02447  -12.34310  -12.29416  0.99566  0.00298  0.00693  
2300  0.988373  0.005907  -12.30688  -12.35474  0.02416  -12.33104  -12.28272  0.99613  0.00396  0.00786  
2320  0.988993  0.005276  -12.31469  -12.35509  0.02390  -12.33859  -12.29079  0.99673  0.00334  0.00721  
2340  0.989084  0.005314  -12.31421  -12.36127  0.02438  -12.33859  -12.28984  0.99619  0.00334  0.00728  
2360  0.989083  0.004389  -12.32567  -12.36518  0.02405  -12.34972  -12.30161  0.99680  0.00245  0.00633  
2380  0.988034  0.005253  -12.31497  -12.36012  0.02444  -12.33941  -12.29053  0.99635  0.00328  0.00723  
2400  0.989354  0.005093  -12.31695  -12.35934  0.02375  -12.34069  -12.29320  0.99657  0.00317  0.00701  
2420  0.989071  0.004083  -12.32945  -12.35830  0.02344  -12.35289  -12.30601  0.99767  0.00219  0.00598  
2440  0.989555  0.005147  -12.31628  -12.36775  0.02406  -12.34034  -12.29221  0.99584  0.00320  0.00709  
2460  0.988101  0.006813  -12.29566  -12.36506  0.02376  -12.31942  -12.27189  0.99439  0.00489  0.00873  
2480  0.989633  0.004528  -12.32394  -12.36687  0.02355  -12.34749  -12.30038  0.99653  0.00263  0.00643  
2500  0.989377  0.003094  -12.34170  -12.36840  0.02338  -12.36507  -12.31832  0.99784  0.00121  0.00498  
2520  0.987948  0.004797  -12.32061  -12.39332  0.02215  -12.34276  -12.29845  0.99413  0.00301  0.00659  
2540  0.989953  0.005354  -12.31372  -12.37188  0.02304  -12.33676  -12.29068  0.99530  0.00349  0.00721  
2560  0.989272  0.004317  -12.32655  -12.36803  0.02244  -12.34899  -12.30411  0.99665  0.00250  0.00613  
2580  0.990059  0.004747  -12.32123  -12.36545  0.02353  -12.34476  -12.29770  0.99642  0.00285  0.00665  
2600  0.989946  0.005175  -12.31594  -12.36615  0.02223  -12.33817  -12.29370  0.99594  0.00338  0.00697  
