nh: 5
samples1: 30000
samples2: 5000
burn_in: 500
steps: 100
Exact H:-12.38
   Fidelity  ROE       Mean      Median    CI Width LL on CI  UL on CI  mmRatio  Min Err  Max Err
20  0.718221  0.108947  -11.03124  -11.07997  0.08922  -11.12045  -10.94202  0.99560  0.10174  0.11615  
40  0.860983  0.050052  -11.76035  -11.92110  0.06595  -11.82631  -11.69440  0.98652  0.04472  0.05538  
60  0.907826  0.032361  -11.97938  -12.07670  0.05546  -12.03484  -11.92392  0.99194  0.02788  0.03684  
80  0.929534  0.028676  -12.02499  -12.23466  0.05103  -12.07603  -11.97396  0.98286  0.02455  0.03280  
100  0.949266  0.021970  -12.10801  -12.26071  0.04524  -12.15325  -12.06277  0.98755  0.01832  0.02562  
120  0.963362  0.017084  -12.16850  -12.36823  0.03919  -12.20770  -12.12931  0.98385  0.01392  0.02025  
140  0.971123  0.013166  -12.21700  -12.43338  0.03632  -12.25332  -12.18068  0.98260  0.01023  0.01610  
160  0.975361  0.011547  -12.23705  -12.42418  0.03373  -12.27077  -12.20332  0.98494  0.00882  0.01427  
180  0.980140  0.011345  -12.23955  -12.41674  0.03116  -12.27071  -12.20839  0.98573  0.00883  0.01386  
200  0.984050  0.008778  -12.27132  -12.40930  0.02974  -12.30106  -12.24158  0.98888  0.00638  0.01118  
220  0.984829  0.006816  -12.29562  -12.39061  0.02831  -12.32393  -12.26731  0.99233  0.00453  0.00910  
240  0.986225  0.005906  -12.30689  -12.38260  0.02723  -12.33412  -12.27966  0.99389  0.00371  0.00811  
260  0.987176  0.004957  -12.31864  -12.38731  0.02665  -12.34528  -12.29199  0.99446  0.00280  0.00711  
280  0.987273  0.005342  -12.31387  -12.37920  0.02647  -12.34033  -12.28740  0.99472  0.00320  0.00748  
300  0.988719  0.005674  -12.30975  -12.36598  0.02492  -12.33468  -12.28483  0.99545  0.00366  0.00769  
320  0.989382  0.006588  -12.29845  -12.40004  0.02569  -12.32414  -12.27275  0.99181  0.00451  0.00866  
340  0.989133  0.005534  -12.31149  -12.36960  0.02449  -12.33598  -12.28700  0.99530  0.00356  0.00751  
360  0.989886  0.003724  -12.33390  -12.38961  0.02467  -12.35857  -12.30923  0.99550  0.00173  0.00572  
380  0.990034  0.004763  -12.32103  -12.38413  0.02398  -12.34501  -12.29705  0.99490  0.00283  0.00670  
400  0.990734  0.004378  -12.32581  -12.38559  0.02236  -12.34817  -12.30344  0.99517  0.00257  0.00618  
420  0.990681  0.004331  -12.32638  -12.36879  0.02286  -12.34924  -12.30353  0.99657  0.00248  0.00618  
440  0.991213  0.005055  -12.31741  -12.36980  0.02265  -12.34006  -12.29477  0.99576  0.00323  0.00688  
460  0.991496  0.004541  -12.32378  -12.36527  0.02232  -12.34610  -12.30146  0.99664  0.00274  0.00634  
480  0.991813  0.003042  -12.34235  -12.35830  0.02120  -12.36355  -12.32114  0.99871  0.00133  0.00475  
500  0.992561  0.003465  -12.33710  -12.35095  0.02039  -12.35749  -12.31670  0.99888  0.00182  0.00511  
520  0.992691  0.003326  -12.33883  -12.35141  0.02030  -12.35913  -12.31853  0.99898  0.00169  0.00497  
540  0.993090  0.001849  -12.35710  -12.38301  0.01930  -12.37641  -12.33780  0.99791  0.00029  0.00341  
560  0.994144  0.003558  -12.33595  -12.36663  0.01863  -12.35458  -12.31732  0.99752  0.00205  0.00506  
580  0.994802  0.002633  -12.34741  -12.37756  0.01753  -12.36494  -12.32988  0.99756  0.00122  0.00405  
600  0.995270  0.001878  -12.35675  -12.37568  0.01715  -12.37389  -12.33960  0.99847  0.00049  0.00326  
620  0.994827  0.002676  -12.34687  -12.37378  0.01627  -12.36314  -12.33060  0.99783  0.00136  0.00399  
640  0.995873  0.001441  -12.36216  -12.36633  0.01498  -12.37714  -12.34718  0.99966  0.00023  0.00265  
660  0.994920  0.002754  -12.34590  -12.38869  0.01457  -12.36048  -12.33133  0.99655  0.00158  0.00393  
680  0.996526  0.001894  -12.35655  -12.36784  0.01355  -12.37011  -12.34300  0.99909  0.00080  0.00299  
