nh: 5
samples1: 10000
samples2: 5000
burn_in: 500
steps: 100
Exact H:-12.38
   Fidelity  ROE       Mean      Median    CI Width LL on CI  UL on CI  mmRatio  Min Err  Max Err
20  0.523240  0.166857  -10.31431  -10.57992  0.10630  -10.42061  -10.20801  0.97489  0.15827  0.17544  
40  0.628669  0.136459  -10.69064  -10.86349  0.09801  -10.78865  -10.59263  0.98409  0.12854  0.14438  
60  0.720654  0.109533  -11.02399  -11.18307  0.09008  -11.11407  -10.93390  0.98577  0.10226  0.11681  
80  0.782611  0.082290  -11.36126  -11.67132  0.08106  -11.44232  -11.28019  0.97343  0.07574  0.08884  
100  0.831206  0.061972  -11.61279  -11.81870  0.07182  -11.68461  -11.54097  0.98258  0.05617  0.06777  
120  0.867521  0.049269  -11.77005  -12.00910  0.06627  -11.83632  -11.70378  0.98009  0.04392  0.05462  
140  0.884926  0.041382  -11.86769  -12.04364  0.06229  -11.92998  -11.80540  0.98539  0.03635  0.04641  
160  0.899269  0.035914  -11.93538  -12.08010  0.05875  -11.99413  -11.87663  0.98802  0.03117  0.04066  
180  0.910877  0.034513  -11.95273  -12.08063  0.05579  -12.00852  -11.89694  0.98941  0.03001  0.03902  
200  0.920215  0.029158  -12.01902  -12.16489  0.05336  -12.07238  -11.96567  0.98801  0.02485  0.03347  
220  0.928789  0.027247  -12.04268  -12.21106  0.05085  -12.09353  -11.99182  0.98621  0.02314  0.03136  
240  0.935584  0.022792  -12.09783  -12.23695  0.04994  -12.14777  -12.04789  0.98863  0.01876  0.02683  
260  0.940447  0.023167  -12.09319  -12.28238  0.04656  -12.13976  -12.04663  0.98460  0.01941  0.02693  
280  0.949839  0.023397  -12.09035  -12.32838  0.04486  -12.13521  -12.04548  0.98069  0.01977  0.02702  
300  0.951601  0.019528  -12.13825  -12.37961  0.04376  -12.18200  -12.09449  0.98050  0.01599  0.02306  
320  0.955065  0.017542  -12.16282  -12.41911  0.04214  -12.20497  -12.12068  0.97936  0.01414  0.02095  
340  0.955559  0.015659  -12.18614  -12.39667  0.04046  -12.22660  -12.14569  0.98302  0.01239  0.01893  
360  0.961269  0.016077  -12.18096  -12.39662  0.04008  -12.22105  -12.14088  0.98260  0.01284  0.01931  
380  0.963256  0.015185  -12.19201  -12.42133  0.03870  -12.23071  -12.15331  0.98154  0.01206  0.01831  
400  0.965648  0.015292  -12.19068  -12.42791  0.03837  -12.22906  -12.15231  0.98091  0.01219  0.01839  
420  0.967600  0.011672  -12.23550  -12.44609  0.03737  -12.27286  -12.19813  0.98308  0.00865  0.01469  
440  0.969410  0.011784  -12.23412  -12.42693  0.03692  -12.27104  -12.19719  0.98448  0.00880  0.01477  
460  0.969864  0.013083  -12.21804  -12.45693  0.03585  -12.25389  -12.18218  0.98082  0.01019  0.01598  
480  0.972034  0.012871  -12.22066  -12.44846  0.03511  -12.25576  -12.18555  0.98170  0.01004  0.01571  
500  0.972906  0.010422  -12.25097  -12.45266  0.03323  -12.28420  -12.21774  0.98380  0.00774  0.01311  
520  0.973761  0.011448  -12.23827  -12.43060  0.03444  -12.27272  -12.20383  0.98453  0.00867  0.01423  
540  0.975139  0.010044  -12.25565  -12.44900  0.03229  -12.28794  -12.22336  0.98447  0.00744  0.01265  
560  0.977027  0.011134  -12.24217  -12.46179  0.03248  -12.27465  -12.20968  0.98238  0.00851  0.01376  
580  0.978478  0.010106  -12.25488  -12.47222  0.03189  -12.28678  -12.22299  0.98257  0.00753  0.01268  
600  0.977549  0.009346  -12.26429  -12.44625  0.03119  -12.29548  -12.23310  0.98538  0.00683  0.01187  
620  0.980110  0.010746  -12.24696  -12.46624  0.03137  -12.27833  -12.21560  0.98241  0.00821  0.01328  
640  0.981036  0.007927  -12.28186  -12.47811  0.03026  -12.31213  -12.25160  0.98427  0.00548  0.01037  
660  0.981812  0.006667  -12.29746  -12.47190  0.02922  -12.32668  -12.26824  0.98601  0.00431  0.00903  
680  0.982590  0.008665  -12.27273  -12.43816  0.03001  -12.30274  -12.24271  0.98670  0.00624  0.01109  
700  0.982099  0.008697  -12.27233  -12.45035  0.02832  -12.30066  -12.24401  0.98570  0.00641  0.01098  
720  0.983625  0.008914  -12.26965  -12.46537  0.02831  -12.29796  -12.24134  0.98430  0.00663  0.01120  
740  0.983680  0.006729  -12.29670  -12.47160  0.02771  -12.32441  -12.26898  0.98598  0.00449  0.00897  
760  0.984782  0.007772  -12.28379  -12.46290  0.02729  -12.31108  -12.25650  0.98563  0.00557  0.00998  
780  0.984649  0.006668  -12.29745  -12.45513  0.02640  -12.32386  -12.27105  0.98734  0.00454  0.00880  
800  0.985769  0.005688  -12.30958  -12.45289  0.02762  -12.33720  -12.28197  0.98849  0.00346  0.00792  
820  0.986153  0.006674  -12.29737  -12.44553  0.02647  -12.32384  -12.27090  0.98810  0.00454  0.00881  
840  0.985875  0.007295  -12.28969  -12.43390  0.02643  -12.31612  -12.26325  0.98840  0.00516  0.00943  
860  0.986834  0.005805  -12.30813  -12.40918  0.02614  -12.33427  -12.28199  0.99186  0.00369  0.00792  
880  0.987357  0.006575  -12.29860  -12.41152  0.02554  -12.32414  -12.27306  0.99090  0.00451  0.00864  
900  0.985907  0.005238  -12.31515  -12.43897  0.02464  -12.33979  -12.29051  0.99005  0.00325  0.00723  
920  0.987137  0.005133  -12.31646  -12.43139  0.02505  -12.34151  -12.29141  0.99075  0.00311  0.00716  
940  0.987791  0.005452  -12.31250  -12.44001  0.02523  -12.33773  -12.28726  0.98975  0.00341  0.00749  
960  0.988269  0.005896  -12.30701  -12.41491  0.02408  -12.33109  -12.28294  0.99131  0.00395  0.00784  
980  0.987842  0.005579  -12.31093  -12.41614  0.02454  -12.33547  -12.28640  0.99153  0.00360  0.00756  
1000  0.988231  0.005224  -12.31533  -12.40973  0.02277  -12.33810  -12.29257  0.99239  0.00338  0.00706  
1020  0.989463  0.004442  -12.32501  -12.39927  0.02331  -12.34832  -12.30169  0.99401  0.00256  0.00633  
1040  0.989689  0.004788  -12.32072  -12.37591  0.02258  -12.34330  -12.29814  0.99554  0.00296  0.00661  
1060  0.989688  0.004558  -12.32357  -12.41175  0.02247  -12.34604  -12.30110  0.99290  0.00274  0.00637  
1080  0.990116  0.004216  -12.32781  -12.38740  0.02199  -12.34980  -12.30582  0.99519  0.00244  0.00599  
1100  0.990660  0.005579  -12.31094  -12.39212  0.02220  -12.33313  -12.28874  0.99345  0.00379  0.00737  
1120  0.990310  0.004496  -12.32434  -12.40325  0.02222  -12.34656  -12.30212  0.99364  0.00270  0.00629  
1140  0.990953  0.003411  -12.33777  -12.39335  0.02101  -12.35878  -12.31677  0.99552  0.00171  0.00511  
1160  0.991456  0.003572  -12.33578  -12.37216  0.02040  -12.35618  -12.31538  0.99706  0.00192  0.00522  
1180  0.991417  0.004381  -12.32577  -12.37362  0.02037  -12.34614  -12.30540  0.99613  0.00274  0.00603  
1200  0.992276  0.002649  -12.34721  -12.36893  0.01966  -12.36686  -12.32755  0.99824  0.00106  0.00424  
1220  0.992621  0.002991  -12.34298  -12.37957  0.01954  -12.36251  -12.32344  0.99704  0.00141  0.00457  
1240  0.992910  0.003339  -12.33866  -12.37748  0.01936  -12.35802  -12.31931  0.99686  0.00178  0.00490  
1260  0.992627  0.003691  -12.33430  -12.35956  0.01886  -12.35316  -12.31544  0.99796  0.00217  0.00521  
1280  0.991654  0.003716  -12.33400  -12.36612  0.01790  -12.35190  -12.31610  0.99740  0.00227  0.00516  
1300  0.993387  0.003253  -12.33973  -12.37587  0.01757  -12.35730  -12.32216  0.99708  0.00183  0.00467  
1320  0.994007  0.002602  -12.34779  -12.35371  0.01742  -12.36521  -12.33037  0.99952  0.00119  0.00401  
1340  0.994188  0.002886  -12.34427  -12.35323  0.01634  -12.36061  -12.32794  0.99928  0.00157  0.00421  
1360  0.994346  0.002455  -12.34961  -12.35625  0.01694  -12.36655  -12.33268  0.99946  0.00109  0.00382  
1380  0.993219  0.003803  -12.33291  -12.36349  0.01669  -12.34961  -12.31622  0.99753  0.00246  0.00515  
1400  0.994264  0.003001  -12.34284  -12.36174  0.01637  -12.35921  -12.32648  0.99847  0.00168  0.00432  
1420  0.994159  0.001954  -12.35581  -12.35229  0.01593  -12.37174  -12.33987  1.00028  0.00067  0.00324  
1440  0.995123  0.001709  -12.35884  -12.36727  0.01563  -12.37448  -12.34321  0.99932  0.00045  0.00297  
1460  0.993721  0.002594  -12.34788  -12.36461  0.01542  -12.36331  -12.33246  0.99865  0.00135  0.00384  
1480  0.995071  0.000819  -12.36986  -12.38680  0.01496  -12.38482  -12.35489  0.99863  0.00039  0.00203  
1500  0.995023  0.001822  -12.35745  -12.36756  0.01478  -12.37223  -12.34266  0.99918  0.00063  0.00302  
1520  0.994064  0.002392  -12.35038  -12.34940  0.01428  -12.36466  -12.33610  1.00008  0.00124  0.00355  
1540  0.993936  0.001430  -12.36230  -12.34315  0.01418  -12.37648  -12.34812  1.00155  0.00028  0.00258  
1560  0.995279  0.001196  -12.36520  -12.38267  0.01433  -12.37953  -12.35087  0.99859  0.00004  0.00235  
1580  0.995764  0.001733  -12.35855  -12.34864  0.01382  -12.37237  -12.34473  1.00080  0.00062  0.00285  
1600  0.995392  0.001660  -12.35945  -12.34671  0.01366  -12.37311  -12.34579  1.00103  0.00056  0.00276  
1620  0.995839  0.002127  -12.35366  -12.33441  0.01377  -12.36743  -12.33990  1.00156  0.00102  0.00324  
1640  0.994770  0.002410  -12.35017  -12.35425  0.01307  -12.36323  -12.33710  0.99967  0.00135  0.00347  
1660  0.996201  0.001603  -12.36015  -12.37976  0.01308  -12.37323  -12.34707  0.99842  0.00055  0.00266  
1680  0.995727  0.000791  -12.37020  -12.37412  0.01316  -12.38336  -12.35705  0.99968  0.00027  0.00185  
1700  0.995589  0.001364  -12.36311  -12.36623  0.01305  -12.37616  -12.35006  0.99975  0.00031  0.00242  
1720  0.995154  0.001735  -12.35852  -12.35566  0.01279  -12.37131  -12.34574  1.00023  0.00070  0.00277  
1740  0.995674  0.001455  -12.36199  -12.37327  0.01261  -12.37461  -12.34938  0.99909  0.00044  0.00247  
1760  0.995537  0.000374  -12.37537  -12.37609  0.01256  -12.38794  -12.36281  0.99994  0.00064  0.00139  
1780  0.995642  0.000582  -12.37279  -12.38165  0.01265  -12.38544  -12.36014  0.99928  0.00044  0.00160  
1800  0.996024  0.001489  -12.36157  -12.35728  0.01226  -12.37382  -12.34931  1.00035  0.00050  0.00248  
1820  0.995651  0.001027  -12.36728  -12.36188  0.01180  -12.37908  -12.35548  1.00044  0.00007  0.00198  
1840  0.995990  0.001397  -12.36271  -12.35226  0.01187  -12.37458  -12.35083  1.00085  0.00044  0.00236  
1860  0.995892  0.000490  -12.37393  -12.38161  0.01177  -12.38570  -12.36217  0.99938  0.00046  0.00144  
1880  0.996668  0.001565  -12.36063  -12.35910  0.01204  -12.37267  -12.34860  1.00012  0.00059  0.00254  
1900  0.996098  0.001140  -12.36588  -12.34955  0.01165  -12.37753  -12.35424  1.00132  0.00020  0.00208  
1920  0.996419  0.000755  -12.37065  -12.36058  0.01149  -12.38215  -12.35916  1.00081  0.00017  0.00168  
1940  0.996214  0.001092  -12.36648  -12.36788  0.01147  -12.37796  -12.35501  0.99989  0.00017  0.00202  
1960  0.996321  0.000788  -12.37024  -12.37393  0.01130  -12.38154  -12.35894  0.99970  0.00012  0.00170  
1980  0.996797  0.001182  -12.36537  -12.36696  0.01133  -12.37669  -12.35404  0.99987  0.00027  0.00210  
2000  0.996463  0.001533  -12.36102  -12.37361  0.01109  -12.37211  -12.34993  0.99898  0.00064  0.00243  
2020  0.995942  0.001025  -12.36732  -12.36503  0.01104  -12.37836  -12.35627  1.00018  0.00013  0.00192  
2040  0.996474  0.001089  -12.36652  -12.37804  0.01128  -12.37780  -12.35524  0.99907  0.00018  0.00200  
2060  0.996824  0.001262  -12.36438  -12.36358  0.01098  -12.37536  -12.35339  1.00006  0.00037  0.00215  
2080  0.997433  0.000901  -12.36885  -12.38080  0.01051  -12.37935  -12.35834  0.99903  0.00005  0.00175  
2100  0.995883  0.001296  -12.36395  -12.37068  0.01048  -12.37443  -12.35347  0.99946  0.00045  0.00214  
