nh: 5
samples1: 50000
samples2: 5000
burn_in: 500
steps: 100
Exact H:-12.38
   Fidelity  ROE       Mean      Median    CI Width LL on CI  UL on CI  mmRatio  Min Err  Max Err
10  0.688077  0.110503  -11.01197  -11.21067  0.09335  -11.10533  -10.91862  0.98228  0.10296  0.11804  
20  0.835269  0.062196  -11.61002  -11.80779  0.07395  -11.68397  -11.53607  0.98325  0.05622  0.06817  
30  0.894566  0.038507  -11.90329  -12.17477  0.06057  -11.96385  -11.84272  0.97770  0.03361  0.04340  
40  0.910881  0.032698  -11.97520  -12.23420  0.05519  -12.03039  -11.92000  0.97883  0.02824  0.03716  
50  0.924322  0.033315  -11.96756  -12.23456  0.05149  -12.01905  -11.91607  0.97818  0.02916  0.03747  
60  0.939890  0.025028  -12.07016  -12.28874  0.04742  -12.11758  -12.02274  0.98221  0.02120  0.02886  
70  0.951298  0.020798  -12.12253  -12.30212  0.04475  -12.16727  -12.07778  0.98540  0.01718  0.02441  
80  0.959769  0.018827  -12.14692  -12.28716  0.04206  -12.18898  -12.10486  0.98859  0.01543  0.02222  
90  0.963488  0.015897  -12.18320  -12.31100  0.03865  -12.22184  -12.14455  0.98962  0.01278  0.01902  
100  0.965602  0.015468  -12.18851  -12.32444  0.03871  -12.22721  -12.14980  0.98897  0.01234  0.01859  
110  0.968767  0.012781  -12.22177  -12.35843  0.03736  -12.25913  -12.18441  0.98894  0.00976  0.01580  
120  0.974446  0.010888  -12.24520  -12.32537  0.03457  -12.27977  -12.21064  0.99350  0.00810  0.01368  
130  0.978075  0.010711  -12.24740  -12.35892  0.03260  -12.27999  -12.21480  0.99098  0.00808  0.01334  
140  0.981757  0.009695  -12.25998  -12.38509  0.03079  -12.29077  -12.22918  0.98990  0.00721  0.01218  
150  0.983892  0.008530  -12.27440  -12.38746  0.02882  -12.30322  -12.24558  0.99087  0.00620  0.01086  
160  0.984827  0.006061  -12.30497  -12.37888  0.02687  -12.33184  -12.27810  0.99403  0.00389  0.00823  
170  0.988073  0.005501  -12.31189  -12.43036  0.02570  -12.33760  -12.28619  0.99047  0.00343  0.00758  
180  0.988590  0.005391  -12.31326  -12.42123  0.02411  -12.33737  -12.28915  0.99131  0.00344  0.00734  
190  0.990113  0.003565  -12.33587  -12.42410  0.02189  -12.35776  -12.31398  0.99290  0.00180  0.00533  
200  0.992087  0.004687  -12.32198  -12.38292  0.02122  -12.34320  -12.30075  0.99508  0.00297  0.00640  
210  0.993067  0.003572  -12.33577  -12.39606  0.01896  -12.35474  -12.31681  0.99514  0.00204  0.00510  
220  0.994286  0.002906  -12.34402  -12.39251  0.01766  -12.36168  -12.32637  0.99609  0.00148  0.00433  
230  0.995034  0.003065  -12.34206  -12.39103  0.01645  -12.35851  -12.32561  0.99605  0.00174  0.00439  
240  0.996287  0.001477  -12.36172  -12.38145  0.01550  -12.37721  -12.34622  0.99841  0.00023  0.00273  
250  0.995734  0.001333  -12.36349  -12.36207  0.01423  -12.37773  -12.34926  1.00011  0.00018  0.00248  
260  0.996160  0.001304  -12.36386  -12.37447  0.01329  -12.37715  -12.35057  0.99914  0.00023  0.00238  
270  0.996029  0.001308  -12.36381  -12.36869  0.01244  -12.37625  -12.35137  0.99961  0.00030  0.00231  
280  0.996714  0.001155  -12.36570  -12.36346  0.01184  -12.37754  -12.35386  1.00018  0.00020  0.00211  
290  0.996389  0.000524  -12.37351  -12.37088  0.01117  -12.38468  -12.36234  1.00021  0.00038  0.00143  
300  0.997928  0.001034  -12.36720  -12.35356  0.01093  -12.37813  -12.35627  1.00110  0.00015  0.00192  
310  0.997257  0.000673  -12.37167  -12.36136  0.01020  -12.38186  -12.36147  1.00083  0.00015  0.00150  
320  0.997746  0.000879  -12.36912  -12.35487  0.00968  -12.37880  -12.35945  1.00115  0.00010  0.00166  
330  0.997362  0.000354  -12.37561  -12.37739  0.00972  -12.38533  -12.36590  0.99986  0.00043  0.00114  
340  0.997687  0.000382  -12.37527  -12.36688  0.00928  -12.38454  -12.36599  1.00068  0.00037  0.00113  
350  0.998363  0.000557  -12.37310  -12.35865  0.00915  -12.38225  -12.36395  1.00117  0.00018  0.00130  
360  0.997864  0.000540  -12.37332  -12.35790  0.00862  -12.38194  -12.36470  1.00125  0.00016  0.00124  
370  0.998221  0.000596  -12.37262  -12.36840  0.00859  -12.38121  -12.36404  1.00034  0.00010  0.00129  
380  0.997648  0.000310  -12.37617  -12.36184  0.00822  -12.38439  -12.36794  1.00116  0.00035  0.00097  
390  0.997810  0.000455  -12.37436  -12.37510  0.00793  -12.38229  -12.36643  0.99994  0.00019  0.00110  
400  0.998635  0.000287  -12.37645  -12.37005  0.00774  -12.38419  -12.36871  1.00052  0.00034  0.00091  
410  0.998606  0.000262  -12.37676  -12.37319  0.00762  -12.38438  -12.36913  1.00029  0.00035  0.00088  
420  0.997605  0.000088  -12.37891  -12.37634  0.00744  -12.38635  -12.37147  1.00021  0.00051  0.00069  
430  0.997646  0.000143  -12.37823  -12.36515  0.00727  -12.38550  -12.37096  1.00106  0.00044  0.00073  
440  0.997572  0.000542  -12.37329  -12.37925  0.00695  -12.38024  -12.36634  0.99952  0.00002  0.00110  
450  0.998882  0.000260  -12.38322  -12.36232  0.00684  -12.39006  -12.37637  1.00169  0.00029  0.00081  
460  0.998717  0.000330  -12.37591  -12.36502  0.00693  -12.38284  -12.36898  1.00088  0.00023  0.00089  
470  0.998936  0.000092  -12.37887  -12.36248  0.00658  -12.38545  -12.37228  1.00133  0.00044  0.00062  
480  0.998281  0.000497  -12.37385  -12.37372  0.00677  -12.38062  -12.36708  1.00001  0.00005  0.00104  
490  0.998258  0.000004  -12.37995  -12.37505  0.00633  -12.38628  -12.37361  1.00040  0.00051  0.00052  
500  0.998395  0.000690  -12.37145  -12.36917  0.00638  -12.37783  -12.36508  1.00019  0.00018  0.00121  
510  0.998080  0.000403  -12.37501  -12.37442  0.00617  -12.38118  -12.36884  1.00005  0.00010  0.00090  
520  0.998981  0.000315  -12.37610  -12.37609  0.00612  -12.38222  -12.36998  1.00000  0.00018  0.00081  
530  0.998468  0.000265  -12.37672  -12.37074  0.00614  -12.38286  -12.37058  1.00048  0.00023  0.00076  
540  0.998623  0.000161  -12.37801  -12.36419  0.00590  -12.38391  -12.37211  1.00112  0.00032  0.00064  
