nh: 5
samples1: 40000
samples2: 5000
burn_in: 500
steps: 100
Exact H:-12.38
   Fidelity  ROE       Mean      Median    CI Width LL on CI  UL on CI  mmRatio  Min Err  Max Err
20  0.806047  0.072793  -11.47882  -11.74178  0.07760  -11.55642  -11.40122  0.97760  0.06653  0.07906  
40  0.903512  0.037312  -11.91808  -12.15131  0.05726  -11.97534  -11.86082  0.98081  0.03269  0.04194  
60  0.925872  0.029049  -12.02037  -12.28392  0.05212  -12.07249  -11.96825  0.97855  0.02484  0.03326  
80  0.950419  0.018892  -12.14612  -12.43883  0.04302  -12.18914  -12.10309  0.97647  0.01542  0.02237  
100  0.971517  0.012202  -12.22893  -12.50787  0.03625  -12.26518  -12.19269  0.97770  0.00927  0.01513  
120  0.980678  0.009488  -12.26254  -12.49617  0.02943  -12.29198  -12.23311  0.98130  0.00711  0.01187  
140  0.987087  0.005818  -12.30798  -12.50675  0.02578  -12.33375  -12.28220  0.98411  0.00374  0.00790  
160  0.988303  0.004911  -12.31920  -12.48560  0.02265  -12.34186  -12.29655  0.98667  0.00308  0.00674  
180  0.990688  0.004643  -12.32252  -12.46678  0.02132  -12.34384  -12.30121  0.98843  0.00292  0.00636  
200  0.992272  0.003528  -12.33633  -12.45737  0.02053  -12.35686  -12.31579  0.99028  0.00187  0.00519  
220  0.993528  0.002993  -12.34294  -12.43583  0.01883  -12.36177  -12.32411  0.99253  0.00147  0.00451  
240  0.993714  0.001899  -12.35649  -12.43481  0.01658  -12.37307  -12.33991  0.99370  0.00056  0.00324  
260  0.995046  0.002476  -12.34934  -12.43924  0.01578  -12.36512  -12.33356  0.99277  0.00120  0.00375  
280  0.996158  0.002321  -12.35126  -12.43430  0.01402  -12.36528  -12.33724  0.99332  0.00119  0.00345  
300  0.996419  0.001298  -12.36393  -12.43252  0.01303  -12.37696  -12.35090  0.99448  0.00025  0.00235  
320  0.996673  0.000899  -12.36887  -12.41415  0.01181  -12.38068  -12.35705  0.99635  0.00005  0.00185  
340  0.997553  0.000863  -12.36931  -12.40484  0.01044  -12.37976  -12.35887  0.99714  0.00002  0.00171  
360  0.997847  0.001400  -12.36267  -12.38617  0.01039  -12.37307  -12.35228  0.99810  0.00056  0.00224  
380  0.996978  0.001583  -12.36041  -12.38189  0.00974  -12.37015  -12.35067  0.99826  0.00080  0.00237  
400  0.998242  0.000584  -12.37278  -12.39122  0.00902  -12.38180  -12.36375  0.99851  0.00015  0.00131  
420  0.996245  0.000735  -12.37090  -12.36067  0.00874  -12.37964  -12.36216  1.00083  0.00003  0.00144  
440  0.998440  0.000305  -12.37622  -12.38006  0.00846  -12.38468  -12.36777  0.99969  0.00038  0.00099  
460  0.998190  0.000402  -12.37502  -12.37951  0.00829  -12.38331  -12.36674  0.99964  0.00027  0.00107  
480  0.997719  0.000373  -12.37539  -12.36938  0.00768  -12.38307  -12.36771  1.00049  0.00025  0.00099  
500  0.998493  0.000416  -12.37485  -12.37167  0.00754  -12.38238  -12.36731  1.00026  0.00019  0.00102  
