Batch size is 2
Epoch & Fidelity & Runtime 
1 0.510066 40.062465
2 0.589287 80.098618
3 0.697118 120.154424
4 0.730214 160.4088
5 0.770905 200.618303
6 0.776906 240.979551
7 0.794663 281.325738
8 0.801437 321.772985
9 0.82573 362.229519
10 0.849384 402.72463
11 0.851028 442.916596
12 0.838302 483.679325
13 0.808451 524.15556

Batch size is 4
Epoch & Fidelity & Runtime 
1 0.437583 30.839472
2 0.533151 61.940419
3 0.598705 93.098285
4 0.666308 124.365261
5 0.713819 155.253277
6 0.748313 186.090238
7 0.756569 218.07395
8 0.786246 250.215023
9 0.80327 282.384536
10 0.791588 314.568994
11 0.815562 346.794974
12 0.818774 379.45012
13 0.821371 411.698882
14 0.823874 444.324998
15 0.809554 476.649512
16 0.853397 508.942312

Batch size is 8
Epoch & Fidelity & Runtime 
1 0.331046 27.44676
2 0.455606 54.424486
3 0.508988 81.380168
4 0.548371 108.248672
5 0.58772 134.78176
6 0.622486 162.117843
7 0.655226 189.012448
8 0.685467 215.891641
9 0.70487 243.788757
10 0.718147 271.519574
11 0.736603 300.119414
12 0.744781 328.274204
13 0.757759 356.462955
14 0.769524 384.714802
15 0.778285 413.437222
16 0.78454 441.729186
17 0.798672 470.524453
18 0.809658 498.830151
19 0.820302 526.689201

Batch size is 16
Epoch & Fidelity & Runtime 
1 0.229793 25.482462
2 0.324927 50.765774
3 0.394354 75.439355
4 0.446077 100.497089
5 0.484787 125.006524
6 0.509867 149.972675
7 0.533017 174.95441
8 0.555291 199.941195
9 0.577099 224.93908
10 0.597964 250.909688
11 0.615431 277.151469
12 0.639049 302.903113
13 0.659771 329.169243
14 0.681435 355.94941
15 0.69908 382.314136
16 0.71128 408.093913
17 0.728994 434.423306
18 0.741396 461.308982
19 0.754991 487.66039
20 0.761386 514.015833

Batch size is 32
Epoch & Fidelity & Runtime 
1 0.159558 24.354057
2 0.233622 47.82814
3 0.28926 71.90668
4 0.333382 95.750074
5 0.371622 120.097797
6 0.402169 144.164393
7 0.42946 167.748855
8 0.451536 191.813205
9 0.470271 215.505605
10 0.48754 239.792067
11 0.501319 265.633666
12 0.513362 290.944819
13 0.525996 315.696358
14 0.536056 341.005502
15 0.545914 366.33674
16 0.556616 391.088315
17 0.567679 416.428124
18 0.574271 441.782975
19 0.583314 466.591456
20 0.593904 491.983198
21 0.602921 518.030339

Batch size is 64
Epoch & Fidelity & Runtime 
1 0.108225 24.503499
2 0.16333 48.221572
3 0.204472 71.283481
4 0.235496 95.002212
5 0.261844 118.103095
6 0.286432 141.785372
7 0.310871 164.811068
8 0.331562 188.436403
9 0.351915 212.055759
10 0.368676 235.075006
11 0.385248 259.795424
12 0.398799 284.749817
13 0.412303 309.7369
14 0.423886 335.415321
15 0.436085 359.775112
16 0.446473 384.826259
17 0.455407 409.937013
18 0.464518 434.349868
19 0.472798 459.479282
20 0.480683 485.359054
21 0.489554 509.771763

Batch size is 128
Epoch & Fidelity & Runtime 
1 0.073966 23.771217
2 0.101822 47.324531
3 0.132424 70.938799
4 0.15497 95.306507
5 0.173538 118.108903
6 0.190619 141.762626
7 0.20666 164.589488
8 0.221405 188.207448
9 0.235359 211.07457
10 0.248404 235.460003
11 0.260019 260.131366
12 0.271245 284.339834
13 0.280601 309.331504
14 0.290101 333.559214
15 0.298424 358.602661
16 0.306486 384.546919
17 0.313985 409.668929
18 0.320331 433.929159
19 0.327073 459.104091
20 0.333671 483.379413
21 0.340183 508.589384

Batch size is 256
Epoch & Fidelity & Runtime 
1 0.067888 23.998869
2 0.075301 46.830868
3 0.086307 70.676219
4 0.100537 93.559322
5 0.115689 117.396706
6 0.129713 140.297317
7 0.142538 165.097609
8 0.154546 188.936075
9 0.165782 211.846934
10 0.176368 235.618551
11 0.187077 259.572925
12 0.197627 284.69865
13 0.208193 310.819857
14 0.218324 335.02641
15 0.228022 360.229717
16 0.237543 385.437198
17 0.246055 409.666032
18 0.25422 434.897304
19 0.261428 461.170624
20 0.268878 485.414217
21 0.276287 510.725628

Batch size is 512
Epoch & Fidelity & Runtime 
1 0.06246 23.295866
2 0.065655 47.091023
3 0.06871 72.114584
4 0.07252 95.053368
5 0.077344 118.958824
6 0.083377 141.931717
7 0.090706 165.927056
8 0.099108 189.744572
9 0.108214 213.884425
10 0.11737 237.87522
11 0.126398 261.808163
12 0.13503 287.030063
13 0.14285 312.287557
14 0.150252 336.477276
15 0.157154 361.750646
16 0.163629 388.091827
17 0.169697 412.339404
18 0.17521 437.61863
19 0.180136 462.916918
20 0.184858 487.147436
21 0.189265 513.569144

