Batch size is 2
Epoch & Fidelity & Runtime 
1 0.502094 38.429204
2 0.610875 76.732316
3 0.664723 115.17198
4 0.685754 153.622365
5 0.720124 191.972419
6 0.762268 230.322743
7 0.821654 268.891264
8 0.80382 307.382572

Batch size is 4
Epoch & Fidelity & Runtime 
1 0.403432 29.908862
2 0.496392 59.759747
3 0.565972 90.14994
4 0.61196 120.576605
5 0.642019 151.850535
6 0.693731 183.100778
7 0.714414 214.337432
8 0.737001 245.591981
9 0.771095 276.924117
10 0.774659 308.521017

Batch size is 8
Epoch & Fidelity & Runtime 
1 0.291904 26.738084
2 0.418397 53.119153
3 0.477522 79.46391
4 0.514024 106.199604
5 0.546908 133.696649
6 0.567727 161.235137
7 0.604435 188.801084
8 0.631964 216.342465
9 0.649673 243.883281
10 0.67001 271.572871
11 0.690903 298.969234
12 0.711025 326.522399

Batch size is 16
Epoch & Fidelity & Runtime 
1 0.214723 24.777192
2 0.303577 49.342028
3 0.366444 74.282246
4 0.418578 98.966927
5 0.455151 123.251431
6 0.482226 148.264271
7 0.499301 173.846245
8 0.523124 199.600565
9 0.538104 225.34814
10 0.554836 251.097106
11 0.569547 276.893224
12 0.584914 302.479761

Batch size is 32
Epoch & Fidelity & Runtime 
1 0.149794 23.786773
2 0.215514 47.468953
3 0.258899 71.095826
4 0.299139 94.722746
5 0.333709 118.118327
6 0.364655 142.261424
7 0.392171 167.106063
8 0.417912 191.721979
9 0.438169 216.599759
10 0.457097 241.533699
11 0.474368 266.205861
12 0.48824 291.110128
13 0.500464 316.028888

Batch size is 64
Epoch & Fidelity & Runtime 
1 0.082546 23.382991
2 0.133945 46.693485
3 0.178732 69.701115
4 0.212951 92.959075
5 0.23911 115.924541
6 0.263089 139.127249
7 0.28468 162.623521
8 0.304071 187.757763
9 0.320465 212.408015
10 0.336156 236.656202
11 0.350335 261.159622
12 0.363272 285.995166
13 0.375201 310.304148

Batch size is 128
Epoch & Fidelity & Runtime 
1 0.068699 23.172158
2 0.088704 45.955798
3 0.119692 69.201147
4 0.146164 92.484461
5 0.166377 115.254894
6 0.183551 138.368136
7 0.198638 162.613809
8 0.212287 187.002681
9 0.225186 211.417042
10 0.236308 235.516319
11 0.247463 260.23521
12 0.258686 284.31619
13 0.269299 309.062738

Batch size is 256
Epoch & Fidelity & Runtime 
1 0.064812 23.17277
2 0.070975 45.965362
3 0.080345 69.072043
4 0.093274 91.810096
5 0.108097 114.898773
6 0.122127 138.007167
7 0.134499 161.533913
8 0.145559 185.487545
9 0.155951 209.775656
10 0.165503 234.071466
11 0.174578 258.361336
12 0.183275 282.822741
13 0.191203 307.548615

Batch size is 512
Epoch & Fidelity & Runtime 
1 0.060245 22.791608
2 0.063928 46.151206
3 0.066451 68.904148
4 0.069317 91.922076
5 0.072881 114.904058
6 0.077167 137.928646
7 0.082238 161.066693
8 0.088018 185.342552
9 0.094269 209.61797
10 0.100539 233.54556
11 0.106774 258.293548
12 0.112789 282.676901
13 0.118562 306.698159

