Batch Sizes: 2 4 8 16 32 
Epoch & Fidelity & KL & Runtime 
1 0.868433 0.482586 24.89936
2 0.958282 0.295768 49.509336
3 0.982354 0.249189 74.16343
4 0.987713 0.239246 98.72902
5 0.990529 0.233974 123.515126
6 0.990351 0.234545 148.217391
7 0.990777 0.233641 172.802296
8 0.989924 0.235485 197.605119
9 0.990361 0.234664 222.392144
10 0.989181 0.237007 247.051595
11 0.989523 0.23619 272.161173
12 0.988058 0.239138 296.850696
13 0.98903 0.237322 321.810616
14 0.991419 0.232511 346.790987
15 0.989998 0.23533 371.521136
16 0.989798 0.235755 396.602756
17 0.99012 0.235047 421.743403
18 0.991166 0.232957 446.657822
19 0.992409 0.230493 471.815718
20 0.990794 0.233773 497.383041
21 0.991406 0.232574 522.637756

Epoch & Fidelity & KL & Runtime 
1 0.734127 0.805462 24.74789
2 0.874355 0.472038 50.240555
3 0.933805 0.34626 75.376896
4 0.959915 0.293451 100.125615
5 0.975196 0.263316 125.283645
6 0.982047 0.250071 150.467606
7 0.985282 0.243908 175.279273
8 0.988281 0.238179 200.943631
9 0.989301 0.236387 226.206882
10 0.98986 0.235394 251.041353
11 0.990743 0.233637 276.378736
12 0.989934 0.23532 301.696295
13 0.99032 0.234587 326.549264
14 0.990776 0.233728 352.387281
15 0.991199 0.232898 377.738289
16 0.990392 0.234512 402.660448
17 0.990633 0.234069 428.158642
18 0.990808 0.233699 453.59869
19 0.990348 0.234663 478.533405
20 0.990064 0.235196 504.571828

Epoch & Fidelity & KL & Runtime 
1 0.557065 1.301825 25.326411
2 0.711988 0.850105 50.739525
3 0.805584 0.620716 75.61692
4 0.865797 0.486059 101.596914
5 0.905249 0.402671 127.031176
6 0.933328 0.345352 152.510931
7 0.949847 0.312396 177.9518
8 0.959909 0.292577 203.432489
9 0.968635 0.275582 228.346785
10 0.974172 0.264938 253.852187
11 0.978862 0.256014 279.368652
12 0.982376 0.249374 305.528935
13 0.985045 0.244313 330.462835
14 0.986461 0.241642 356.197712
15 0.987643 0.239413 382.264939
16 0.988858 0.237104 407.665455
17 0.989143 0.236608 433.751245
18 0.990205 0.234604 460.50743
19 0.990539 0.233976 486.628254
20 0.990824 0.233481 512.115619

Epoch & Fidelity & KL & Runtime 
1 0.34608 2.23272 26.015943
2 0.474512 1.636513 52.211401
3 0.581846 1.250947 79.120863
4 0.66669 0.992816 104.566557
5 0.732794 0.812817 130.7949
6 0.783473 0.684925 156.874121
7 0.823366 0.589761 182.955731
8 0.852047 0.523978 209.099408
9 0.878046 0.466183 236.015053
10 0.898077 0.422769 262.159544
11 0.914076 0.388701 288.322682
12 0.927432 0.360717 313.687184
13 0.937883 0.339094 339.953019
14 0.945781 0.322912 366.361447
15 0.952953 0.308331 392.710565
16 0.959088 0.295958 418.147194
17 0.963693 0.286715 444.615703
18 0.967914 0.27834 471.167516
19 0.971376 0.271453 498.604887
20 0.973965 0.266355 524.114865

Epoch & Fidelity & KL & Runtime 
1 0.374764 2.063217 26.4552
2 0.438128 1.769253 54.056646
3 0.496926 1.532788 80.719245
4 0.549429 1.344318 106.272668
5 0.597379 1.187201 132.939928
6 0.640819 1.055342 159.660897
7 0.679081 0.946414 187.487856
8 0.712123 0.857108 214.223064
9 0.742009 0.779789 239.876673
10 0.767108 0.716958 266.690243
11 0.790374 0.660617 293.540781
12 0.810392 0.613411 320.460277
13 0.827811 0.573222 347.337421
14 0.843791 0.537094 374.261475
15 0.857543 0.50655 401.220759
16 0.871042 0.477004 428.216282
17 0.882535 0.452186 455.279063
18 0.893212 0.429446 482.400595
19 0.90271 0.40943 509.455326

