Learning Rates: 1e-05 0.0001 0.001 0.01 0.1 1 
Epoch & Fidelity & KL & Runtime 
1 0.27326 2.227202 1.056153
2 0.278073 2.197544 2.096948
3 0.282934 2.168061 3.136554
4 0.28755 2.140552 4.17342
5 0.292249 2.112988 5.211603
6 0.297085 2.085077 6.24853
7 0.301827 2.058152 7.288773
8 0.3066 2.031484 8.326539
9 0.311403 2.005089 9.367988
10 0.316238 1.978933 10.417469
11 0.320867 1.954236 11.455147
12 0.32556 1.929529 12.492489
13 0.33015 1.905719 13.533174
14 0.334736 1.882306 14.57413
15 0.339352 1.859026 15.612878
16 0.343965 1.836061 16.651991
17 0.348625 1.813241 17.69363
18 0.353243 1.790872 18.735316
19 0.357817 1.769002 19.775744
20 0.362293 1.747866 20.817314
21 0.366692 1.72733 21.855458
22 0.371287 1.706177 22.894035
23 0.37572 1.68601 23.934455
24 0.380191 1.665932 24.99699
25 0.384525 1.64665 26.035268
26 0.389018 1.626902 27.073091
27 0.39333 1.608158 28.110965
28 0.397658 1.589543 29.149237
29 0.402036 1.570921 30.192073
30 0.406338 1.552836 31.231834
31 0.410593 1.535139 32.270155
32 0.414915 1.517337 33.311173
33 0.419162 1.50004 34.348658
34 0.423368 1.483034 35.386022
35 0.427545 1.466321 36.423435
36 0.43175 1.449662 37.460382
37 0.435842 1.433614 38.498842
38 0.439936 1.417699 39.541548
39 0.443951 1.402244 40.611974
40 0.448056 1.386587 41.650908
41 0.452191 1.370952 42.71262
42 0.456098 1.356311 43.751887
43 0.460031 1.341671 44.792934
44 0.46396 1.327182 45.834286
45 0.467923 1.312702 46.874274
46 0.471818 1.298589 47.915361
47 0.475738 1.284506 48.954541
48 0.479601 1.270735 49.995821
49 0.48326 1.257771 51.041066
50 0.487062 1.244424 52.081744
51 0.490798 1.23139 53.125465
52 0.494571 1.218335 54.166935
53 0.49826 1.205667 55.247755
54 0.502049 1.192748 56.288427
55 0.505761 1.180172 57.329182
56 0.509478 1.167692 58.369094
57 0.513056 1.155743 59.40955
58 0.516527 1.144248 60.449753
59 0.520105 1.132473 61.495271
60 0.523577 1.121135 62.537954
61 0.527081 1.109746 63.577647
62 0.530566 1.09851 64.618142
63 0.533967 1.087592 65.660575
64 0.5374 1.076651 66.702357
65 0.540765 1.065988 67.740458
66 0.544218 1.055118 68.78216
67 0.547502 1.044839 69.87266
68 0.550787 1.034608 70.914315
69 0.553982 1.024721 71.954143
70 0.557246 1.014699 72.994523
71 0.560519 1.004683 74.035686
72 0.56357 0.995418 75.078259
73 0.566812 0.985606 76.117412
74 0.569994 0.976039 77.16065
75 0.573157 0.966575 78.2001
76 0.576106 0.957789 79.239828
77 0.579118 0.948879 80.282047
78 0.582123 0.940021 81.320966
79 0.58511 0.931251 82.36673
80 0.58823 0.922157 83.404542
81 0.591265 0.913356 84.445042
82 0.594269 0.904683 85.544127
83 0.597142 0.896424 86.587246
84 0.600095 0.887976 87.628165
85 0.602983 0.879756 88.669279
86 0.605957 0.871322 89.709414
87 0.608902 0.863023 90.747828
88 0.611626 0.855369 91.791385
89 0.614504 0.847331 92.835056
90 0.617325 0.839475 93.875696
91 0.620057 0.831907 94.915485
92 0.622761 0.824445 95.955093
93 0.625534 0.816829 96.994739
94 0.628208 0.809509 98.036965
95 0.630746 0.802591 99.077128
96 0.633397 0.795395 100.181306
97 0.63604 0.788255 101.221093
98 0.638654 0.781203 102.260884
99 0.64126 0.77421 103.301736
100 0.643852 0.767294 104.344688
101 0.646365 0.760607 105.383448
102 0.648945 0.753784 106.423798
103 0.651332 0.747486 107.464036
104 0.653742 0.741151 108.503978
105 0.65613 0.734903 109.547466
106 0.658478 0.728764 110.587811
107 0.660832 0.722634 111.626501
108 0.663173 0.716566 112.677999
109 0.665564 0.710388 113.72068
110 0.668033 0.704038 114.831338
111 0.670265 0.698307 115.87427
112 0.672533 0.692503 116.914585
113 0.674798 0.686722 117.954946
114 0.677178 0.680674 118.996333
115 0.679388 0.675071 120.037213
116 0.681666 0.669324 121.081012
117 0.683851 0.663816 122.121733
118 0.686056 0.658279 123.162401
119 0.688305 0.652659 124.206823
120 0.6904 0.647433 125.246731
121 0.692515 0.642178 126.287776
122 0.694564 0.637095 127.330022
123 0.696648 0.631934 128.370983
124 0.6988 0.626638 129.414151
125 0.700755 0.621826 130.534214
126 0.7028 0.61681 131.574668
127 0.704876 0.611734 132.614459
128 0.70687 0.606871 133.656454
129 0.708945 0.60183 134.70129
130 0.710851 0.597209 135.740953
131 0.712914 0.592223 136.782168
132 0.714792 0.587703 137.820857
133 0.71662 0.583302 138.864428
134 0.718591 0.578579 139.910965
135 0.720409 0.574228 140.950918
136 0.722376 0.569536 141.990107
137 0.724321 0.564914 143.029076
138 0.72611 0.560671 144.069466
139 0.727954 0.556305 145.202638
140 0.729802 0.551945 146.242719
141 0.731607 0.547686 147.282524
142 0.733407 0.543461 148.32248
143 0.735138 0.539394 149.362952
144 0.73688 0.535316 150.408308
145 0.738571 0.531366 151.44799
146 0.740375 0.527168 152.487773
147 0.742163 0.523016 153.526795
148 0.743872 0.519046 154.567106
149 0.745558 0.515136 155.612608
150 0.74716 0.511433 156.656252
151 0.748779 0.507702 157.695819
152 0.750383 0.504016 158.735187
153 0.752013 0.500275 159.867496
154 0.753683 0.496449 160.910999
155 0.755396 0.49253 161.953396
156 0.756971 0.488936 162.997974
157 0.75853 0.485391 164.039048
158 0.76006 0.481915 165.081441
159 0.761658 0.478294 166.123013
160 0.76322 0.474762 167.163274
161 0.764745 0.471325 168.206149
162 0.766386 0.467628 169.248821
163 0.767942 0.464124 170.290962
164 0.769475 0.460682 171.331291
165 0.770997 0.457273 172.374796
166 0.772465 0.453986 173.413774
167 0.773958 0.450661 174.457166
168 0.775432 0.447378 175.596879
169 0.776915 0.444081 176.63994
170 0.778321 0.440963 177.679391
171 0.779634 0.438057 178.719064
172 0.781043 0.434942 179.759343
173 0.782464 0.431806 180.801274
174 0.783797 0.428871 181.842998
175 0.785198 0.425792 182.883549
176 0.78652 0.422892 183.923131
177 0.787922 0.419825 184.962496
178 0.789277 0.416864 186.004095
179 0.790603 0.413965 187.047263
180 0.791877 0.411183 188.101055
181 0.79317 0.408366 189.142241
182 0.79447 0.405543 190.289578
183 0.795785 0.402687 191.437721
184 0.797012 0.400028 192.482087
185 0.798276 0.39729 193.522903
186 0.799517 0.394601 194.56237
187 0.800771 0.391891 195.602721
188 0.801988 0.389273 196.641657
189 0.803186 0.386693 197.684052
190 0.804398 0.384091 198.722686
191 0.805636 0.38144 199.762657
192 0.806819 0.37891 200.803282
193 0.808022 0.376336 201.845116
194 0.809161 0.373896 202.88472
195 0.810311 0.371443 203.927086
196 0.811448 0.369018 205.079097
197 0.812624 0.366516 206.117748
198 0.813804 0.364007 207.156197
199 0.815014 0.361442 208.200767
200 0.816175 0.358985 209.243481
201 0.817337 0.356524 210.285938
202 0.818528 0.354006 211.325265
203 0.819615 0.351713 212.364422
204 0.820655 0.349517 213.402898
205 0.821739 0.347238 214.441411
206 0.82285 0.344905 215.482685
207 0.823898 0.342709 216.521728
208 0.824974 0.340454 217.561902
209 0.82608 0.338143 218.604225
210 0.827189 0.335823 219.64251
211 0.828281 0.333546 220.801941
212 0.82938 0.331254 221.842579
213 0.830384 0.329165 222.881915
214 0.831393 0.327067 223.924559
215 0.832363 0.325047 224.965066
216 0.833388 0.322925 226.005293
217 0.83436 0.320908 227.045442
218 0.835356 0.31885 228.086021
219 0.836344 0.316807 229.125811
220 0.837304 0.314828 230.166038
221 0.838283 0.312811 231.206215
222 0.83928 0.310758 232.245531
223 0.840184 0.308897 233.288003
224 0.841171 0.30687 234.327866
225 0.842034 0.305097 235.493393
226 0.84297 0.303175 236.531624
227 0.843886 0.301299 237.571029
228 0.844772 0.299487 238.612345
229 0.84568 0.297638 239.656366
230 0.84655 0.295862 240.696792
231 0.847373 0.294181 241.736463
232 0.848281 0.292326 242.7744
233 0.849217 0.290418 243.814509
234 0.850095 0.288632 244.858667
235 0.850909 0.286977 245.899415
236 0.851784 0.285202 246.941522
237 0.852595 0.283554 247.982286
238 0.853492 0.281735 249.019869
239 0.854389 0.279919 250.191646
240 0.855196 0.278287 251.235889
241 0.855997 0.276666 252.275337
242 0.85685 0.274946 253.31459
243 0.857698 0.273238 254.492569
244 0.858544 0.271534 255.531265
245 0.859357 0.269898 256.569596
246 0.860217 0.26817 257.610415
247 0.860987 0.26662 258.662344
248 0.861844 0.264904 259.703061
249 0.862693 0.263204 260.742041
250 0.863481 0.261625 261.782699
251 0.864231 0.260122 262.824913
252 0.864972 0.25864 263.866002
253 0.865749 0.257088 265.04603
254 0.866507 0.255573 266.087049
255 0.867277 0.254036 267.126777
256 0.86807 0.252455 268.166309
257 0.868873 0.250855 269.208851
258 0.86961 0.249386 270.248537
259 0.870327 0.247956 271.287745
260 0.871087 0.246452 272.32791
261 0.871819 0.244999 273.367134
262 0.872509 0.243628 274.409742
263 0.873237 0.242184 275.452838
264 0.873978 0.240721 276.492691
265 0.874688 0.239316 277.531562
266 0.875362 0.237984 278.570773
267 0.876109 0.236515 279.609649
268 0.876796 0.235159 280.800475
269 0.877431 0.233909 281.840756
270 0.878098 0.232595 282.881324
271 0.878755 0.231304 283.920238
272 0.879435 0.229961 284.960863
273 0.880101 0.228653 286.000705
274 0.880758 0.227365 287.0432
275 0.881436 0.226036 288.083126
276 0.882096 0.224744 289.12317
277 0.882739 0.223485 290.162834
278 0.883398 0.22219 291.20311
279 0.883978 0.221052 292.244668
280 0.884649 0.219739 293.284595
281 0.885262 0.218541 294.327014
282 0.885871 0.217348 295.520482
283 0.886507 0.216108 296.559131
284 0.887157 0.214841 297.598684
285 0.887835 0.213517 298.640732
286 0.88854 0.212144 299.680349
287 0.889137 0.210985 300.720411

Epoch & Fidelity & KL & Runtime 
1 0.276582 2.229536 1.040648
2 0.328358 1.937186 2.078716
3 0.377035 1.70094 3.117705
4 0.421171 1.511176 4.156868
5 0.463091 1.348247 5.199158
6 0.503281 1.205031 6.238172
7 0.540508 1.081815 7.277822
8 0.573599 0.978911 8.317255
9 0.604302 0.888505 9.519832
10 0.631775 0.811277 10.558466
11 0.658314 0.739588 11.59855
12 0.681446 0.679383 12.636816
13 0.703178 0.624642 13.675038
14 0.723331 0.575321 14.71403
15 0.741033 0.533076 15.754223
16 0.757888 0.49371 16.792572
17 0.773485 0.458084 17.832035
18 0.787947 0.425625 18.871173
19 0.801345 0.396087 19.910193
20 0.813106 0.370565 20.951483
21 0.825469 0.344108 21.991535
22 0.835868 0.322152 23.029214
23 0.845557 0.301945 24.241345
24 0.854165 0.28417 25.294378
25 0.861716 0.268738 26.334816
26 0.870037 0.251878 27.376026
27 0.877343 0.237216 28.416228
28 0.884094 0.223791 29.455003
29 0.890638 0.210863 30.494678
30 0.896603 0.199154 31.534935
31 0.901679 0.189248 32.575163
32 0.906443 0.179996 33.616109
33 0.911263 0.170703 34.658621
34 0.916104 0.161441 35.704152
35 0.920418 0.153197 36.74197
36 0.924624 0.145222 37.780635
37 0.927858 0.139108 38.822731
38 0.931396 0.132457 40.038738
39 0.934425 0.126774 41.079412
40 0.937285 0.12142 42.119806
41 0.940114 0.11615 43.159268
42 0.943044 0.110724 44.198295
43 0.945547 0.106095 45.239113
44 0.947773 0.101975 46.278033
45 0.949808 0.098237 47.318878
46 0.951618 0.094928 48.358698
47 0.953639 0.091225 49.39988
48 0.955366 0.088072 50.438512
49 0.957011 0.085097 51.479345
50 0.958426 0.082513 52.519985
51 0.960018 0.07962 53.561265
52 0.961299 0.077317 54.784555
53 0.962576 0.075008 55.825387
54 0.963656 0.07306 56.867045
55 0.964931 0.070767 57.907848
56 0.966007 0.068834 58.94664
57 0.967199 0.066709 59.986543
58 0.967989 0.065294 61.027693
59 0.968882 0.0637 62.067933
60 0.969668 0.062308 63.110256
61 0.970242 0.061298 64.150611
62 0.970927 0.060084 65.189695
63 0.971655 0.058783 66.236044
64 0.972402 0.057451 67.276593
65 0.973295 0.055873 68.319829
66 0.973925 0.054763 69.549335
67 0.97453 0.0537 70.589409
68 0.975351 0.052262 71.629562
69 0.976062 0.051011 72.67189
70 0.976461 0.050313 73.712031
71 0.977172 0.049053 74.75387
72 0.977428 0.048615 75.79181
73 0.978046 0.047544 76.832574
74 0.978522 0.046723 77.872124
75 0.979174 0.045562 78.913301
76 0.979589 0.044846 79.955369
77 0.979962 0.044195 80.999638
78 0.980216 0.043748 82.039885
79 0.9805 0.043258 83.081445
80 0.980843 0.042665 84.316628
81 0.981031 0.042333 85.358649
82 0.981215 0.042006 86.401675
83 0.981526 0.041473 87.442088
84 0.98157 0.041415 88.482566
85 0.981811 0.040998 89.523277
86 0.982106 0.0405 90.763361
87 0.982467 0.039872 91.803174
88 0.982639 0.03959 92.843305
89 0.982891 0.03915 93.882514
90 0.983087 0.038821 94.922531
91 0.983138 0.038738 95.962122
92 0.983427 0.038249 97.001736
93 0.983707 0.037792 98.04363
94 0.983849 0.03755 99.285804
95 0.983893 0.037489 100.326396
96 0.984041 0.037242 101.376592
97 0.984247 0.036889 102.417662
98 0.984326 0.036767 103.459921
99 0.984516 0.036425 104.502723
100 0.984508 0.036449 105.542663
101 0.984656 0.036189 106.584108
102 0.984907 0.03576 107.626064
103 0.985083 0.035443 108.666981
104 0.985141 0.035332 109.708829
105 0.98516 0.035298 110.749709
106 0.985256 0.035127 111.788682
107 0.985358 0.034951 112.828668
108 0.985556 0.034604 113.867728
109 0.985645 0.034449 115.117926
110 0.985711 0.034354 116.159157
111 0.985817 0.034173 117.20002
112 0.98605 0.033767 118.239017
113 0.986112 0.03366 119.278287
114 0.986178 0.033552 120.317464
115 0.986195 0.033527 121.357086
116 0.986222 0.033484 122.399032
117 0.986329 0.033309 123.439626
118 0.986423 0.033151 124.479471
119 0.986465 0.033083 125.518563
120 0.986468 0.033096 126.559503
121 0.986503 0.033047 127.601733
122 0.986597 0.032883 128.646008
123 0.986638 0.032823 129.902276
124 0.986711 0.032702 130.943536
125 0.986756 0.03263 131.983276
126 0.986799 0.032561 133.023994
127 0.986791 0.032588 134.069473
128 0.986833 0.032517 135.108709
129 0.986888 0.032426 136.148364
130 0.986929 0.032345 137.187514
131 0.986938 0.03233 138.227455
132 0.98694 0.032326 139.266229
133 0.986932 0.032341 140.308789
134 0.986953 0.032314 141.347268
135 0.987074 0.032111 142.38788
136 0.987129 0.03203 143.427245
137 0.987218 0.031877 144.688726
138 0.987179 0.031968 145.729306
139 0.987169 0.032001 146.771758
140 0.987216 0.031906 147.813146
141 0.987188 0.03197 148.854211
142 0.987228 0.031914 149.895
143 0.987308 0.031778 150.936003
144 0.987285 0.031804 151.976953
145 0.98738 0.031638 153.016037
146 0.987329 0.03173 154.055325
147 0.987372 0.031647 155.094931
148 0.987465 0.031484 156.134398
149 0.987543 0.03135 157.174284
150 0.98751 0.03141 158.216799
151 0.987438 0.031551 159.486713
152 0.987488 0.03147 160.525228
153 0.987491 0.031461 161.565938
154 0.987521 0.0314 162.60293
155 0.987593 0.031265 163.64625
156 0.987576 0.031313 164.692241
157 0.987636 0.031209 165.734812
158 0.987663 0.03117 166.776692
159 0.987783 0.030945 167.815319
160 0.987836 0.030857 168.854071
161 0.987898 0.030746 169.894974
162 0.987876 0.030796 170.933932
163 0.98787 0.030811 171.983694
164 0.987804 0.030942 173.022626
165 0.987802 0.030964 174.298433
166 0.987811 0.030958 175.343003
167 0.987795 0.030989 176.385393
168 0.98778 0.031003 177.426737
169 0.987832 0.030913 178.465327
170 0.987826 0.030931 179.505662
171 0.987778 0.031034 180.544262
172 0.98781 0.03097 181.582968
173 0.987853 0.030899 182.621564
174 0.987856 0.030893 183.659286
175 0.987865 0.030875 184.69857
176 0.987917 0.030777 185.736079
177 0.987911 0.030788 186.774562
178 0.987931 0.030757 187.815717
179 0.988026 0.030577 188.856746
180 0.988018 0.030591 190.137969
181 0.988002 0.030615 191.176737
182 0.988009 0.030604 192.21534
183 0.988004 0.030644 193.255558
184 0.987964 0.030729 194.537022
185 0.988013 0.030633 195.575906
186 0.988022 0.03063 196.614254
187 0.988003 0.030662 197.653085
188 0.987988 0.030678 198.691412
189 0.987999 0.030656 199.732453
190 0.988025 0.030615 200.768577
191 0.988043 0.030572 201.805703
192 0.988122 0.030431 202.842318
193 0.98806 0.030556 203.87959
194 0.988072 0.030536 205.166788
195 0.988014 0.030655 206.208946
196 0.987932 0.0308 207.246045
197 0.987906 0.030852 208.284029
198 0.987857 0.030943 209.321538
199 0.987848 0.030976 210.359286
200 0.987861 0.030949 211.400106
201 0.987927 0.030831 212.43875
202 0.987888 0.030901 213.476013
203 0.987948 0.030802 214.516101
204 0.987997 0.03073 215.552642
205 0.987956 0.030802 216.591053
206 0.987995 0.030725 217.631128
207 0.988011 0.030687 218.67027
208 0.987999 0.030704 219.961029
209 0.98799 0.03073 220.999801
210 0.987956 0.030799 222.03983
211 0.988014 0.030703 223.077688
212 0.988003 0.030736 224.117097
213 0.987948 0.030848 225.155905
214 0.987958 0.030825 226.195028
215 0.987978 0.030783 227.233268
216 0.987964 0.030801 228.270937
217 0.988008 0.03072 229.310926
218 0.988068 0.030612 230.348979
219 0.988073 0.030598 231.387278
220 0.988022 0.030703 232.42487
221 0.988046 0.030652 233.462415
222 0.98808 0.03058 234.753246
223 0.988045 0.030632 235.794536
224 0.988106 0.030524 236.83374
225 0.988097 0.030567 237.870066
226 0.988137 0.030499 238.912791
227 0.988101 0.030572 239.950824
228 0.988086 0.030598 240.990704
229 0.988067 0.030642 242.02829
230 0.988123 0.03055 243.066362
231 0.988121 0.030543 244.103155
232 0.988166 0.030455 245.140278
233 0.988191 0.030412 246.178411
234 0.988183 0.030433 247.218583
235 0.988191 0.030408 248.270648
236 0.988229 0.030356 249.568992
237 0.98822 0.030358 250.606553
238 0.988214 0.030397 251.644819
239 0.98824 0.030337 252.684109
240 0.988226 0.03036 253.723945
241 0.988212 0.030389 254.763676
242 0.988244 0.030324 255.803191
243 0.98826 0.030311 257.10306
244 0.988303 0.030217 258.142694
245 0.988342 0.030136 259.182579
246 0.988292 0.030229 260.22069
247 0.988324 0.030175 261.259119
248 0.988301 0.030218 262.299111
249 0.988285 0.030265 263.337462
250 0.988342 0.030156 264.639993
251 0.988314 0.030209 265.682593
252 0.98834 0.030149 266.720889
253 0.98835 0.030127 267.759237
254 0.988376 0.03009 268.798214
255 0.98833 0.030169 269.842705
256 0.988403 0.030032 270.880832
257 0.988385 0.030079 271.920949
258 0.988339 0.030171 272.957785
259 0.988314 0.030206 273.995107
260 0.988273 0.030275 275.034182
261 0.988348 0.03013 276.07548
262 0.988321 0.030201 277.119562
263 0.988381 0.030082 278.161157
264 0.988351 0.030139 279.466082
265 0.988379 0.030087 280.506505
266 0.988401 0.030055 281.545935
267 0.988421 0.029999 282.583925
268 0.988432 0.029987 283.624457
269 0.988401 0.030031 284.663955
270 0.98841 0.030041 285.705177
271 0.988454 0.029949 286.746411
272 0.98847 0.029911 287.783993
273 0.988431 0.029984 288.824097
274 0.988445 0.02995 289.864321
275 0.98846 0.029925 290.904725
276 0.988449 0.029951 291.94277
277 0.988445 0.029964 292.980562
278 0.98851 0.029846 294.290708
279 0.988553 0.029771 295.330707
280 0.988533 0.029821 296.369061
281 0.988547 0.029792 297.407252
282 0.988509 0.029844 298.446291
283 0.988532 0.029797 299.487027
284 0.988501 0.029861 300.525256

Epoch & Fidelity & KL & Runtime 
1 0.641486 0.783258 1.042615
2 0.816412 0.363053 2.083647
3 0.896046 0.199885 3.12491
4 0.937835 0.120324 4.166364
5 0.959359 0.080837 5.207019
6 0.972092 0.057959 6.24922
7 0.978387 0.046951 7.288016
8 0.981031 0.042387 8.328482
9 0.983366 0.038387 9.644853
10 0.985055 0.035512 10.688528
11 0.985263 0.035285 11.727809
12 0.986022 0.034219 12.767487
13 0.98698 0.032487 13.80496
14 0.98777 0.03113 14.842892
15 0.987575 0.031608 15.894959
16 0.987638 0.031485 16.938559
17 0.987664 0.031397 17.978976
18 0.987762 0.031242 19.021418
19 0.988275 0.030252 20.062891
20 0.988589 0.029625 21.105815
21 0.988294 0.030383 22.144951
22 0.989251 0.028396 23.184881
23 0.98876 0.02927 24.505474
24 0.989211 0.028465 25.545251
25 0.989237 0.028325 26.585512
26 0.98958 0.027817 27.625107
27 0.989197 0.028572 28.664432
28 0.98887 0.029115 29.707664
29 0.989351 0.028222 30.750473
30 0.988886 0.029041 31.792506
31 0.988831 0.029169 32.831121
32 0.989143 0.028572 33.869714
33 0.988675 0.029565 34.908808
34 0.988546 0.029855 35.949989
35 0.988931 0.028983 36.988996
36 0.988837 0.029069 38.029263
37 0.988756 0.029298 39.350259
38 0.988635 0.029535 40.389229
39 0.989189 0.028442 41.430884
40 0.989465 0.027962 42.471224
41 0.989376 0.02818 43.511558
42 0.988657 0.029449 44.552217
43 0.989461 0.028014 45.592929
44 0.989553 0.027929 46.632887
45 0.989807 0.02743 47.680949
46 0.989988 0.027045 48.723851
47 0.990222 0.026655 49.764212
48 0.989928 0.027244 50.802458
49 0.990097 0.026962 51.843342
50 0.990329 0.026561 52.884458
51 0.989904 0.027346 54.211
52 0.990011 0.027103 55.249225
53 0.989923 0.027258 56.289695
54 0.989944 0.027103 57.332022
55 0.990129 0.026781 58.37178
56 0.989907 0.027242 59.410944
57 0.989429 0.028138 60.455553
58 0.990181 0.026771 61.49423
59 0.990858 0.025535 62.532916
60 0.990643 0.025972 63.571475
61 0.99029 0.026662 64.611021
62 0.990789 0.025675 65.652617
63 0.990688 0.025869 66.693511
64 0.990104 0.027065 67.733273
65 0.989506 0.028286 69.061711
66 0.989098 0.029126 70.102494
67 0.989734 0.027754 71.141752
68 0.990183 0.026895 72.185965
69 0.990189 0.026767 73.232738
70 0.990768 0.025632 74.275514
71 0.990967 0.025364 75.315327
72 0.990994 0.025344 76.354524
73 0.990258 0.026778 77.396571
74 0.990662 0.025943 78.437122
75 0.99027 0.026845 79.476779
76 0.99055 0.026239 80.518823
77 0.991143 0.025087 81.559977
78 0.990427 0.026419 82.599719
79 0.990208 0.026859 83.935166
80 0.989979 0.027194 84.973602
81 0.989495 0.028128 86.01207
82 0.990173 0.026841 87.063106
83 0.990096 0.027056 88.103817
84 0.990811 0.025605 89.146917
85 0.990162 0.026868 90.18753
86 0.990865 0.025573 91.227363
87 0.990828 0.025646 92.267358
88 0.990659 0.026016 93.605199
89 0.991084 0.025288 94.646568
90 0.990761 0.025968 95.690182
91 0.99105 0.02526 96.732275
92 0.990695 0.025825 97.77539
93 0.990866 0.02557 99.115704
94 0.991342 0.024671 100.156193
95 0.990333 0.026646 101.197279
96 0.990573 0.026279 102.237605
97 0.991335 0.024784 103.278346
98 0.991469 0.024525 104.319342
99 0.991045 0.025324 105.359118
100 0.991319 0.024796 106.398414
101 0.991621 0.024211 107.438651
102 0.991472 0.024526 108.478137
103 0.990674 0.026065 109.517874
104 0.990556 0.026394 110.556274
105 0.991082 0.025367 111.597825
106 0.991554 0.02445 112.638644
107 0.991041 0.025364 113.981849
108 0.991057 0.025319 115.021874
109 0.991871 0.023779 116.059616
110 0.991852 0.023778 117.099636
111 0.991513 0.024477 118.142819
112 0.991547 0.024397 119.186536
113 0.99156 0.024345 120.227837
114 0.991712 0.024148 121.268337
115 0.991809 0.02401 122.30801
116 0.99114 0.025265 123.348585
117 0.990915 0.025597 124.389421
118 0.991115 0.025145 125.429372
119 0.99093 0.025462 126.468387
120 0.991574 0.024267 127.508363
121 0.992006 0.023453 128.855434
122 0.991822 0.023787 129.893826
123 0.992179 0.023152 130.932757
124 0.991773 0.02403 131.973509
125 0.992142 0.023265 133.014064
126 0.991582 0.024261 134.054797
127 0.991121 0.02512 135.097266
128 0.99096 0.025405 136.136276
129 0.991257 0.024907 137.175364
130 0.991024 0.025503 138.213502
131 0.991793 0.024027 139.255581
132 0.99127 0.025091 140.297121
133 0.991445 0.024804 141.3395
134 0.990919 0.025812 142.377755
135 0.99161 0.02444 143.730783
136 0.991643 0.024311 144.771111
137 0.991587 0.024276 145.809647
138 0.991844 0.023825 146.849613
139 0.99185 0.023809 147.890119
140 0.991673 0.024239 148.931025
141 0.991598 0.024318 149.968476
142 0.992402 0.022795 151.007585
143 0.992466 0.022801 152.046386
144 0.993124 0.021492 153.08721
145 0.992736 0.022183 154.128299
146 0.992533 0.022397 155.168564
147 0.99186 0.023685 156.207065
148 0.991333 0.024796 157.246861
149 0.991384 0.024673 158.288317
150 0.991714 0.024074 159.645714
151 0.99227 0.023065 160.685335
152 0.991611 0.0245 161.725331
153 0.99187 0.023954 162.763995
154 0.992201 0.023318 163.816525
155 0.992478 0.022798 164.858643
156 0.991664 0.024346 165.907103
157 0.991774 0.024182 166.948709
158 0.99214 0.023456 167.988797
159 0.992012 0.023694 169.026817
160 0.991386 0.024937 170.065685
161 0.992071 0.023601 171.108284
162 0.992429 0.022878 172.148842
163 0.991674 0.024272 173.187805
164 0.99181 0.023786 174.545886
165 0.991718 0.023998 175.584723
166 0.992316 0.022935 176.623118
167 0.992634 0.022364 177.661005
168 0.992055 0.023445 178.700241
169 0.992653 0.022378 179.738392
170 0.99203 0.023569 180.777725
171 0.992278 0.023084 181.819124
172 0.992445 0.022766 182.858681
173 0.991748 0.024228 183.897418
174 0.992327 0.023147 184.941785
175 0.992049 0.023581 185.980765
176 0.992126 0.023446 187.019363
177 0.992052 0.023593 188.059021
178 0.992409 0.02289 189.421273
179 0.992156 0.023409 190.461829
180 0.992757 0.022262 191.498607
181 0.992458 0.02267 192.537322
182 0.992035 0.023531 193.57631
183 0.991716 0.024111 194.614083
184 0.992568 0.022502 195.652516
185 0.992153 0.023366 196.693142
186 0.991947 0.023695 197.732479
187 0.991973 0.023745 198.773737
188 0.991526 0.024614 199.813114
189 0.991632 0.024531 200.853003
190 0.991765 0.024231 201.891042
191 0.991874 0.024086 202.934299
192 0.991915 0.023856 204.300655
193 0.991627 0.024421 205.340488
194 0.992217 0.023328 206.378648
195 0.992557 0.022663 207.417923
196 0.991956 0.023711 208.457971
197 0.992013 0.023639 209.496217
198 0.9923 0.02318 210.534205
199 0.992483 0.022909 211.573236
200 0.99227 0.023219 212.612228
201 0.99223 0.023391 213.651148
202 0.992396 0.023138 214.693501
203 0.992589 0.02271 215.735546
204 0.992558 0.022696 216.775375
205 0.992602 0.022757 217.815775
206 0.992698 0.022597 219.187062
207 0.992299 0.023292 220.226304
208 0.992414 0.022954 221.264122
209 0.992692 0.022379 222.30243
210 0.992677 0.022422 223.344441
211 0.992981 0.021941 224.381704
212 0.992502 0.022879 225.420394
213 0.992257 0.02326 226.46105
214 0.99173 0.024229 227.499916
215 0.992108 0.023486 228.539586
216 0.992649 0.02246 229.579807
217 0.992061 0.023568 230.619334
218 0.99214 0.023459 231.6594
219 0.991639 0.024432 232.698725
220 0.991536 0.024701 234.076068
221 0.992452 0.022958 235.12709
222 0.992334 0.023115 236.16649
223 0.992276 0.023225 237.206051
224 0.99224 0.023293 238.24773
225 0.991709 0.02427 239.286056
226 0.991439 0.02481 240.325583
227 0.991607 0.024615 241.367087
228 0.992068 0.023683 242.404741
229 0.99207 0.023618 243.441236
230 0.991641 0.024462 244.481838
231 0.991527 0.024621 245.517119
232 0.991775 0.024175 246.553433
233 0.991052 0.025581 247.590102
234 0.990967 0.025744 248.965228
235 0.991624 0.024507 250.006805
236 0.992255 0.023284 251.057373
237 0.991931 0.023834 252.09235
238 0.991872 0.024042 253.128224
239 0.992253 0.023383 254.16726
240 0.992091 0.023586 255.205873
241 0.991862 0.023928 256.587474
242 0.992204 0.023362 257.625532
243 0.992254 0.023253 258.661455
244 0.991861 0.024074 259.697643
245 0.992685 0.022502 260.749936
246 0.9921 0.023618 261.786981
247 0.992296 0.023289 262.824413
248 0.991804 0.024272 264.206504
249 0.992135 0.023521 265.242073
250 0.992244 0.023214 266.280914
251 0.991943 0.023741 267.318036
252 0.99161 0.024384 268.358005
253 0.992021 0.02375 269.39473
254 0.991833 0.024122 270.434158
255 0.992038 0.023812 271.472524
256 0.991832 0.024171 272.508495
257 0.991972 0.02375 273.543896
258 0.991951 0.023871 274.581062
259 0.991267 0.025254 275.617226
260 0.992253 0.023216 276.659432
261 0.992918 0.022065 277.695696
262 0.992795 0.022303 279.080245
263 0.993269 0.021397 280.117626
264 0.993115 0.02178 281.16692
265 0.992957 0.02214 282.204617
266 0.992972 0.022103 283.242709
267 0.992977 0.021963 284.281946
268 0.993333 0.021197 285.318539
269 0.992849 0.022153 286.356807
270 0.992476 0.022876 287.393072
271 0.992601 0.022677 288.428037
272 0.992713 0.022329 289.463916
273 0.991971 0.02372 290.500751
274 0.992142 0.023489 291.537516
275 0.9926 0.022644 292.576969
276 0.992177 0.023466 293.965785
277 0.992277 0.023334 295.002726
278 0.992099 0.023723 296.03977
279 0.992265 0.02336 297.079796
280 0.992511 0.02292 298.120287
281 0.992627 0.022646 299.157373
282 0.991992 0.023876 300.190945

Epoch & Fidelity & KL & Runtime 
1 0.977185 0.051075 1.070348
2 0.984266 0.03881 2.110172
3 0.983369 0.039507 3.151228
4 0.986249 0.035023 4.189509
5 0.983959 0.039996 5.227064
6 0.988867 0.029826 6.26514
7 0.985304 0.037431 7.302967
8 0.984946 0.037895 8.699133
9 0.986388 0.034771 9.748784
10 0.986421 0.034062 10.800774
11 0.986553 0.034021 11.837224
12 0.987981 0.031737 12.877478
13 0.983052 0.041343 13.919048
14 0.98438 0.038824 14.956198
15 0.986612 0.034619 15.995407
16 0.987881 0.03245 17.034671
17 0.988167 0.031121 18.072499
18 0.98589 0.03617 19.111608
19 0.990726 0.026487 20.151463
20 0.979798 0.048093 21.193846
21 0.986057 0.035021 22.233312
22 0.984164 0.038652 23.634354
23 0.987241 0.033811 24.681095
24 0.985652 0.036892 25.72003
25 0.986818 0.033993 26.757312
26 0.988666 0.030766 27.796409
27 0.989164 0.029847 28.832032
28 0.983813 0.040888 29.870936
29 0.983278 0.040725 30.920117
30 0.984331 0.039537 31.955812
31 0.987999 0.032539 32.991051
32 0.984343 0.038652 34.028528
33 0.987832 0.032336 35.068491
34 0.978953 0.05064 36.104882
35 0.986901 0.034497 37.140855
36 0.984277 0.039821 38.541812
37 0.982749 0.042507 39.579324
38 0.984794 0.037498 40.628757
39 0.982808 0.041323 41.667114
40 0.98351 0.039955 42.70441
41 0.984324 0.038843 43.743993
42 0.984741 0.038098 44.783453
43 0.979053 0.048406 45.823411
44 0.988051 0.032466 46.862763
45 0.988005 0.032027 47.901887
46 0.986108 0.035612 48.940509
47 0.987893 0.032303 49.97795
48 0.985016 0.03848 51.028973
49 0.989972 0.028044 52.067733
50 0.988451 0.03109 53.469483
51 0.984701 0.039223 54.516762
52 0.986789 0.034464 55.556247
53 0.989174 0.029706 56.594463
54 0.987397 0.033761 57.633013
55 0.985883 0.036504 58.67211
56 0.986538 0.035157 59.70993
57 0.982405 0.043045 60.759487
58 0.986993 0.033766 61.797897
59 0.989274 0.029577 62.835856
60 0.986253 0.035514 63.873518
61 0.985014 0.038676 64.910465
62 0.984636 0.038564 65.951433
63 0.985389 0.037274 66.987249
64 0.985586 0.037128 68.025854
65 0.975411 0.057381 69.438696
66 0.983707 0.041244 70.474506
67 0.981959 0.045077 71.512184
68 0.986295 0.035538 72.54838
69 0.985504 0.03723 73.585126
70 0.987572 0.03307 74.625265
71 0.983942 0.039899 75.665624
72 0.98898 0.030328 76.704154
73 0.986973 0.034081 77.742952
74 0.985111 0.037939 78.783185
75 0.985494 0.036577 79.822764
76 0.987471 0.033565 80.876412
77 0.986643 0.034913 81.917098
78 0.983238 0.042239 82.954666
79 0.982928 0.042851 84.373317
80 0.98929 0.029504 85.413608
81 0.989223 0.030091 86.462655
82 0.98857 0.03131 87.502628
83 0.98753 0.033396 88.540015
84 0.982289 0.043746 89.57676
85 0.984392 0.039976 90.625443
86 0.987441 0.033367 91.662728
87 0.988383 0.031731 92.698688
88 0.989331 0.029818 94.120222
89 0.989411 0.02925 95.156829
90 0.989295 0.029461 96.193769
91 0.990599 0.027353 97.236817
92 0.987748 0.032519 98.657308
93 0.987815 0.032877 99.697536
94 0.987354 0.033806 100.750357
95 0.986913 0.034083 101.790175
96 0.989027 0.030243 102.829879
97 0.984554 0.039217 103.867269
98 0.988845 0.030406 104.905334
99 0.987451 0.033229 105.942084
100 0.989368 0.029669 106.978687
101 0.987486 0.033546 108.015094
102 0.984539 0.039814 109.051449
103 0.981612 0.043976 110.087953
104 0.988308 0.031386 111.141456
105 0.987797 0.033008 112.180363
106 0.98674 0.034365 113.599664
107 0.9839 0.040198 114.636304
108 0.982361 0.043411 115.672932
109 0.988538 0.031225 116.709194
110 0.987329 0.033583 117.746777
111 0.988729 0.03064 118.783192
112 0.982745 0.04217 119.818884
113 0.986781 0.034543 120.870081
114 0.987376 0.032899 121.910286
115 0.989044 0.030148 122.947011
116 0.988376 0.03132 123.985637
117 0.986996 0.033732 125.02316
118 0.984943 0.037935 126.059066
119 0.984097 0.039939 127.094215
120 0.988839 0.03043 128.515156
121 0.989346 0.029568 129.552395
122 0.985745 0.036939 130.60026
123 0.986641 0.034992 131.63783
124 0.984069 0.04004 132.674108
125 0.985207 0.038312 133.711482
126 0.985051 0.038246 134.748798
127 0.984458 0.04053 135.786212
128 0.986661 0.034814 136.822597
129 0.97845 0.050457 137.85889
130 0.984647 0.03837 138.894913
131 0.985232 0.037301 139.930605
132 0.987158 0.033806 140.982736
133 0.98432 0.039706 142.021924
134 0.983887 0.040583 143.059877
135 0.987332 0.033814 144.48811
136 0.988535 0.031334 145.528531
137 0.98715 0.033874 146.564795
138 0.986997 0.034285 147.603099
139 0.986087 0.036543 148.640629
140 0.986931 0.03482 149.679639
141 0.9871 0.034021 150.730443
142 0.984443 0.039809 151.768169
143 0.986253 0.035288 152.804472
144 0.981173 0.045127 153.84354
145 0.982522 0.043424 154.879386
146 0.988736 0.030846 155.915678
147 0.985821 0.036485 156.952935
148 0.986958 0.034549 158.002187
149 0.988795 0.030687 159.439648
150 0.982694 0.041866 160.479166
151 0.988033 0.031931 161.516879
152 0.987667 0.032697 162.553781
153 0.987487 0.033001 163.59081
154 0.989673 0.029356 164.626723
155 0.987401 0.033903 165.665047
156 0.986465 0.035799 166.703922
157 0.987415 0.033552 167.742849
158 0.986088 0.036082 168.780762
159 0.986026 0.035745 169.819536
160 0.988815 0.030935 170.869201
161 0.980984 0.046102 171.906811
162 0.987809 0.033043 172.943198
163 0.987384 0.032948 174.375087
164 0.98861 0.031133 175.40994
165 0.988995 0.030511 176.446054
166 0.983531 0.040655 177.48667
167 0.985961 0.036079 178.528237
168 0.988996 0.030492 179.565041
169 0.988852 0.030632 180.600343
170 0.986275 0.03558 181.637305
171 0.987663 0.033044 182.675164
172 0.985725 0.036479 183.714149
173 0.984755 0.038021 184.750672
174 0.984861 0.038483 185.786497
175 0.987075 0.03405 186.823514
176 0.986503 0.034951 187.860165
177 0.989323 0.029523 189.2956
178 0.98871 0.030621 190.332656
179 0.986794 0.034547 191.38344
180 0.988366 0.031482 192.419472
181 0.985874 0.036356 193.456423
182 0.985943 0.036263 194.494027
183 0.987066 0.033623 195.535157
184 0.984403 0.038638 196.571931
185 0.984982 0.03792 197.609746
186 0.987863 0.032567 198.647276
187 0.985426 0.037462 199.685465
188 0.985619 0.036782 200.7331
189 0.987561 0.032916 201.770605
190 0.986281 0.035995 202.807981
191 0.986771 0.034669 204.244071
192 0.986529 0.035293 205.280031
193 0.98768 0.032531 206.317461
194 0.978127 0.050802 207.354663
195 0.987014 0.034222 208.394539
196 0.985982 0.036474 209.432842
197 0.98501 0.038544 210.468279
198 0.987114 0.033903 211.504774
199 0.987283 0.033528 212.541516
200 0.986593 0.034983 213.581267
201 0.983801 0.039708 214.617382
202 0.985599 0.036555 215.654385
203 0.986229 0.035552 216.690138
204 0.98553 0.036855 217.727577
205 0.987955 0.03252 219.164922
206 0.987101 0.033604 220.20323
207 0.987112 0.034384 221.253054
208 0.988503 0.031599 222.288579
209 0.989107 0.030126 223.325422
210 0.988993 0.03048 224.363003
211 0.987338 0.033633 225.400248
212 0.986351 0.035376 226.445289
213 0.984929 0.038193 227.484811
214 0.987095 0.034085 228.521616
215 0.98829 0.031685 229.557768
216 0.986873 0.034911 230.594023
217 0.986955 0.034232 231.632037
218 0.985192 0.038178 232.66905
219 0.98788 0.032762 234.10893
220 0.983164 0.041657 235.158096
221 0.979958 0.048073 236.194949
222 0.987255 0.033734 237.235755
223 0.986052 0.036479 238.272752
224 0.988266 0.031846 239.312539
225 0.98348 0.040245 240.349892
226 0.987799 0.032987 241.401638
227 0.988234 0.032366 242.439385
228 0.987134 0.034279 243.478306
229 0.988099 0.032261 244.515884
230 0.987419 0.033059 245.552171
231 0.985825 0.036291 246.589362
232 0.986787 0.034206 247.628833
233 0.983683 0.040414 249.072439
234 0.983335 0.04148 250.112891
235 0.986511 0.03484 251.167325
236 0.987009 0.033958 252.204465
237 0.985829 0.036729 253.242164
238 0.986698 0.034751 254.280339
239 0.981281 0.045504 255.318378
240 0.981651 0.044347 256.76297
241 0.986088 0.035676 257.804443
242 0.987204 0.033804 258.839739
243 0.983271 0.041997 259.877263
244 0.988469 0.031262 260.927593
245 0.983621 0.040339 261.965441
246 0.988422 0.03148 263.004755
247 0.985608 0.037147 264.454559
248 0.987753 0.032822 265.493319
249 0.987692 0.033297 266.529496
250 0.984506 0.038741 267.566967
251 0.982762 0.042605 268.603901
252 0.983825 0.040067 269.638531
253 0.985508 0.036926 270.679283
254 0.988315 0.031785 271.717635
255 0.985562 0.037299 272.754063
256 0.986436 0.035462 273.793203
257 0.986307 0.035825 274.830736
258 0.986364 0.035624 275.866925
259 0.987767 0.032779 276.902211
260 0.985676 0.037012 277.938234
261 0.986815 0.034699 279.38841
262 0.988105 0.032013 280.428918
263 0.985986 0.03585 281.479132
264 0.987788 0.032832 282.518565
265 0.985337 0.037362 283.556273
266 0.985213 0.037777 284.590478
267 0.987691 0.032985 285.626803
268 0.987129 0.033812 286.663695
269 0.986488 0.035 287.700675
270 0.988413 0.0318 288.738362
271 0.98385 0.04019 289.774923
272 0.983104 0.041513 290.823793
273 0.985056 0.038026 291.864508
274 0.984393 0.039446 292.900734
275 0.986861 0.034534 294.3543
276 0.981447 0.045037 295.391308
277 0.981001 0.045996 296.428689
278 0.985164 0.037931 297.467437
279 0.985239 0.037689 298.503958
280 0.98811 0.031998 299.542151
281 0.980444 0.046323 300.578803

Epoch & Fidelity & KL & Runtime 
1 0.920835 0.170466 1.055433
2 0.976695 0.055204 2.092819
3 0.954563 0.100988 3.143432
4 0.961146 0.087644 4.181196
5 0.97023 0.0682 5.218163
6 0.968553 0.070133 6.257469
7 0.964815 0.075954 7.292929
8 0.975373 0.057589 8.74884
9 0.978192 0.050408 9.783662
10 0.978796 0.050675 10.831966
11 0.965351 0.077828 11.874012
12 0.950737 0.106113 12.909633
13 0.966363 0.07757 13.944533
14 0.972053 0.063734 14.980131
15 0.949081 0.108077 16.015306
16 0.963754 0.080839 17.050866
17 0.976405 0.05546 18.089593
18 0.979574 0.050037 19.125164
19 0.965849 0.074229 20.173768
20 0.980955 0.046382 21.214242
21 0.97971 0.047575 22.252691
22 0.959897 0.090051 23.710773
23 0.975388 0.059458 24.745947
24 0.954599 0.100386 25.781026
25 0.964395 0.077481 26.818384
26 0.983994 0.04035 27.852878
27 0.966205 0.075973 28.888083
28 0.964665 0.079468 29.923837
29 0.947842 0.110391 30.966862
30 0.970365 0.068442 32.003923
31 0.969368 0.070685 33.041162
32 0.959045 0.092121 34.078895
33 0.975839 0.055892 35.117442
34 0.940634 0.123481 36.15471
35 0.95646 0.094749 37.193189
36 0.961759 0.08476 38.654372
37 0.960369 0.086774 39.692512
38 0.951073 0.100079 40.74204
39 0.976547 0.056132 41.778568
40 0.97493 0.061124 42.8165
41 0.963105 0.080413 43.856136
42 0.968161 0.069453 44.893754
43 0.965055 0.079901 45.931667
44 0.972853 0.063595 46.96855
45 0.974719 0.059509 48.004928
46 0.961751 0.086411 49.041201
47 0.974451 0.057496 50.080932
48 0.94404 0.122942 51.119684
49 0.943585 0.121089 52.154315
50 0.949932 0.103779 53.61716
51 0.958816 0.092686 54.654362
52 0.978632 0.050645 55.692312
53 0.941637 0.122971 56.72908
54 0.974751 0.059929 57.765133
55 0.940919 0.118462 58.801219
56 0.962686 0.081697 59.835349
57 0.972755 0.063315 60.888693
58 0.970046 0.069317 61.929403
59 0.979882 0.048479 62.968079
60 0.979785 0.049284 64.003562
61 0.949491 0.113414 65.039512
62 0.978232 0.052399 66.074974
63 0.969754 0.069882 67.112913
64 0.952892 0.099915 68.580998
65 0.976178 0.054163 69.617439
66 0.983509 0.041546 70.669271
67 0.965687 0.074893 71.70868
68 0.962995 0.082094 72.74538
69 0.971262 0.064396 73.78014
70 0.963581 0.080815 74.83216
71 0.981922 0.044299 75.868067
72 0.958689 0.088627 76.904641
73 0.966119 0.075393 77.94164
74 0.95457 0.099491 78.977439
75 0.962214 0.085703 80.013394
76 0.980686 0.04671 81.053169
77 0.953637 0.102344 82.090772
78 0.977521 0.052826 83.561195
79 0.961905 0.082745 84.598197
80 0.942732 0.119027 85.63535
81 0.975117 0.056922 86.674326
82 0.966698 0.075453 87.712827
83 0.974663 0.056973 88.751651
84 0.961707 0.084835 89.790311
85 0.960645 0.089702 90.840161
86 0.923336 0.157479 91.876185
87 0.959357 0.088681 92.911938
88 0.949716 0.104145 94.390196
89 0.975292 0.055604 95.42533
90 0.959139 0.086433 96.461725
91 0.96715 0.074654 97.931132
92 0.975593 0.058018 98.96989
93 0.955397 0.095448 100.006949
94 0.955063 0.095974 101.04491
95 0.957768 0.096095 102.080211
96 0.965429 0.076266 103.116629
97 0.975864 0.055994 104.150854
98 0.940483 0.128835 105.186573
99 0.969861 0.067149 106.22087
100 0.970705 0.066007 107.257432
101 0.961198 0.083231 108.295058
102 0.960485 0.087359 109.334865
103 0.959104 0.092567 110.387912
104 0.97307 0.06164 111.426801
105 0.967087 0.075183 112.898571
106 0.97089 0.066009 113.93447
107 0.961482 0.087058 114.969329
108 0.980149 0.047532 116.004128
109 0.958616 0.090703 117.039994
110 0.962253 0.082489 118.07603
111 0.956292 0.096339 119.113533
112 0.970047 0.067875 120.151354
113 0.965365 0.075216 121.188165
114 0.965529 0.078679 122.224397
115 0.9717 0.064103 123.262019
116 0.971771 0.065276 124.302552
117 0.954763 0.096023 125.336817
118 0.950278 0.109474 126.376109
119 0.943731 0.113626 127.416421
120 0.971796 0.062489 128.895758
121 0.96243 0.082138 129.930068
122 0.968475 0.071384 130.979789
123 0.954221 0.100541 132.016222
124 0.963069 0.082628 133.052806
125 0.964122 0.07942 134.087118
126 0.972421 0.063934 135.126441
127 0.9562 0.092554 136.163135
128 0.960386 0.087313 137.198308
129 0.954618 0.099252 138.234133
130 0.957906 0.092317 139.268339
131 0.949416 0.104669 140.303327
132 0.941162 0.121935 141.340232
133 0.961706 0.086762 142.37712
134 0.949872 0.107529 143.858962
135 0.951464 0.105232 144.899107
136 0.965286 0.078914 145.936933
137 0.947368 0.114506 146.973062
138 0.975946 0.057144 148.009883
139 0.975716 0.055165 149.045978
140 0.972474 0.066255 150.083122
141 0.965021 0.076043 151.120726
142 0.942843 0.124974 152.168197
143 0.946372 0.114971 153.205111
144 0.964595 0.07665 154.241096
145 0.94544 0.113445 155.277999
146 0.965222 0.075371 156.31447
147 0.945576 0.115913 157.354133
148 0.968488 0.070048 158.839802
149 0.974486 0.058736 159.877125
150 0.957014 0.092391 160.927591
151 0.942843 0.125871 161.964398
152 0.970975 0.066577 163.000103
153 0.952323 0.101071 164.035284
154 0.975389 0.056927 165.073778
155 0.96568 0.077697 166.109874
156 0.96208 0.08311 167.149128
157 0.953195 0.103477 168.185281
158 0.954667 0.103935 169.220327
159 0.963044 0.080559 170.257346
160 0.961394 0.085107 171.29544
161 0.969758 0.069387 172.331553
162 0.914278 0.18764 173.81637
163 0.960445 0.086318 174.852703
164 0.961844 0.086985 175.888951
165 0.940365 0.12863 176.925471
166 0.983416 0.041121 177.963306
167 0.951345 0.107427 178.999117
168 0.964696 0.07748 180.035875
169 0.960708 0.085417 181.08439
170 0.939422 0.131915 182.120806
171 0.960548 0.090296 183.15759
172 0.946936 0.114297 184.193757
173 0.966943 0.073107 185.229405
174 0.935366 0.13202 186.265522
175 0.966858 0.07367 187.301755
176 0.956623 0.096505 188.790458
177 0.949396 0.105163 189.825429
178 0.961455 0.083795 190.875755
179 0.970524 0.06681 191.913233
180 0.962437 0.08489 192.948724
181 0.969723 0.069291 193.98386
182 0.962876 0.084558 195.020986
183 0.950156 0.107451 196.056779
184 0.950764 0.103586 197.09104
185 0.929561 0.158158 198.130061
186 0.948795 0.114682 199.166919
187 0.969519 0.066333 200.202422
188 0.966891 0.074543 201.239703
189 0.962431 0.083999 202.277769
190 0.945465 0.112182 203.768373
191 0.95168 0.111486 204.805184
192 0.940548 0.123776 205.842475
193 0.938168 0.125994 206.879241
194 0.972495 0.061064 207.91467
195 0.969016 0.070234 208.951974
196 0.959344 0.088436 209.988309
197 0.974726 0.057284 211.040278
198 0.962239 0.08491 212.0772
199 0.971649 0.063403 213.114347
200 0.971125 0.063888 214.149571
201 0.972671 0.062565 215.184942
202 0.916224 0.179321 216.221457
203 0.970952 0.065138 217.258081
204 0.975291 0.056499 218.750942
205 0.963276 0.080926 219.78595
206 0.964163 0.078731 220.83705
207 0.956706 0.092332 221.875043
208 0.975642 0.055605 222.911792
209 0.961397 0.083375 223.960041
210 0.973035 0.061548 224.999703
211 0.947345 0.106186 226.035635
212 0.965012 0.074988 227.074435
213 0.963503 0.07977 228.112394
214 0.944062 0.113654 229.149532
215 0.949065 0.105685 230.186665
216 0.969548 0.067944 231.223551
217 0.961641 0.083897 232.259893
218 0.973961 0.060704 233.755055
219 0.972004 0.06483 234.794605
220 0.911942 0.189054 235.830818
221 0.926991 0.148808 236.868131
222 0.944918 0.11931 237.906377
223 0.946237 0.115309 238.943134
224 0.972939 0.059918 239.978815
225 0.963572 0.079637 241.026979
226 0.959812 0.08649 242.063372
227 0.973145 0.061698 243.101258
228 0.956634 0.096805 244.137519
229 0.979279 0.04902 245.173955
230 0.943886 0.122308 246.209004
231 0.963225 0.079545 247.249804
232 0.959112 0.08775 248.747798
233 0.960496 0.088911 249.783635
234 0.961292 0.084097 250.833254
235 0.962126 0.085143 251.869084
236 0.938233 0.132494 252.905184
237 0.970559 0.066166 253.940901
238 0.94935 0.107675 255.439958
239 0.943336 0.120584 256.476572
240 0.946233 0.113722 257.512689
241 0.931552 0.144292 258.549184
242 0.957033 0.093829 259.584708
243 0.956404 0.092341 260.635237
244 0.9641 0.08044 261.672792
245 0.945861 0.115125 263.172645
246 0.97337 0.060739 264.208333
247 0.955963 0.094254 265.246293
248 0.965089 0.07689 266.285973
249 0.956518 0.090376 267.324767
250 0.963921 0.085056 268.361341
251 0.948199 0.112075 269.396766
252 0.955923 0.096963 270.431509
253 0.966911 0.072025 271.468748
254 0.952657 0.099077 272.505004
255 0.969985 0.067062 273.543189
256 0.943107 0.12245 274.578907
257 0.959087 0.091289 275.615376
258 0.959871 0.086011 276.651533
259 0.96044 0.087861 278.155697
260 0.944821 0.115147 279.195279
261 0.968381 0.072772 280.231019
262 0.954466 0.1 281.268213
263 0.955984 0.09561 282.304819
264 0.968154 0.072807 283.342394
265 0.960216 0.088046 284.379566
266 0.969446 0.068466 285.414098
267 0.951867 0.100346 286.449581
268 0.951638 0.101356 287.485631
269 0.970081 0.06987 288.525468
270 0.92272 0.163407 289.566135
271 0.970886 0.065903 290.61465
272 0.92195 0.170253 291.652204
273 0.974165 0.059547 293.160943
274 0.961747 0.084183 294.197451
275 0.970664 0.065697 295.232339
276 0.97631 0.05554 296.271753
277 0.953847 0.102084 297.307984
278 0.936955 0.13123 298.3447
279 0.965775 0.076763 299.380051
280 0.96443 0.081187 300.416666

Epoch & Fidelity & KL & Runtime 
1 0.849796 0.359581 1.046198
2 0.686504 0.765586 2.082964
3 0.713189 0.748955 3.119611
4 0.848558 0.344966 4.156024
5 0.814854 0.46165 5.205943
6 0.780019 0.643889 6.245829
7 0.829539 0.398186 7.754356
8 0.714655 0.683531 8.795681
9 0.764978 0.533312 9.831211
10 0.796915 0.452578 10.868788
11 0.816492 0.467166 11.904113
12 0.674692 0.813774 12.93989
13 0.839294 0.378211 13.977627
14 0.69526 0.785683 15.015692
15 0.87848 0.274343 16.051315
16 0.730926 0.644844 17.088659
17 0.841592 0.370996 18.124578
18 0.813245 0.424538 19.161273
19 0.767253 0.498435 20.221413
20 0.802892 0.450502 21.258018
21 0.858821 0.306303 22.769493
22 0.907085 0.208714 23.805973
23 0.698352 0.728667 24.84124
24 0.810231 0.467575 25.876683
25 0.802135 0.412169 26.918249
26 0.913503 0.182122 27.953003
27 0.62737 0.878312 28.98813
28 0.827437 0.375556 30.022724
29 0.745659 0.577672 31.059412
30 0.754911 0.594596 32.096667
31 0.604909 1.013436 33.131636
32 0.667274 0.948721 34.166224
33 0.767078 0.596195 35.201763
34 0.781382 0.533045 36.237223
35 0.74817 0.596628 37.750628
36 0.653292 0.857982 38.787037
37 0.663469 0.87647 39.82697
38 0.851691 0.331029 40.866255
39 0.844119 0.358411 41.902362
40 0.850841 0.353112 42.938523
41 0.795661 0.532807 43.975972
42 0.916097 0.187531 45.014462
43 0.466137 1.486995 46.051429
44 0.844239 0.322098 47.089563
45 0.81668 0.393553 48.126231
46 0.580967 1.084508 49.164249
47 0.885651 0.241985 50.217214
48 0.878499 0.273766 51.253595
49 0.781653 0.550795 52.767417
50 0.826008 0.380479 53.801543
51 0.851941 0.321331 54.836043
52 0.752511 0.606428 55.872154
53 0.720159 0.651459 56.908961
54 0.770439 0.563063 57.944404
55 0.829868 0.430563 58.9803
56 0.828651 0.420583 60.015215
57 0.766959 0.532658 61.052176
58 0.8114 0.469195 62.089425
59 0.869975 0.30551 63.125399
60 0.843404 0.337211 64.161128
61 0.900305 0.212369 65.197607
62 0.7026 0.747466 66.234651
63 0.788016 0.558108 67.753463
64 0.872166 0.277539 68.792567
65 0.850121 0.349043 69.829981
66 0.601678 1.01132 70.879564
67 0.889287 0.256271 71.918526
68 0.81089 0.454707 72.95731
69 0.855314 0.335051 73.993259
70 0.646676 0.793868 75.031626
71 0.772611 0.570255 76.069355
72 0.791655 0.529373 77.105875
73 0.680287 0.732624 78.140771
74 0.758122 0.638869 79.177069
75 0.777178 0.479803 80.226819
76 0.80586 0.47517 81.268132
77 0.679298 0.846631 82.789944
78 0.870809 0.298334 83.825131
79 0.752093 0.569144 84.861391
80 0.625387 0.901144 85.896285
81 0.895437 0.240164 86.934937
82 0.802983 0.473997 87.974542
83 0.749057 0.574792 89.026149
84 0.763338 0.536372 90.064384
85 0.902171 0.22356 91.105065
86 0.783493 0.469771 92.144131
87 0.886857 0.259853 93.180803
88 0.876231 0.282201 94.2178
89 0.708385 0.771825 95.740745
90 0.852124 0.329258 96.778409
91 0.634811 1.035635 98.300962
92 0.749851 0.630687 99.337223
93 0.797755 0.386179 100.388591
94 0.813781 0.449211 101.423211
95 0.831914 0.376256 102.460752
96 0.80839 0.430038 103.49691
97 0.920996 0.174388 104.533373
98 0.781891 0.475105 105.569349
99 0.870916 0.277329 106.604397
100 0.79876 0.445339 107.639988
101 0.734268 0.632719 108.679427
102 0.831109 0.400914 109.716287
103 0.625539 0.956119 110.769154
104 0.860156 0.31321 111.80675
105 0.677273 0.879694 113.3323
106 0.722602 0.716955 114.368321
107 0.539495 1.145159 115.403314
108 0.728639 0.606873 116.439878
109 0.808088 0.415514 117.476808
110 0.791673 0.493418 118.511769
111 0.691794 0.751334 119.547994
112 0.747793 0.597289 120.597653
113 0.844328 0.365462 121.633009
114 0.867948 0.320875 122.668778
115 0.813553 0.443039 123.70319
116 0.918542 0.1858 124.738255
117 0.884522 0.255118 125.772551
118 0.671577 0.801949 126.812547
119 0.717464 0.732909 128.344236
120 0.808544 0.434856 129.383104
121 0.83897 0.392722 130.430899
122 0.858124 0.324881 131.466208
123 0.600152 1.059837 132.50162
124 0.78868 0.544794 133.53858
125 0.900063 0.216558 134.573723
126 0.778083 0.517834 135.610087
127 0.853608 0.342164 136.644625
128 0.888978 0.23224 137.679955
129 0.816819 0.406559 138.714267
130 0.867168 0.328333 139.750519
131 0.697756 0.748191 140.800575
132 0.813857 0.410652 141.835611
133 0.794428 0.48508 143.370074
134 0.848399 0.360486 144.40661
135 0.720743 0.635042 145.441705
136 0.538616 0.939065 146.477097
137 0.843116 0.359237 147.512966
138 0.794224 0.468686 148.548542
139 0.805775 0.453023 149.587326
140 0.817914 0.430963 150.636223
141 0.810925 0.463884 151.670924
142 0.713647 0.691612 152.707045
143 0.821079 0.430469 153.745125
144 0.866073 0.291535 154.78033
145 0.888084 0.248928 155.815323
146 0.867047 0.317076 156.852948
147 0.50165 1.267366 158.387771
148 0.81242 0.487302 159.42491
149 0.891916 0.240109 160.474044
150 0.737606 0.642934 161.524768
151 0.738689 0.603432 162.566091
152 0.808212 0.413391 163.602652
153 0.683168 0.742427 164.637821
154 0.832484 0.384633 165.675394
155 0.73798 0.642491 166.712821
156 0.807717 0.445686 167.748335
157 0.771897 0.532003 168.78334
158 0.735789 0.623703 169.819825
159 0.780223 0.549377 170.869578
160 0.850128 0.343788 171.905754
161 0.768438 0.593998 173.443937
162 0.844706 0.352949 174.478648
163 0.829524 0.396186 175.514607
164 0.697259 0.708229 176.55179
165 0.880582 0.25649 177.59042
166 0.839736 0.322055 178.626903
167 0.802672 0.435545 179.662552
168 0.716074 0.663126 180.712632
169 0.853585 0.318233 181.748615
170 0.821197 0.409279 182.785938
171 0.439726 1.115539 183.821052
172 0.81426 0.488891 184.855944
173 0.790483 0.548025 185.890255
174 0.836997 0.405927 186.927095
175 0.604692 0.958497 188.467768
176 0.961848 0.081562 189.505493
177 0.880744 0.258595 190.553385
178 0.690498 0.706568 191.5889
179 0.905567 0.210379 192.624329
180 0.81265 0.456418 193.660769
181 0.908238 0.205343 194.695748
182 0.790555 0.478194 195.732175
183 0.870787 0.313136 196.768787
184 0.888928 0.238122 197.803755
185 0.799755 0.46981 198.838848
186 0.743659 0.608664 199.875313
187 0.879244 0.281699 200.926807
188 0.814548 0.446007 201.963748
189 0.654047 0.816783 203.507826
190 0.569038 1.089752 204.548023
191 0.676736 0.761277 205.582862
192 0.481432 1.554597 206.619062
193 0.708691 0.751074 207.654316
194 0.75387 0.632233 208.691306
195 0.813495 0.391054 209.726866
196 0.839716 0.350166 210.783763
197 0.80803 0.445868 211.82074
198 0.749858 0.623621 212.856945
199 0.812003 0.506236 213.891559
200 0.666681 0.871126 214.928033
201 0.802153 0.432112 215.963214
202 0.908062 0.199759 217.504334
203 0.80904 0.434717 218.539945
204 0.813486 0.42614 219.575976
205 0.854972 0.32397 220.625131
206 0.589855 1.114056 221.65988
207 0.763461 0.601689 222.699452
208 0.825632 0.416745 223.736084
209 0.614625 0.768944 224.771385
210 0.816616 0.420502 225.807291
211 0.72377 0.76756 226.843219
212 0.772058 0.578658 227.878251
213 0.525163 1.2017 228.913555
214 0.712523 0.585779 229.948687
215 0.806012 0.464694 230.998924
216 0.767118 0.573655 232.543605
217 0.911695 0.198399 233.580697
218 0.647353 0.697446 234.615265
219 0.813205 0.461291 235.650934
220 0.722167 0.694811 236.688458
221 0.745141 0.560907 237.724808
222 0.822503 0.416233 238.760131
223 0.789998 0.503529 239.794739
224 0.714474 0.675448 240.844333
225 0.788572 0.456949 241.878189
226 0.744403 0.644983 242.915596
227 0.695276 0.668358 243.951349
228 0.760822 0.605527 244.999372
229 0.888012 0.261891 246.034296
230 0.873137 0.265733 247.584223
231 0.765071 0.561996 248.620668
232 0.669572 0.840505 249.657201
233 0.89371 0.250684 250.707006
234 0.924262 0.174453 251.74312
235 0.736366 0.617303 252.778109
236 0.773292 0.496801 254.334836
237 0.794691 0.462972 255.373042
238 0.767721 0.562677 256.40765
239 0.734921 0.684615 257.442621
240 0.908201 0.199588 258.479131
241 0.865495 0.313336 259.514017
242 0.874337 0.280674 260.564013
243 0.840624 0.390757 261.600999
244 0.936576 0.141997 263.154245
245 0.833469 0.384341 264.195603
246 0.87237 0.318653 265.23111
247 0.806932 0.427273 266.266524
248 0.836944 0.359056 267.302971
249 0.789726 0.528695 268.339464
250 0.756064 0.56459 269.376125
251 0.734971 0.6533 270.42885
252 0.671904 0.782253 271.464914
253 0.772819 0.553637 272.500822
254 0.73977 0.57874 273.537711
255 0.697789 0.746298 274.574639
256 0.892535 0.240597 275.610908
257 0.850899 0.339542 276.647609
258 0.854984 0.33544 278.200592
259 0.714041 0.675244 279.236157
260 0.596726 0.924046 280.272267
261 0.666849 0.823128 281.308819
262 0.850833 0.320728 282.347188
263 0.837481 0.368654 283.394412
264 0.869299 0.270692 284.430961
265 0.79682 0.393871 285.467036
266 0.750639 0.585611 286.502085
267 0.704145 0.763201 287.536835
268 0.795091 0.43654 288.573575
269 0.703704 0.706341 289.60908
270 0.875297 0.288189 290.658612
271 0.726282 0.54876 291.695838
272 0.922152 0.179026 293.251858
273 0.845603 0.378851 294.289441
274 0.774892 0.532446 295.330139
275 0.78822 0.601687 296.363718
276 0.677273 0.742661 297.398176
277 0.865326 0.290451 298.436161
278 0.757938 0.587631 299.471564
279 0.840529 0.378546 300.51867

