Learning Rates: 1e-05 0.0001 0.001 0.01 0.1 1 
Epoch & Fidelity & KL & Runtime 
1 0.306088 2.06429 1.075271
2 0.354652 1.810773 2.134223
3 0.40046 1.601566 3.194677
4 0.44237 1.429531 4.25182
5 0.482407 1.279892 5.30957
6 0.517676 1.157729 6.36617
7 0.552092 1.046071 7.425841
8 0.583646 0.949486 8.483669
9 0.612933 0.864263 9.555202
10 0.63978 0.789656 10.61598
11 0.664525 0.723566 11.672125
12 0.686309 0.667264 12.728064
13 0.707299 0.614677 13.784257
14 0.725904 0.569259 14.839627
15 0.743727 0.526792 15.896117
16 0.759721 0.489441 16.950828
17 0.774964 0.454661 18.005674
18 0.78844 0.424405 19.06258
19 0.801159 0.396401 20.120893
20 0.813224 0.370172 21.176225
21 0.823918 0.347284 22.23061
22 0.834547 0.324794 23.286556
23 0.844568 0.303839 24.364114
24 0.85266 0.287124 25.421347
25 0.861171 0.269709 26.475745
26 0.868385 0.255073 27.532156
27 0.875414 0.240919 28.589392
28 0.881938 0.227909 29.643597
29 0.888325 0.21525 30.702651
30 0.893892 0.204342 31.758292
31 0.899366 0.19366 32.811517
32 0.90438 0.183908 33.870198
33 0.90932 0.17436 34.924866
34 0.9137 0.16594 35.97945
35 0.917727 0.158272 37.033743
36 0.92118 0.151678 38.088651
37 0.92466 0.145091 39.175591
38 0.927642 0.139476 40.230185
39 0.931234 0.132729 41.290714
40 0.934155 0.127287 42.345413
41 0.936834 0.122299 43.422201
42 0.939735 0.11688 44.479939
43 0.942112 0.112467 45.534564
44 0.944598 0.107895 46.595874
45 0.94677 0.103901 47.651627
46 0.948635 0.100478 48.708596
47 0.950627 0.096831 49.766765
48 0.95232 0.093743 50.821548
49 0.954051 0.090591 51.881139
50 0.956117 0.086825 52.937245
51 0.957463 0.084391 54.031873
52 0.959207 0.081218 55.088733
53 0.960647 0.078632 56.142765
54 0.962211 0.075814 57.201418
55 0.963458 0.073559 58.255426
56 0.964626 0.071463 59.311273
57 0.965823 0.069317 60.369046
58 0.966801 0.06758 61.423491
59 0.967806 0.065792 62.484745
60 0.968634 0.064335 63.54053
61 0.969253 0.063225 64.595092
62 0.969919 0.062034 65.652165
63 0.970606 0.060814 66.707554
64 0.971447 0.059309 67.76546
65 0.972073 0.0582 68.870174
66 0.972681 0.057145 69.92543
67 0.973461 0.055769 70.982486
68 0.974227 0.054423 72.035816
69 0.974627 0.053718 73.090515
70 0.975197 0.052726 74.145015
71 0.975649 0.051922 75.201178
72 0.976081 0.051167 76.258648
73 0.976461 0.05051 77.314738
74 0.976937 0.049669 78.371775
75 0.977387 0.048889 79.425079
76 0.977656 0.048444 80.48169
77 0.9781 0.047666 81.535959
78 0.978468 0.047033 82.589373
79 0.978824 0.04642 83.703828
80 0.97913 0.0459 84.757719
81 0.979505 0.045249 85.814975
82 0.979835 0.044687 86.86859
83 0.98012 0.044199 87.92274
84 0.980338 0.043822 88.979454
85 0.980538 0.043472 90.035787
86 0.980838 0.04295 91.091166
87 0.980945 0.042783 92.146203
88 0.981322 0.042118 93.201199
89 0.98137 0.04203 94.257232
90 0.981551 0.041711 95.31235
91 0.981764 0.041355 96.371243
92 0.981874 0.041175 97.426926
93 0.982065 0.040846 98.481329
94 0.982246 0.040547 99.605924
95 0.98247 0.040159 100.660576
96 0.982507 0.040107 101.716903
97 0.982789 0.039631 102.772756
98 0.983046 0.039176 103.826884
99 0.983115 0.039076 104.887659
100 0.983185 0.038961 105.944752
101 0.983335 0.038709 107.001354
102 0.983462 0.038489 108.055633
103 0.983517 0.0384 109.109168
104 0.983649 0.038185 110.166883
105 0.983714 0.038072 111.220895
106 0.983879 0.037792 112.276383
107 0.984047 0.037503 113.330356
108 0.984165 0.037302 114.471258
109 0.984251 0.037159 115.529004
110 0.984286 0.037115 116.585811
111 0.984421 0.036884 117.643484
112 0.984481 0.036785 118.696959
113 0.984578 0.036615 119.751879
114 0.984708 0.036394 120.814527
115 0.984722 0.036368 121.868632
116 0.984761 0.036293 122.925594
117 0.984844 0.036163 123.979803
118 0.984845 0.036179 125.033313
119 0.985015 0.035878 126.092061
120 0.985159 0.035623 127.146903
121 0.985261 0.035436 128.20401
122 0.9853 0.035367 129.338831
123 0.98541 0.03519 130.394402
124 0.985501 0.03504 131.449169
125 0.985535 0.034981 132.503993
126 0.985516 0.03501 133.561821
127 0.985556 0.034948 134.617038
128 0.985629 0.034859 135.67119
129 0.985657 0.034812 136.726892
130 0.985664 0.034813 137.782078
131 0.985663 0.034807 138.839321
132 0.985754 0.034647 139.894346
133 0.98572 0.034717 140.950241
134 0.98575 0.034688 142.005601
135 0.985775 0.034656 143.065221
136 0.985866 0.034493 144.209853
137 0.98596 0.034338 145.266873
138 0.985948 0.034375 146.321443
139 0.986038 0.034237 147.375961
140 0.986091 0.034151 148.43329
141 0.986093 0.034148 149.488885
142 0.986076 0.034193 150.54487
143 0.986201 0.033979 151.599005
144 0.986239 0.033926 152.653157
145 0.986245 0.033907 153.71019
146 0.986283 0.033847 154.766192
147 0.986345 0.033719 155.821839
148 0.986405 0.033602 156.877561
149 0.986494 0.033443 157.934777
150 0.986548 0.033351 159.088265
151 0.986524 0.033411 160.143678
152 0.98647 0.033509 161.200996
153 0.986516 0.033407 162.255896
154 0.986516 0.033404 163.313459
155 0.986472 0.033487 164.372842
156 0.986431 0.033582 165.428994
157 0.986461 0.033544 166.484432
158 0.986527 0.033432 167.54766
159 0.986602 0.033318 168.60147
160 0.986555 0.033407 169.659968
161 0.986568 0.033379 170.714278
162 0.986565 0.033396 171.769657
163 0.986584 0.033364 172.824818
164 0.986646 0.033242 173.982247
165 0.986673 0.033184 175.040093
166 0.986705 0.033108 176.096006
167 0.986719 0.033087 177.152437
168 0.986807 0.032912 178.20826
169 0.986893 0.032754 179.264865
170 0.9869 0.032754 180.326226
171 0.986935 0.0327 181.381747
172 0.986952 0.032676 182.43647
173 0.986965 0.032642 183.492797
174 0.986972 0.032617 184.548303
175 0.986985 0.032587 185.606113
176 0.986951 0.032653 186.660925
177 0.986951 0.03265 187.715966
178 0.987063 0.032467 188.881817
179 0.987125 0.032355 190.050004
180 0.987254 0.03213 191.122523
181 0.987285 0.032065 192.178163
182 0.987207 0.032216 193.233332
183 0.987171 0.032283 194.29023
184 0.987174 0.032267 195.3455
185 0.987178 0.032248 196.405908
186 0.987138 0.032334 197.461257
187 0.987132 0.032344 198.516227
188 0.987193 0.032227 199.571169
189 0.987189 0.032256 200.62998
190 0.987156 0.032322 201.685479
191 0.987083 0.032456 202.743091
192 0.98708 0.032463 203.915566
193 0.987056 0.032502 204.970356
194 0.987083 0.032457 206.028344
195 0.987004 0.03262 207.084504
196 0.986996 0.032644 208.140344
197 0.98702 0.032593 209.196573
198 0.987064 0.032513 210.252188
199 0.98705 0.032519 211.310105
200 0.987065 0.032465 212.367215
201 0.987083 0.032426 213.421545
202 0.987198 0.03222 214.476496
203 0.987208 0.032206 215.535705
204 0.987151 0.032316 216.592421
205 0.987201 0.032239 217.645778
206 0.987186 0.032267 218.825637
207 0.987219 0.032213 219.880065
208 0.987213 0.032228 220.933654
209 0.987204 0.032238 221.990031
210 0.987248 0.032168 223.044518
211 0.987218 0.032223 224.099063
212 0.987214 0.032219 225.153098
213 0.987199 0.032264 226.207216
214 0.987224 0.032217 227.264819
215 0.987271 0.032121 228.319843
216 0.987288 0.03211 229.375433
217 0.987356 0.031986 230.431302
218 0.987318 0.032055 231.487328
219 0.987288 0.032099 232.543756
220 0.987337 0.032028 233.729404
221 0.987405 0.031893 234.784148
222 0.987404 0.031883 235.838714
223 0.987376 0.031935 236.893424
224 0.987394 0.031891 237.953231
225 0.987471 0.031757 239.007147
226 0.98752 0.031666 240.061681
227 0.987473 0.031758 241.116098
228 0.987448 0.03183 242.170048
229 0.987406 0.03192 243.225762
230 0.987372 0.031969 244.280396
231 0.987425 0.0319 245.336046
232 0.987428 0.031898 246.391364
233 0.987446 0.031872 247.446223
234 0.987494 0.031781 248.505037
235 0.987511 0.031735 249.702081
236 0.987512 0.031725 250.761327
237 0.987565 0.031633 251.817887
238 0.987544 0.03166 253.01366
239 0.987562 0.031619 254.070835
240 0.9876 0.031558 255.128665
241 0.987638 0.03149 256.184402
242 0.98766 0.031449 257.240303
243 0.987685 0.031411 258.297569
244 0.987737 0.031319 259.354608
245 0.987732 0.031324 260.410677
246 0.98772 0.03135 261.468932
247 0.987753 0.031276 262.535973
248 0.987726 0.031331 263.742267
249 0.987745 0.031294 264.800413
250 0.987733 0.031318 265.855064
251 0.987725 0.031328 266.909459
252 0.9877 0.031367 267.963008
253 0.98777 0.031255 269.02303
254 0.987811 0.031177 270.078825
255 0.987826 0.031156 271.133407
256 0.987828 0.031134 272.188014
257 0.987873 0.031071 273.246324
258 0.98779 0.031231 274.302778
259 0.98774 0.031339 275.357661
260 0.987708 0.031399 276.412244
261 0.987721 0.031383 277.467207
262 0.987733 0.031355 278.52152
263 0.987712 0.0314 279.734305
264 0.987758 0.031317 280.79032
265 0.987736 0.031345 281.845002
266 0.987783 0.031279 282.900579
267 0.987791 0.03128 283.955023
268 0.987806 0.03125 285.011832
269 0.987758 0.031335 286.07097
270 0.987841 0.031173 287.124329
271 0.987869 0.031124 288.17789
272 0.987901 0.03105 289.232066
273 0.987819 0.031198 290.287904
274 0.987894 0.031067 291.341414
275 0.98786 0.031137 292.395872
276 0.987831 0.0312 293.449332
277 0.987868 0.031134 294.668365
278 0.987818 0.031225 295.72488
279 0.987836 0.031208 296.779498
280 0.987854 0.031177 297.834537
281 0.987877 0.031151 298.889022
282 0.988007 0.030916 299.94388
283 0.988008 0.030924 301.000665

Epoch & Fidelity & KL & Runtime 
1 0.614449 0.853812 1.060601
2 0.806287 0.384242 2.120594
3 0.896506 0.199083 3.180081
4 0.937697 0.120723 4.238688
5 0.95899 0.081703 5.299043
6 0.968615 0.064536 6.357575
7 0.974754 0.053628 7.416759
8 0.978614 0.046851 8.646109
9 0.981765 0.041335 9.703621
10 0.983686 0.038108 10.763549
11 0.985534 0.034931 11.820747
12 0.986158 0.03395 12.879013
13 0.986285 0.033803 13.938163
14 0.986076 0.034312 15.000127
15 0.986354 0.033902 16.058769
16 0.985991 0.034608 17.118594
17 0.98651 0.033724 18.178579
18 0.987112 0.032556 19.239223
19 0.987418 0.032056 20.302795
20 0.987137 0.032639 21.362365
21 0.987941 0.030968 22.420093
22 0.987997 0.030872 23.658039
23 0.987418 0.031807 24.717495
24 0.987858 0.030986 25.778632
25 0.986798 0.033174 26.836475
26 0.986964 0.032951 27.896
27 0.987663 0.03163 28.954695
28 0.987803 0.031326 30.026693
29 0.987815 0.031185 31.088007
30 0.988076 0.030842 32.148034
31 0.987758 0.031393 33.206995
32 0.988399 0.030087 34.2671
33 0.988322 0.030248 35.331466
34 0.989085 0.028814 36.391551
35 0.989073 0.02889 37.451792
36 0.988878 0.029299 38.697052
37 0.988368 0.030182 39.75493
38 0.988544 0.029898 40.814962
39 0.989055 0.028985 41.880072
40 0.989359 0.028404 42.938407
41 0.989182 0.028661 43.998481
42 0.988831 0.029321 45.058583
43 0.989383 0.028238 46.118168
44 0.989659 0.027825 47.179295
45 0.989727 0.027724 48.238094
46 0.989426 0.028357 49.297714
47 0.989681 0.027712 50.357177
48 0.99 0.027137 51.416465
49 0.989946 0.027236 52.477801
50 0.989776 0.027467 53.731877
51 0.990096 0.026965 54.791021
52 0.989881 0.027352 55.849931
53 0.989125 0.028684 56.90707
54 0.989215 0.028651 57.967606
55 0.989151 0.028812 59.026496
56 0.989056 0.028967 60.084946
57 0.989328 0.0284 61.144599
58 0.989961 0.027293 62.207396
59 0.989776 0.027673 63.267022
60 0.989813 0.027568 64.325173
61 0.990002 0.027171 65.386699
62 0.989779 0.027732 66.445408
63 0.98988 0.027528 67.506811
64 0.989811 0.027547 68.766498
65 0.989359 0.028351 69.827591
66 0.989295 0.028397 70.891086
67 0.989146 0.028731 71.949026
68 0.988104 0.030864 73.008646
69 0.988415 0.030235 74.066952
70 0.988978 0.029231 75.125786
71 0.988954 0.029368 76.186186
72 0.989201 0.028846 77.245619
73 0.989881 0.027427 78.30497
74 0.989643 0.027855 79.364653
75 0.989995 0.027407 80.422636
76 0.98995 0.02755 81.483789
77 0.990185 0.027093 82.746771
78 0.990213 0.026923 83.809415
79 0.990324 0.026779 84.867901
80 0.989762 0.027866 85.925966
81 0.989438 0.028533 86.986127
82 0.989372 0.028658 88.04663
83 0.989418 0.028468 89.321531
84 0.989246 0.028785 90.379193
85 0.98963 0.028102 91.437395
86 0.989878 0.027626 92.495206
87 0.990237 0.026825 93.554348
88 0.990986 0.025452 94.61729
89 0.990607 0.026204 95.677342
90 0.990049 0.027148 96.736738
91 0.990185 0.026847 98.007813
92 0.990276 0.026682 99.066592
93 0.990418 0.026447 100.128837
94 0.990054 0.027149 101.188694
95 0.989914 0.027472 102.247924
96 0.989847 0.027635 103.307324
97 0.990418 0.026539 104.367217
98 0.990084 0.027224 105.431833
99 0.990581 0.026277 106.492591
100 0.990282 0.02686 107.565433
101 0.990647 0.02612 108.627834
102 0.99056 0.026321 109.690022
103 0.990699 0.026036 110.752047
104 0.990428 0.026507 111.814286
105 0.990323 0.026686 113.093225
106 0.990327 0.026809 114.153855
107 0.990847 0.025803 115.216492
108 0.991206 0.025221 116.275957
109 0.991395 0.024671 117.336015
110 0.991561 0.024464 118.395493
111 0.991447 0.024681 119.45561
112 0.991455 0.024512 120.518574
113 0.991564 0.024373 121.578235
114 0.990751 0.025884 122.637368
115 0.990906 0.025654 123.696772
116 0.99108 0.025352 124.758317
117 0.990804 0.025853 125.820974
118 0.990432 0.026746 126.880618
119 0.990582 0.026485 128.167555
120 0.991353 0.024985 129.227654
121 0.990845 0.025992 130.289533
122 0.990988 0.025573 131.351569
123 0.99086 0.025826 132.412359
124 0.990882 0.025722 133.473062
125 0.990283 0.026798 134.532567
126 0.989791 0.027811 135.593886
127 0.989823 0.027736 136.660217
128 0.98956 0.02815 137.718157
129 0.989876 0.027553 138.776261
130 0.989746 0.027679 139.833685
131 0.990363 0.026693 140.892846
132 0.990652 0.026145 141.959337
133 0.989763 0.02778 143.252897
134 0.990173 0.027137 144.311851
135 0.990191 0.026999 145.370942
136 0.989898 0.027538 146.4294
137 0.990785 0.025788 147.492642
138 0.989991 0.027277 148.551292
139 0.98953 0.028116 149.610122
140 0.989931 0.027407 150.66712
141 0.991105 0.02521 151.726688
142 0.991476 0.024541 152.792688
143 0.991518 0.024431 153.853949
144 0.991901 0.02375 154.914569
145 0.991808 0.023953 155.973238
146 0.991772 0.024112 157.032054
147 0.991316 0.025038 158.331653
148 0.991186 0.025226 159.391719
149 0.990936 0.02585 160.450586
150 0.991283 0.025168 161.509051
151 0.990821 0.026131 162.569414
152 0.990154 0.027287 163.631889
153 0.99029 0.027028 164.689881
154 0.990298 0.026934 165.748534
155 0.991036 0.025518 166.805907
156 0.990559 0.026512 167.866647
157 0.991244 0.025097 168.924677
158 0.991008 0.025577 169.984875
159 0.991053 0.025408 171.044327
160 0.99161 0.024405 172.101979
161 0.991707 0.024202 173.406204
162 0.992203 0.023283 174.465461
163 0.991931 0.023792 175.525448
164 0.991431 0.024718 176.583119
165 0.991164 0.025357 177.640647
166 0.991734 0.024314 178.702035
167 0.991084 0.025567 179.774081
168 0.991518 0.024731 180.835017
169 0.992118 0.023453 181.897447
170 0.992185 0.023257 182.958478
171 0.991958 0.023789 184.02004
172 0.991576 0.02458 185.081171
173 0.99142 0.024907 186.140074
174 0.991431 0.024769 187.197567
175 0.99128 0.025055 188.507633
176 0.991096 0.025432 189.569865
177 0.990581 0.026413 190.630809
178 0.991531 0.024712 191.69009
179 0.991565 0.024578 192.998679
180 0.99143 0.024779 194.060854
181 0.99066 0.026332 195.124066
182 0.989958 0.027631 196.184383
183 0.9909 0.025779 197.244008
184 0.990414 0.026676 198.303652
185 0.99118 0.025245 199.364472
186 0.991763 0.024204 200.427125
187 0.991565 0.024711 201.486537
188 0.99211 0.023603 202.802648
189 0.991954 0.023795 203.863582
190 0.991324 0.024981 204.924914
191 0.992117 0.023452 205.985335
192 0.991485 0.024699 207.044279
193 0.991717 0.02432 208.104491
194 0.99094 0.025662 209.162918
195 0.990985 0.025509 210.223326
196 0.991392 0.024878 211.281958
197 0.991503 0.024693 212.345233
198 0.992193 0.023392 213.405436
199 0.992507 0.022727 214.465598
200 0.992359 0.022965 215.527569
201 0.991842 0.023872 216.587417
202 0.99179 0.024003 217.912094
203 0.991555 0.024474 218.970869
204 0.992477 0.022732 220.029533
205 0.992227 0.023348 221.089534
206 0.991951 0.023884 222.157433
207 0.991702 0.024371 223.217993
208 0.991477 0.024831 224.278583
209 0.991343 0.025138 225.339068
210 0.991198 0.025408 226.400536
211 0.991556 0.024741 227.461193
212 0.991299 0.025246 228.521292
213 0.991026 0.025785 229.581138
214 0.991443 0.024883 230.641932
215 0.991675 0.024605 231.703896
216 0.991654 0.024559 233.030532
217 0.991669 0.024383 234.092252
218 0.990741 0.026287 235.152638
219 0.991504 0.024687 236.213967
220 0.991908 0.023932 237.277472
221 0.991459 0.024751 238.338633
222 0.992187 0.023363 239.398766
223 0.991865 0.023904 240.45831
224 0.991899 0.023895 241.521986
225 0.992282 0.023107 242.581476
226 0.992817 0.022157 243.641932
227 0.992969 0.021861 244.701734
228 0.992386 0.023044 245.761623
229 0.99123 0.025236 246.822745
230 0.991591 0.024454 248.153596
231 0.992187 0.023365 249.216217
232 0.992901 0.022118 250.278971
233 0.99252 0.02282 251.339915
234 0.992436 0.022913 252.404932
235 0.99233 0.023189 253.468912
236 0.992287 0.023239 254.53019
237 0.992173 0.023469 255.862443
238 0.992242 0.02338 256.922255
239 0.9926 0.022726 257.99519
240 0.992746 0.022352 259.055177
241 0.99217 0.023501 260.115085
242 0.992555 0.022733 261.173659
243 0.991826 0.024187 262.233711
244 0.991353 0.0251 263.574673
245 0.991511 0.024827 264.632459
246 0.99188 0.023994 265.690559
247 0.992256 0.023207 266.748946
248 0.992017 0.023694 267.806394
249 0.990771 0.02607 268.867784
250 0.99111 0.025434 269.929617
251 0.991853 0.024024 270.987513
252 0.991904 0.023986 272.046852
253 0.991363 0.02504 273.103227
254 0.991894 0.024012 274.164424
255 0.991776 0.02432 275.223031
256 0.99152 0.024859 276.280925
257 0.991898 0.024089 277.339132
258 0.991997 0.023965 278.683593
259 0.992541 0.022851 279.741461
260 0.992201 0.023484 280.799462
261 0.991905 0.023919 281.857145
262 0.991303 0.025096 282.917668
263 0.991215 0.025313 283.979681
264 0.992209 0.023427 285.039709
265 0.992474 0.022941 286.099452
266 0.992507 0.022769 287.158697
267 0.99193 0.023946 288.217042
268 0.991669 0.024593 289.279725
269 0.991953 0.024016 290.338812
270 0.991975 0.023945 291.397369
271 0.992267 0.023348 292.45623
272 0.991137 0.025485 293.807279
273 0.990638 0.026511 294.868641
274 0.990848 0.02609 295.929865
275 0.991012 0.025778 296.988319
276 0.991448 0.025001 298.048666
277 0.991981 0.023985 299.106128
278 0.991321 0.025233 300.168935

Epoch & Fidelity & KL & Runtime 
1 0.984578 0.037129 1.064487
2 0.985264 0.036936 2.123789
3 0.984589 0.038648 3.183278
4 0.98421 0.038425 4.244192
5 0.982284 0.04303 5.304425
6 0.984631 0.038155 6.361834
7 0.984891 0.038044 7.711717
8 0.986086 0.035371 8.769875
9 0.986604 0.034599 9.826979
10 0.981954 0.043724 10.888055
11 0.986412 0.034949 11.944794
12 0.987202 0.032001 13.002903
13 0.98816 0.031162 14.06046
14 0.988002 0.031085 15.120672
15 0.985332 0.037074 16.177848
16 0.987542 0.032905 17.239702
17 0.983887 0.039189 18.297446
18 0.983657 0.04037 19.35657
19 0.988593 0.030122 20.415692
20 0.98421 0.038486 21.473428
21 0.989172 0.029916 22.829903
22 0.986995 0.034454 23.888087
23 0.989644 0.028699 24.946635
24 0.987114 0.033016 26.007061
25 0.985673 0.036101 27.077508
26 0.98704 0.032746 28.136699
27 0.986949 0.033763 29.19934
28 0.989631 0.02828 30.260309
29 0.989121 0.029302 31.322463
30 0.988662 0.030671 32.381069
31 0.983599 0.040383 33.441767
32 0.989935 0.028633 34.501684
33 0.990054 0.027601 35.560366
34 0.986441 0.035413 36.623159
35 0.985792 0.035769 37.986997
36 0.988622 0.030603 39.045932
37 0.983404 0.04137 40.104646
38 0.984909 0.037796 41.161983
39 0.985393 0.037226 42.220473
40 0.988335 0.030626 43.27931
41 0.986425 0.035148 44.3384
42 0.989176 0.029513 45.396415
43 0.988904 0.030363 46.453609
44 0.98345 0.041039 47.513331
45 0.987504 0.033053 48.571922
46 0.986837 0.034496 49.631577
47 0.986066 0.035566 50.691261
48 0.985496 0.036432 51.751244
49 0.985655 0.036465 53.123031
50 0.98998 0.027623 54.18263
51 0.989364 0.029388 55.240613
52 0.984967 0.038338 56.300679
53 0.986995 0.033751 57.360825
54 0.986455 0.034695 58.418664
55 0.98578 0.036135 59.477104
56 0.986233 0.035321 60.539793
57 0.988194 0.031296 61.59964
58 0.983257 0.04113 62.662634
59 0.987193 0.033968 63.72452
60 0.984204 0.039225 64.786877
61 0.98913 0.029968 65.843266
62 0.979432 0.048831 66.900715
63 0.988107 0.032449 68.277369
64 0.979301 0.049447 69.338029
65 0.983762 0.04031 70.397129
66 0.978472 0.050372 71.455286
67 0.983339 0.040517 72.514448
68 0.983581 0.040211 73.574424
69 0.986585 0.034299 74.635088
70 0.988722 0.030448 75.692836
71 0.986462 0.034948 76.749703
72 0.987707 0.033237 77.809298
73 0.98828 0.031472 78.870778
74 0.989157 0.03014 79.929378
75 0.983925 0.040939 80.986486
76 0.99097 0.026287 82.043973
77 0.986815 0.034719 83.423267
78 0.989697 0.028716 84.48329
79 0.98842 0.03165 85.541644
80 0.986148 0.03559 86.599224
81 0.986865 0.033969 87.663029
82 0.985009 0.037923 88.721469
83 0.984688 0.039105 89.783746
84 0.984649 0.03785 90.842952
85 0.985526 0.03615 92.220785
86 0.988714 0.030793 93.280029
87 0.988855 0.030445 94.343546
88 0.989889 0.028638 95.403939
89 0.989538 0.029187 96.464517
90 0.988347 0.03174 97.85018
91 0.985741 0.037014 98.910354
92 0.986164 0.035473 99.983576
93 0.985992 0.036565 101.042507
94 0.986542 0.035498 102.102179
95 0.984996 0.038313 103.164544
96 0.987545 0.03343 104.224202
97 0.985941 0.036338 105.28443
98 0.986004 0.036898 106.342883
99 0.986901 0.034562 107.400978
100 0.982357 0.043091 108.459428
101 0.987818 0.032637 109.523102
102 0.984474 0.038529 110.585532
103 0.987053 0.033854 111.647064
104 0.986148 0.036071 113.039972
105 0.986397 0.034779 114.100793
106 0.983475 0.041835 115.160209
107 0.988457 0.031772 116.220122
108 0.984487 0.039373 117.281423
109 0.98721 0.033852 118.340443
110 0.990089 0.028348 119.399769
111 0.985154 0.038659 120.459695
112 0.989202 0.029802 121.52
113 0.988727 0.030474 122.586804
114 0.984339 0.03897 123.645163
115 0.985241 0.038313 124.703366
116 0.988011 0.032485 125.76347
117 0.98061 0.045416 126.823257
118 0.98719 0.033258 128.219542
119 0.983703 0.040711 129.277824
120 0.986367 0.035907 130.334924
121 0.987306 0.033314 131.394489
122 0.987363 0.033963 132.452914
123 0.985244 0.037458 133.510355
124 0.987021 0.034221 134.572922
125 0.986934 0.034346 135.634742
126 0.985993 0.036841 136.696382
127 0.984248 0.039686 137.756692
128 0.986805 0.034208 138.816095
129 0.985403 0.037718 139.873926
130 0.986001 0.036053 140.936054
131 0.984668 0.038709 141.995299
132 0.987679 0.032738 143.395586
133 0.987693 0.032943 144.454062
134 0.988788 0.031129 145.511847
135 0.986101 0.036118 146.570095
136 0.988206 0.031827 147.634902
137 0.989236 0.029993 148.694072
138 0.987887 0.032793 149.751813
139 0.986356 0.035546 150.808721
140 0.982835 0.042637 151.867289
141 0.987671 0.032494 152.92695
142 0.988432 0.031303 153.985595
143 0.985861 0.036162 155.046566
144 0.986088 0.035964 156.106847
145 0.984796 0.038423 157.167038
146 0.98389 0.039951 158.577574
147 0.987135 0.03474 159.639712
148 0.985587 0.037253 160.696641
149 0.98424 0.038894 161.753834
150 0.987385 0.03354 162.810961
151 0.986692 0.035173 163.872301
152 0.98543 0.037394 164.931219
153 0.985087 0.038019 165.989688
154 0.984784 0.039582 167.049499
155 0.986347 0.03541 168.108676
156 0.985843 0.036035 169.17022
157 0.988173 0.032059 170.229258
158 0.985878 0.03679 171.289485
159 0.985878 0.036895 172.702097
160 0.986054 0.036759 173.762891
161 0.986861 0.034453 174.823312
162 0.980688 0.047702 175.882603
163 0.986337 0.035429 176.941101
164 0.98072 0.047418 178.010802
165 0.987614 0.032809 179.070498
166 0.985606 0.036698 180.130062
167 0.988006 0.032561 181.187862
168 0.986572 0.035049 182.24602
169 0.985932 0.036506 183.302805
170 0.982615 0.04303 184.362014
171 0.98771 0.033 185.419502
172 0.981705 0.044473 186.475418
173 0.985778 0.036461 187.890523
174 0.986988 0.034162 188.950148
175 0.983869 0.040794 190.010566
176 0.98689 0.034799 191.069387
177 0.986728 0.034811 192.128656
178 0.985819 0.037296 193.193223
179 0.983475 0.040628 194.251655
180 0.986152 0.035453 195.311506
181 0.985976 0.0359 196.368112
182 0.988941 0.030623 197.425128
183 0.988633 0.03168 198.483652
184 0.988964 0.030205 199.543892
185 0.988212 0.031785 200.603332
186 0.988929 0.0304 201.66093
187 0.986133 0.035264 203.080046
188 0.986122 0.035879 204.138946
189 0.987828 0.033115 205.195227
190 0.990569 0.027394 206.256608
191 0.987615 0.032764 207.313898
192 0.987315 0.033982 208.37448
193 0.990494 0.027499 209.431061
194 0.989114 0.029556 210.490157
195 0.98914 0.03001 211.547385
196 0.989005 0.030058 212.606434
197 0.988714 0.031091 213.663805
198 0.986734 0.034845 214.723309
199 0.988666 0.031196 215.781347
200 0.989608 0.028879 216.837303
201 0.989377 0.029483 218.261603
202 0.988274 0.032094 219.318667
203 0.988177 0.032226 220.374269
204 0.986675 0.035174 221.432333
205 0.984427 0.039066 222.489841
206 0.986387 0.035445 223.551353
207 0.985616 0.036933 224.608699
208 0.984477 0.038593 225.668165
209 0.98554 0.036802 226.728045
210 0.982488 0.043323 227.785559
211 0.986902 0.034088 228.846106
212 0.990167 0.028134 229.9028
213 0.985911 0.036882 230.959474
214 0.991136 0.026128 232.018607
215 0.989272 0.029786 233.445812
216 0.989292 0.029721 234.514606
217 0.986977 0.034077 235.571275
218 0.986974 0.03469 236.62816
219 0.990015 0.028329 237.685903
220 0.981279 0.044701 238.745059
221 0.987588 0.032952 239.806494
222 0.98447 0.039508 240.864142
223 0.987616 0.032988 241.923386
224 0.985027 0.038281 242.983104
225 0.988733 0.030989 244.042024
226 0.987206 0.033989 245.106227
227 0.989041 0.030334 246.163843
228 0.984499 0.039346 247.222068
229 0.989845 0.029062 248.657727
230 0.986085 0.036429 249.715212
231 0.987607 0.033211 250.786136
232 0.987539 0.033109 251.844043
233 0.986385 0.035179 252.905447
234 0.984571 0.039122 253.96782
235 0.988393 0.031446 255.40234
236 0.988291 0.031582 256.459466
237 0.986375 0.03559 257.517299
238 0.981891 0.043983 258.577281
239 0.984971 0.038372 259.635717
240 0.986586 0.034592 260.694384
241 0.982929 0.041778 261.755349
242 0.98721 0.033781 263.192684
243 0.983875 0.04079 264.252521
244 0.983922 0.040052 265.30948
245 0.986016 0.035726 266.369017
246 0.98679 0.034619 267.427571
247 0.984755 0.038682 268.483988
248 0.987411 0.033413 269.544572
249 0.987821 0.032962 270.603517
250 0.981629 0.044137 271.660321
251 0.985941 0.035968 272.717521
252 0.987409 0.033601 273.776117
253 0.986442 0.035321 274.834193
254 0.985927 0.036492 275.892096
255 0.983466 0.041906 276.949862
256 0.986021 0.036234 278.394468
257 0.987052 0.034458 279.450997
258 0.98631 0.035541 280.508754
259 0.987742 0.032963 281.565165
260 0.986664 0.034844 282.623249
261 0.984824 0.037842 283.682104
262 0.98636 0.035527 284.73977
263 0.988519 0.031099 285.80151
264 0.987887 0.032428 286.859944
265 0.984506 0.038854 287.91792
266 0.987176 0.033745 288.976425
267 0.987 0.034096 290.033317
268 0.988757 0.030693 291.091367
269 0.989051 0.030221 292.149151
270 0.987796 0.032817 293.594754
271 0.987652 0.03307 294.653813
272 0.984027 0.040635 295.711707
273 0.987515 0.033592 296.768256
274 0.985025 0.0383 297.825363
275 0.986675 0.035221 298.882082
276 0.985022 0.038221 299.938667
277 0.98752 0.033362 300.997837

Epoch & Fidelity & KL & Runtime 
1 0.940994 0.129925 1.065193
2 0.969304 0.070377 2.124474
3 0.956455 0.097888 3.184149
4 0.969362 0.069604 4.242903
5 0.964231 0.07838 5.301298
6 0.95874 0.086792 6.746409
7 0.973229 0.063832 7.803845
8 0.963507 0.078682 8.860957
9 0.973726 0.063422 9.918303
10 0.972597 0.062982 10.976177
11 0.965985 0.077467 12.034762
12 0.966044 0.075058 13.092916
13 0.959992 0.086204 14.152782
14 0.96076 0.089316 15.211192
15 0.985213 0.037086 16.26959
16 0.976897 0.055089 17.328186
17 0.954183 0.099824 18.384933
18 0.971564 0.064547 19.443784
19 0.954326 0.099097 20.505225
20 0.968031 0.072309 21.952668
21 0.975529 0.056416 23.011757
22 0.980907 0.047474 24.068454
23 0.961075 0.085932 25.128954
24 0.969424 0.07173 26.197412
25 0.966863 0.074664 27.258219
26 0.964687 0.078572 28.318344
27 0.970354 0.068925 29.378383
28 0.970085 0.069005 30.439046
29 0.94997 0.113629 31.505056
30 0.97716 0.053178 32.565292
31 0.95507 0.097507 33.623111
32 0.968481 0.073047 34.682072
33 0.964952 0.079507 35.741981
34 0.960763 0.084645 37.199069
35 0.96412 0.079266 38.258224
36 0.97295 0.059543 39.317811
37 0.966443 0.074726 40.376495
38 0.95634 0.093188 41.433369
39 0.953217 0.104066 42.492793
40 0.955814 0.098296 43.555527
41 0.97587 0.056409 44.612211
42 0.977455 0.054848 45.670806
43 0.941388 0.136827 46.728044
44 0.963571 0.080828 47.787483
45 0.974565 0.060322 48.844463
46 0.973224 0.061499 49.90268
47 0.957187 0.094068 50.959329
48 0.964841 0.078213 52.416199
49 0.98435 0.039802 53.475734
50 0.964736 0.077989 54.535999
51 0.953894 0.100301 55.593078
52 0.96856 0.069326 56.650705
53 0.986398 0.035666 57.707956
54 0.969278 0.068462 58.766719
55 0.974137 0.06064 59.82372
56 0.946475 0.116444 60.881573
57 0.986252 0.035685 61.938068
58 0.941047 0.133902 62.999179
59 0.963617 0.078084 64.061363
60 0.972659 0.061762 65.120576
61 0.972298 0.064665 66.179935
62 0.967946 0.074703 67.645066
63 0.97232 0.061842 68.704201
64 0.95292 0.099042 69.761789
65 0.955496 0.098325 70.818745
66 0.960191 0.087389 71.877483
67 0.959685 0.088334 72.936064
68 0.976111 0.055847 73.995017
69 0.972382 0.065645 75.053491
70 0.967583 0.071905 76.111752
71 0.979441 0.049306 77.170053
72 0.975991 0.057022 78.2305
73 0.961869 0.085269 79.288737
74 0.953919 0.101838 80.348967
75 0.974348 0.061521 81.812057
76 0.970579 0.066817 82.87024
77 0.972207 0.065304 83.926893
78 0.967984 0.071489 84.987113
79 0.963707 0.080542 86.045164
80 0.962321 0.081652 87.102091
81 0.962748 0.081969 88.159887
82 0.970708 0.068227 89.217373
83 0.977976 0.05339 90.277503
84 0.952788 0.100858 91.744163
85 0.972702 0.064047 92.801502
86 0.951622 0.103299 93.859257
87 0.944168 0.121007 94.916424
88 0.955579 0.095808 95.977963
89 0.975319 0.057216 97.447541
90 0.971685 0.064032 98.511467
91 0.966765 0.075745 99.570261
92 0.969042 0.068465 100.629147
93 0.956473 0.097505 101.688745
94 0.969892 0.068932 102.747276
95 0.964714 0.077007 103.807048
96 0.975364 0.056408 104.876726
97 0.972821 0.06262 105.935717
98 0.980354 0.046554 106.995929
99 0.97668 0.054005 108.054761
100 0.972121 0.066725 109.112629
101 0.973947 0.059425 110.170313
102 0.975465 0.056509 111.229973
103 0.94899 0.109819 112.704085
104 0.963671 0.078777 113.76254
105 0.974116 0.060216 114.820361
106 0.967964 0.075627 115.876577
107 0.963674 0.081485 116.934475
108 0.978336 0.052435 117.991558
109 0.96306 0.081672 119.053395
110 0.974699 0.057282 120.112244
111 0.952203 0.107839 121.172156
112 0.929787 0.156511 122.232951
113 0.96308 0.085795 123.291384
114 0.974615 0.060346 124.34797
115 0.96844 0.072164 125.407033
116 0.945822 0.111974 126.881966
117 0.969535 0.071311 127.941542
118 0.968655 0.074326 129.003601
119 0.972368 0.063824 130.059011
120 0.972657 0.063509 131.116334
121 0.976166 0.056182 132.174162
122 0.967948 0.070077 133.234597
123 0.969703 0.068991 134.293239
124 0.968893 0.071255 135.349976
125 0.953657 0.103129 136.408803
126 0.969878 0.068975 137.46578
127 0.965152 0.074746 138.523163
128 0.98351 0.042109 139.579858
129 0.981094 0.044493 140.637843
130 0.961452 0.086163 142.115903
131 0.969938 0.070287 143.175164
132 0.939858 0.127893 144.234646
133 0.954732 0.095305 145.292532
134 0.965537 0.076761 146.352227
135 0.958625 0.091053 147.411502
136 0.962495 0.082334 148.468698
137 0.96353 0.080165 149.528345
138 0.965753 0.074456 150.586547
139 0.969928 0.068383 151.645853
140 0.954999 0.096553 152.70297
141 0.958777 0.091263 153.761565
142 0.952596 0.101782 154.819171
143 0.96891 0.069355 155.875968
144 0.959869 0.08801 157.358885
145 0.967513 0.071838 158.416668
146 0.974953 0.058648 159.475657
147 0.971322 0.067126 160.532916
148 0.949634 0.110755 161.590067
149 0.946568 0.115708 162.647052
150 0.961017 0.085151 163.706585
151 0.958491 0.093563 164.7653
152 0.939735 0.128932 165.821768
153 0.939943 0.135785 166.877843
154 0.961735 0.087551 167.934525
155 0.940126 0.125405 168.992615
156 0.968543 0.06984 170.050359
157 0.945431 0.115671 171.107235
158 0.936772 0.130517 172.596313
159 0.938954 0.129702 173.65467
160 0.964054 0.075323 174.71317
161 0.939305 0.13027 175.774692
162 0.949355 0.111506 176.831044
163 0.965368 0.077802 177.900718
164 0.952677 0.107383 178.957524
165 0.972605 0.061765 180.014323
166 0.963598 0.079321 181.073079
167 0.950922 0.106768 182.130877
168 0.943888 0.116488 183.188304
169 0.96941 0.068534 184.245706
170 0.949812 0.108447 185.304162
171 0.9747 0.058359 186.795761
172 0.961309 0.081058 187.853532
173 0.970366 0.068143 188.91111
174 0.972644 0.063403 189.966968
175 0.967591 0.073397 191.02479
176 0.956541 0.097198 192.082521
177 0.968806 0.07027 193.139156
178 0.976444 0.053655 194.198709
179 0.973849 0.059676 195.257273
180 0.956868 0.096769 196.316866
181 0.95142 0.102918 197.375135
182 0.958738 0.088747 198.438565
183 0.958575 0.088743 199.49491
184 0.945727 0.112095 200.551051
185 0.958554 0.088452 202.042551
186 0.938736 0.134684 203.099148
187 0.968679 0.072475 204.157063
188 0.941992 0.125427 205.215187
189 0.956045 0.097446 206.27454
190 0.966622 0.076485 207.332064
191 0.967852 0.0714 208.389628
192 0.96171 0.0871 209.446533
193 0.965277 0.077861 210.508091
194 0.961559 0.087843 211.565362
195 0.938386 0.13156 212.624009
196 0.96474 0.081533 213.681596
197 0.956243 0.097266 214.73858
198 0.95266 0.101386 215.796309
199 0.950623 0.110451 217.291433
200 0.946988 0.117919 218.350122
201 0.957961 0.093032 219.407301
202 0.964164 0.079896 220.465574
203 0.961395 0.085155 221.524542
204 0.964618 0.075323 222.583629
205 0.972402 0.062532 223.643749
206 0.965845 0.07679 224.70103
207 0.972969 0.062597 225.759457
208 0.978485 0.050394 226.822277
209 0.941864 0.12321 227.878688
210 0.975464 0.057551 228.937381
211 0.949438 0.110266 229.99496
212 0.958715 0.089683 231.05193
213 0.949844 0.104527 232.550798
214 0.963252 0.079186 233.611741
215 0.952526 0.101589 234.668539
216 0.972627 0.062934 235.726533
217 0.950936 0.10618 236.784693
218 0.962508 0.083742 237.841572
219 0.960321 0.089666 238.899039
220 0.968483 0.073298 239.957571
221 0.974507 0.059258 241.014832
222 0.967007 0.074206 242.072735
223 0.962867 0.085679 243.130113
224 0.953595 0.10174 244.18866
225 0.942547 0.125592 245.249345
226 0.969649 0.068853 246.757633
227 0.956021 0.097068 247.814906
228 0.970177 0.06815 248.871104
229 0.970214 0.066782 249.92875
230 0.962179 0.080568 250.984343
231 0.958076 0.089839 252.043736
232 0.965049 0.075717 253.103152
233 0.937984 0.130817 254.602297
234 0.956982 0.095526 255.661491
235 0.955493 0.099309 256.732
236 0.952268 0.103352 257.791189
237 0.95522 0.095748 258.848665
238 0.956285 0.095213 259.90727
239 0.955676 0.095272 260.965438
240 0.936974 0.135197 262.474201
241 0.944485 0.115605 263.530486
242 0.962047 0.081312 264.588073
243 0.951535 0.104098 265.645175
244 0.967754 0.070642 266.705568
245 0.957637 0.089441 267.763849
246 0.963297 0.080601 268.823066
247 0.963257 0.082616 269.879623
248 0.954031 0.096924 270.936479
249 0.966555 0.074727 271.994512
250 0.973354 0.063138 273.05161
251 0.975097 0.058882 274.109219
252 0.946408 0.116588 275.166076
253 0.976757 0.056025 276.22538
254 0.976301 0.05704 277.736143
255 0.964384 0.078883 278.791956
256 0.977962 0.051099 279.847782
257 0.961023 0.087159 280.906021
258 0.951055 0.104314 281.964065
259 0.957139 0.091855 283.021493
260 0.966846 0.074668 284.079034
261 0.969735 0.067185 285.1379
262 0.956989 0.094524 286.195178
263 0.978891 0.049413 287.254232
264 0.958017 0.092279 288.312288
265 0.968978 0.071094 289.370399
266 0.95883 0.091452 290.428047
267 0.981143 0.045853 291.939213
268 0.962867 0.082648 292.998936
269 0.954801 0.097495 294.056964
270 0.931858 0.141377 295.114651
271 0.944532 0.112987 296.172595
272 0.953686 0.102234 297.232221
273 0.960328 0.084699 298.290759
274 0.939584 0.123817 299.347567
275 0.954543 0.098067 300.404882

Epoch & Fidelity & KL & Runtime 
1 0.835959 0.401489 1.064958
2 0.795892 0.457656 2.127165
3 0.884675 0.289828 3.191088
4 0.849415 0.354841 4.249454
5 0.854804 0.330182 5.308012
6 0.823501 0.424769 6.824931
7 0.93304 0.150092 7.88327
8 0.742028 0.665699 8.942019
9 0.724815 0.650518 9.999067
10 0.644383 0.844943 11.055662
11 0.888236 0.247329 12.112012
12 0.742473 0.70962 13.172994
13 0.899113 0.223523 14.229973
14 0.910145 0.194672 15.293309
15 0.893519 0.240498 16.351638
16 0.687562 0.816667 17.407191
17 0.865457 0.332188 18.466427
18 0.905584 0.203685 19.523669
19 0.880817 0.268846 20.579497
20 0.905218 0.222929 22.100019
21 0.859923 0.289924 23.160861
22 0.62519 0.944769 24.220303
23 0.79284 0.478509 25.27893
24 0.918395 0.172423 26.349776
25 0.920482 0.173379 27.408854
26 0.774784 0.539439 28.467651
27 0.900456 0.209455 29.526965
28 0.807328 0.395928 30.586233
29 0.709432 0.776781 31.65029
30 0.813382 0.42921 32.707566
31 0.836288 0.382835 33.764311
32 0.76357 0.532012 34.824515
33 0.859491 0.37415 36.35091
34 0.922446 0.166678 37.416212
35 0.766186 0.539353 38.473516
36 0.86733 0.307562 39.529507
37 0.728794 0.630522 40.587362
38 0.775963 0.512362 41.643012
39 0.898831 0.235159 42.704263
40 0.825592 0.419804 43.759842
41 0.85836 0.292292 44.814546
42 0.730984 0.681183 45.871861
43 0.834113 0.395732 46.926938
44 0.861943 0.294122 47.983411
45 0.885453 0.274924 49.04146
46 0.848179 0.317943 50.099139
47 0.644437 0.876616 51.627099
48 0.876401 0.293737 52.685712
49 0.814573 0.397993 53.743753
50 0.771416 0.524219 54.800228
51 0.742625 0.694982 55.858388
52 0.89621 0.219413 56.914234
53 0.756056 0.556162 57.970815
54 0.896438 0.241849 59.031207
55 0.808736 0.446237 60.087038
56 0.807737 0.444176 61.144506
57 0.866118 0.287884 62.201179
58 0.792517 0.492918 63.258699
59 0.773083 0.565594 64.31818
60 0.828412 0.410003 65.375188
61 0.847533 0.34344 66.909193
62 0.91552 0.186625 67.968169
63 0.899591 0.227927 69.026308
64 0.876808 0.284769 70.084592
65 0.80283 0.426644 71.143211
66 0.887365 0.275925 72.202973
67 0.915221 0.191448 73.262145
68 0.7962 0.455592 74.319825
69 0.792706 0.450148 75.381177
70 0.843815 0.363898 76.441691
71 0.753344 0.655144 77.50173
72 0.823077 0.383584 78.557694
73 0.735494 0.596337 79.615996
74 0.865242 0.315319 80.675697
75 0.89595 0.244082 82.209832
76 0.902479 0.213706 83.268624
77 0.91396 0.194636 84.325173
78 0.881188 0.28442 85.382318
79 0.862353 0.318447 86.444159
80 0.783626 0.484902 87.500175
81 0.79193 0.474029 88.556343
82 0.773755 0.495197 89.612267
83 0.850146 0.326177 90.668141
84 0.88703 0.249574 92.197038
85 0.814248 0.405302 93.255607
86 0.772687 0.591541 94.314013
87 0.932206 0.156031 95.372779
88 0.802017 0.430721 96.910101
89 0.85074 0.32367 97.967828
90 0.825387 0.395388 99.027046
91 0.829484 0.388014 100.095318
92 0.805741 0.486533 101.155815
93 0.906738 0.199387 102.214262
94 0.843766 0.376937 103.272273
95 0.894109 0.246954 104.332147
96 0.886268 0.267846 105.391745
97 0.848502 0.341213 106.450269
98 0.697991 0.521594 107.508578
99 0.733833 0.560779 108.565794
100 0.73677 0.613203 109.626126
101 0.873422 0.265647 110.683664
102 0.890816 0.222759 112.228745
103 0.843211 0.382186 113.288436
104 0.877345 0.277424 114.345313
105 0.883941 0.263599 115.402962
106 0.812857 0.411896 116.460242
107 0.772058 0.531179 117.517493
108 0.881544 0.270947 118.57425
109 0.787543 0.491386 119.630606
110 0.951004 0.111842 120.689295
111 0.864825 0.27726 121.746378
112 0.809576 0.45018 122.803952
113 0.825531 0.436059 123.860627
114 0.868915 0.309817 124.917255
115 0.757544 0.526353 126.453452
116 0.751522 0.646848 127.515836
117 0.860738 0.329362 128.571943
118 0.812463 0.490814 129.62871
119 0.732995 0.670341 130.685015
120 0.783919 0.557074 131.744437
121 0.70379 0.716754 132.801636
122 0.862342 0.326518 133.859882
123 0.862803 0.290697 134.916344
124 0.906087 0.205687 135.974896
125 0.847732 0.33668 137.035718
126 0.84778 0.353993 138.093255
127 0.902082 0.21844 139.148876
128 0.788874 0.506679 140.205823
129 0.878428 0.269588 141.748733
130 0.799546 0.477374 142.805138
131 0.86632 0.297524 143.862602
132 0.881553 0.298588 144.919115
133 0.78587 0.504875 145.978245
134 0.900834 0.219584 147.03695
135 0.866186 0.313278 148.093777
136 0.782238 0.59053 149.149009
137 0.833219 0.385189 150.204847
138 0.86532 0.309412 151.26135
139 0.86048 0.321538 152.318195
140 0.812109 0.449257 153.374501
141 0.809299 0.413542 154.432886
142 0.770964 0.575443 155.48969
143 0.7973 0.486519 157.036877
144 0.802621 0.463406 158.094411
145 0.873809 0.286258 159.152202
146 0.898151 0.239382 160.208248
147 0.856183 0.349178 161.264592
148 0.847003 0.346903 162.323313
149 0.882999 0.25751 163.381276
150 0.84777 0.370475 164.43738
151 0.653601 0.840066 165.494444
152 0.725639 0.593033 166.552238
153 0.87762 0.288368 167.609838
154 0.842108 0.371305 168.673247
155 0.868668 0.30608 169.729457
156 0.810876 0.450377 170.786868
157 0.760053 0.610411 172.339169
158 0.71085 0.697718 173.396407
159 0.822125 0.427937 174.453628
160 0.831815 0.403985 175.510966
161 0.72332 0.695276 176.569119
162 0.876188 0.283413 177.627296
163 0.667131 0.879122 178.698393
164 0.832554 0.371989 179.757952
165 0.795434 0.490293 180.815413
166 0.830414 0.396041 181.873197
167 0.764462 0.59506 182.929997
168 0.825835 0.385355 183.986632
169 0.85728 0.334066 185.043955
170 0.871003 0.276829 186.598792
171 0.912206 0.199748 187.657038
172 0.803672 0.456423 188.71382
173 0.887683 0.242467 189.773451
174 0.763024 0.530492 190.830543
175 0.873203 0.274387 191.888034
176 0.892981 0.242534 192.947018
177 0.68005 0.7649 194.004488
178 0.836898 0.383516 195.062739
179 0.82465 0.43402 196.119614
180 0.899255 0.231337 197.179319
181 0.582012 1.006344 198.236193
182 0.76186 0.512149 199.293302
183 0.877219 0.269145 200.350604
184 0.832808 0.377095 201.90725
185 0.751784 0.558032 202.963672
186 0.747542 0.642792 204.022335
187 0.86425 0.315135 205.080241
188 0.797333 0.466727 206.13904
189 0.807593 0.358207 207.194696
190 0.657368 0.832593 208.253206
191 0.613476 0.882386 209.310739
192 0.844686 0.348239 210.370951
193 0.878791 0.273882 211.428193
194 0.771775 0.540641 212.485814
195 0.912245 0.18674 213.54382
196 0.820007 0.444865 214.601106
197 0.863504 0.293289 215.66023
198 0.758689 0.609487 217.222556
199 0.746478 0.578468 218.278408
200 0.847215 0.369 219.334756
201 0.795925 0.4775 220.390582
202 0.780918 0.498168 221.448294
203 0.737557 0.56402 222.505525
204 0.847785 0.332095 223.562974
205 0.807841 0.469018 224.621082
206 0.851779 0.330354 225.680157
207 0.826177 0.429078 226.738431
208 0.79169 0.480346 227.797086
209 0.880194 0.269527 228.854089
210 0.801485 0.498213 229.909813
211 0.875239 0.302617 231.468336
212 0.889916 0.249853 232.528767
213 0.687039 0.725646 233.5862
214 0.935777 0.13914 234.642801
215 0.810976 0.427745 235.700454
216 0.92418 0.163545 236.758731
217 0.787256 0.479506 237.818004
218 0.929937 0.153815 238.875915
219 0.840044 0.349844 239.933496
220 0.723798 0.711068 240.990189
221 0.822495 0.419769 242.048413
222 0.81422 0.446619 243.107794
223 0.777583 0.480193 244.16589
224 0.897084 0.218379 245.222331
225 0.857173 0.322307 246.789052
226 0.887548 0.241656 247.847217
227 0.832303 0.381115 248.904343
228 0.794994 0.504234 249.961699
229 0.943243 0.122071 251.019883
230 0.891689 0.244914 252.090856
231 0.821873 0.405593 253.650089
232 0.841574 0.351966 254.709631
233 0.842748 0.381353 255.766555
234 0.744845 0.664439 256.824784
235 0.785951 0.534751 257.881185
236 0.839142 0.281296 258.937152
237 0.859757 0.297313 259.993218
238 0.79404 0.366798 261.5613
239 0.831327 0.356628 262.618248
240 0.759419 0.628285 263.675939
241 0.843279 0.344191 264.735611
242 0.686724 0.757214 265.793844
243 0.804349 0.439716 266.851277
244 0.812474 0.426033 267.910331
245 0.807915 0.520302 268.967363
246 0.883448 0.265515 270.024661
247 0.671373 0.730305 271.082931
248 0.809691 0.458361 272.141901
249 0.828662 0.374436 273.204341
250 0.927325 0.151745 274.260703
251 0.715917 0.711511 275.317731
252 0.8857 0.217276 276.884329
253 0.711707 0.727808 277.94065
254 0.786154 0.472256 278.99636
255 0.772776 0.578126 280.053756
256 0.909409 0.195282 281.1122
257 0.812947 0.412187 282.171109
258 0.727879 0.602769 283.231268
259 0.795519 0.502031 284.290744
260 0.874298 0.27326 285.350035
261 0.855213 0.306879 286.408067
262 0.609607 0.99718 287.46357
263 0.882662 0.281519 288.518932
264 0.916914 0.183256 289.57551
265 0.754051 0.582881 290.632547
266 0.817184 0.449621 292.208808
267 0.811203 0.432604 293.266259
268 0.675605 0.7909 294.322706
269 0.885328 0.242229 295.380517
270 0.814385 0.404101 296.437172
271 0.782892 0.538054 297.493586
272 0.735895 0.64689 298.552915
273 0.814395 0.393349 299.612021
274 0.793101 0.464994 300.670392

Epoch & Fidelity & KL & Runtime 
1 0.358682 2.742352 1.064989
2 0.553594 1.207635 2.125806
3 0.395601 2.346447 3.18525
4 0.487549 1.778581 4.246029
5 0.490602 2.152952 5.824391
6 0.591898 1.048641 6.882683
7 0.200692 3.83573 7.939837
8 0.280087 3.098296 8.999441
9 0.337484 2.568957 10.055618
10 0.237277 3.602321 11.112574
11 0.482289 2.032387 12.170455
12 0.534993 1.502765 13.228529
13 0.485793 2.227447 14.286362
14 0.30286 3.271754 15.342193
15 0.30076 3.600301 16.398798
16 0.210032 3.801323 17.458487
17 0.498436 2.064709 18.516333
18 0.357211 2.891872 19.57446
19 0.163736 4.351836 21.158065
20 0.590637 1.316513 22.229322
21 0.401047 2.86432 23.289025
22 0.333417 2.607192 24.348415
23 0.324337 2.587178 25.405944
24 0.614289 1.131112 26.462831
25 0.246448 3.715565 27.521224
26 0.319023 2.264082 28.578014
27 0.524301 1.466666 29.636276
28 0.491163 1.688586 30.692324
29 0.515477 1.260971 31.750278
30 0.666939 0.935929 32.809903
31 0.393796 2.133313 33.8685
32 0.457993 2.414137 34.926209
33 0.402586 1.915442 36.512486
34 0.218067 3.871585 37.568549
35 0.284228 3.301155 38.626341
36 0.3629 2.546214 39.683841
37 0.341883 2.55208 40.740999
38 0.300191 3.604932 41.797354
39 0.159429 4.003961 42.858599
40 0.680783 0.958719 43.915133
41 0.483655 1.611584 44.971639
42 0.15101 4.73362 46.030491
43 0.504769 1.475023 47.087325
44 0.470796 1.635019 48.143542
45 0.443757 1.919041 49.201234
46 0.209912 3.891844 50.782186
47 0.383941 2.664336 51.839901
48 0.143663 4.012213 52.897998
49 0.215764 3.65772 53.954247
50 0.292014 3.028578 55.016201
51 0.184935 4.045999 56.072635
52 0.435328 2.461504 57.129752
53 0.165808 3.961678 58.186839
54 0.329445 2.54299 59.243134
55 0.130795 4.404236 60.300028
56 0.111935 4.578899 61.356235
57 0.4836 2.172098 62.414007
58 0.466848 2.086337 63.471699
59 0.369788 2.384366 64.531143
60 0.318101 2.531227 66.12162
61 0.273782 3.206473 67.177221
62 0.402066 2.21799 68.234332
63 0.386413 2.725387 69.291385
64 0.213583 3.921391 70.34873
65 0.267906 2.948349 71.40492
66 0.635011 1.056907 72.46348
67 0.419421 2.426134 73.522548
68 0.326543 2.824385 74.581416
69 0.365179 2.150115 75.64064
70 0.354941 2.207765 76.697889
71 0.428399 2.480987 77.76104
72 0.330504 2.916952 78.817053
73 0.44001 2.346064 79.873963
74 0.57379 1.277623 81.467414
75 0.461089 1.696042 82.523607
76 0.35906 2.730993 83.581049
77 0.254028 3.261606 84.639023
78 0.407362 2.274621 85.696272
79 0.43825 2.271286 86.755494
80 0.441652 1.848399 87.812779
81 0.312144 3.438018 88.870601
82 0.449954 2.477385 89.92898
83 0.262897 3.362853 90.986376
84 0.418102 2.126381 92.045359
85 0.464211 1.956023 93.633775
86 0.438233 1.993875 94.691888
87 0.383726 1.839193 96.288403
88 0.464528 1.658212 97.346487
89 0.356342 2.27823 98.402818
90 0.1763 3.690559 99.460042
91 0.319575 3.108485 100.518119
92 0.2305 3.885743 101.575827
93 0.580228 1.144333 102.634677
94 0.592068 1.045655 103.69512
95 0.418913 2.587863 104.755501
96 0.728569 0.696669 105.814764
97 0.202695 3.61422 106.871712
98 0.536741 1.521028 107.942357
99 0.354374 2.505388 109.000381
100 0.643224 1.058926 110.060451
101 0.28971 2.956116 111.660237
102 0.263946 3.671263 112.71851
103 0.281015 2.979563 113.776956
104 0.330192 2.735873 114.835322
105 0.397283 2.693588 115.892135
106 0.299135 2.622369 116.948778
107 0.382488 2.415244 118.006112
108 0.244007 3.398691 119.063882
109 0.534166 1.656767 120.122796
110 0.20927 4.157091 121.17992
111 0.562595 1.191442 122.237374
112 0.437591 2.191064 123.296557
113 0.311703 2.97337 124.357039
114 0.246113 3.622954 125.959803
115 0.346285 2.367324 127.017226
116 0.554552 1.117995 128.075273
117 0.428931 2.439833 129.132797
118 0.347667 2.682525 130.191944
119 0.173662 4.463954 131.249287
120 0.343571 2.678834 132.310932
121 0.420485 1.965419 133.367708
122 0.307006 2.690363 134.425028
123 0.35029 2.716054 135.481239
124 0.285751 2.8467 136.540076
125 0.461835 1.821475 137.599622
126 0.425148 2.409013 138.660779
127 0.557456 1.260834 139.717756
128 0.57367 1.300439 141.32253
129 0.420994 2.107202 142.379022
130 0.263781 3.19579 143.436602
131 0.422581 1.852161 144.494104
132 0.246033 3.4337 145.554934
133 0.288945 2.612082 146.613233
134 0.232038 3.528738 147.671833
135 0.582375 1.308643 148.729907
136 0.330743 2.153593 149.787149
137 0.536507 1.585486 150.849435
138 0.141866 5.211496 151.906015
139 0.337395 2.80892 152.964113
140 0.187443 4.443358 154.02138
141 0.422608 2.789578 155.079164
142 0.419229 2.313789 156.689424
143 0.542041 2.172574 157.746025
144 0.244695 3.36974 158.804317
145 0.376805 2.585995 159.861299
146 0.344799 2.327444 160.918804
147 0.397892 2.102835 161.980013
148 0.155641 4.521078 163.039026
149 0.328119 2.630334 164.0967
150 0.361271 2.378341 165.154692
151 0.300021 2.764338 166.212485
152 0.415492 1.927843 167.276292
153 0.358011 2.2925 168.332307
154 0.408666 2.246187 169.388613
155 0.497113 1.826294 171.000201
156 0.332676 2.56118 172.057122
157 0.389373 2.415524 173.114861
158 0.437131 1.725654 174.176849
159 0.464408 2.62581 175.231761
160 0.432922 2.177326 176.289192
161 0.331828 2.580379 177.347672
162 0.643987 0.958837 178.403801
163 0.554268 1.306934 179.460518
164 0.521995 2.270046 180.516674
165 0.678085 0.790226 181.587679
166 0.377371 2.511958 182.64516
167 0.322232 2.926122 183.701123
168 0.52444 1.540328 184.75764
169 0.325291 2.397489 186.370446
170 0.109554 4.747395 187.427186
171 0.184736 4.098161 188.486875
172 0.656985 0.912753 189.544377
173 0.427152 2.400142 190.601594
174 0.167201 4.159295 191.660679
175 0.203201 3.786667 192.718417
176 0.41899 2.061327 193.776144
177 0.160378 4.268305 194.834444
178 0.544353 1.661992 195.89229
179 0.361686 3.057733 196.949818
180 0.316197 2.358799 198.006606
181 0.189164 3.665525 199.067691
182 0.378298 2.45319 200.126425
183 0.411503 2.548066 201.745967
184 0.346493 2.917458 202.809118
185 0.374494 1.898281 203.867804
186 0.504127 1.806333 204.92538
187 0.162014 4.381413 205.98206
188 0.348309 2.749681 207.039683
189 0.543312 1.575723 208.097153
190 0.631784 1.02271 209.16212
191 0.297478 3.087988 210.21751
192 0.304916 3.298067 211.273067
193 0.381163 2.875423 212.329264
194 0.203924 4.091235 213.389451
195 0.509106 1.783227 214.447847
196 0.185414 4.231716 216.067233
197 0.177808 4.22179 217.124141
198 0.209498 3.646688 218.1815
199 0.533381 1.438349 219.238398
200 0.530604 1.950059 220.295498
201 0.299436 3.121594 221.352743
202 0.300242 2.756795 222.410226
203 0.564514 1.610257 223.468925
204 0.207307 3.500801 224.525796
205 0.303044 2.584839 225.583161
206 0.474793 2.024156 226.639617
207 0.318284 2.798272 227.697016
208 0.191716 3.888666 228.753696
209 0.27295 2.801276 229.810208
210 0.523556 1.630076 231.434214
211 0.536775 1.628983 232.491584
212 0.600182 1.245935 233.54939
213 0.345129 2.270136 234.605925
214 0.497392 1.782302 235.663233
215 0.19984 3.950238 236.720648
216 0.245795 3.567324 237.778317
217 0.273764 3.165831 238.837187
218 0.374765 2.096628 239.894776
219 0.121854 4.468096 240.953295
220 0.11556 4.487453 242.012212
221 0.344171 2.524212 243.06943
222 0.408643 2.297256 244.126149
223 0.497018 2.322426 245.754088
224 0.469968 1.844828 246.814337
225 0.324896 2.842001 247.871736
226 0.480778 1.563115 248.929318
227 0.271656 2.910679 249.98672
228 0.386544 2.426614 251.044486
229 0.392676 2.027679 252.663612
230 0.110173 5.001067 253.722992
231 0.209884 3.695967 254.780217
232 0.558114 1.591196 255.839286
233 0.533821 1.898335 256.896348
234 0.433562 2.060619 257.954204
235 0.458626 2.064404 259.012158
236 0.258159 2.979379 260.070152
237 0.712228 0.749946 261.700642
238 0.120952 5.106785 262.758696
239 0.580692 1.274147 263.817673
240 0.331721 2.213917 264.874696
241 0.646923 0.942076 265.931835
242 0.486181 2.042746 266.989202
243 0.32405 3.327108 268.062366
244 0.380708 2.620651 269.119009
245 0.26059 3.486853 270.176943
246 0.592444 1.261439 271.234196
247 0.371264 2.46328 272.290929
248 0.174743 4.855748 273.349076
249 0.330712 2.351765 274.413029
250 0.27221 3.206062 276.046521
251 0.222701 3.464025 277.103956
252 0.273575 3.159949 278.161307
253 0.40289 1.945523 279.220807
254 0.367309 2.712272 280.278313
255 0.44163 1.886682 281.335427
256 0.205427 4.467724 282.392905
257 0.371288 2.205429 283.450622
258 0.486801 1.807018 284.508671
259 0.40702 2.101162 285.566673
260 0.439269 2.079699 286.63253
261 0.266154 3.488825 287.690188
262 0.38493 2.213106 288.746194
263 0.154869 4.724429 289.803547
264 0.487006 1.386795 291.436759
265 0.371319 3.182868 292.493347
266 0.300602 3.103994 293.550331
267 0.273065 3.377763 294.606789
268 0.281143 2.920665 295.664275
269 0.487997 2.0568 296.721073
270 0.301001 2.981699 297.778345
271 0.172616 4.11064 298.835076
272 0.38083 2.438118 299.892714
273 0.598334 1.508887 300.951858

