Learning Rates: 1e-05 0.0001 0.001 0.01 0.1 1 
Epoch & Fidelity & KL & Runtime 
1 0.267419 2.263934 1.078833
2 0.317608 1.975741 2.136217
3 0.366879 1.73318 3.188444
4 0.412413 1.535549 4.245416
5 0.453973 1.372679 5.298066
6 0.493863 1.229475 6.350457
7 0.530974 1.105702 7.404617
8 0.564534 1.000701 8.458423
9 0.594855 0.910875 9.522773
10 0.622644 0.832252 10.581125
11 0.648213 0.762937 11.635262
12 0.672447 0.699553 12.689342
13 0.694184 0.644504 13.744201
14 0.713972 0.595758 14.797806
15 0.731896 0.552761 15.852554
16 0.749852 0.510694 16.906701
17 0.766553 0.472413 17.959574
18 0.781447 0.438915 19.01442
19 0.795384 0.408147 20.069233
20 0.808219 0.380245 21.122175
21 0.81978 0.35549 22.173806
22 0.830647 0.332484 23.224125
23 0.840817 0.311244 24.298842
24 0.84999 0.292307 25.35524
25 0.858781 0.274363 26.408329
26 0.866968 0.257802 27.460232
27 0.874359 0.242981 28.516239
28 0.881163 0.22943 29.569168
29 0.887506 0.216893 30.625703
30 0.893139 0.205886 31.677616
31 0.898468 0.195486 32.729735
32 0.903033 0.186625 33.785345
33 0.908112 0.17685 34.837598
34 0.912952 0.167557 35.893971
35 0.917062 0.159723 36.946535
36 0.92147 0.151379 37.999733
37 0.925427 0.143885 39.087664
38 0.928737 0.137653 40.143417
39 0.931781 0.131944 41.201575
40 0.935072 0.125766 42.255863
41 0.937724 0.120835 43.331554
42 0.940304 0.116031 44.390343
43 0.943037 0.110963 45.448793
44 0.94538 0.106641 46.509845
45 0.947836 0.102116 47.564897
46 0.949845 0.098448 48.620077
47 0.951893 0.09469 49.679801
48 0.953849 0.091121 50.735556
49 0.95577 0.087616 51.793407
50 0.957567 0.084348 52.847854
51 0.959413 0.080997 53.944136
52 0.960888 0.07832 55.001728
53 0.962168 0.075993 56.055856
54 0.963461 0.07367 57.11534
55 0.964675 0.071475 58.170381
56 0.965932 0.069222 59.225432
57 0.966896 0.067498 60.284841
58 0.968075 0.065361 61.340201
59 0.968961 0.063782 62.395157
60 0.970082 0.061785 63.450662
61 0.971199 0.059797 64.505618
62 0.971969 0.058427 65.56339
63 0.972637 0.057257 66.619917
64 0.973311 0.056077 67.675252
65 0.974051 0.054759 68.780877
66 0.974728 0.053556 69.837276
67 0.975638 0.051942 70.895512
68 0.976154 0.051036 71.95121
69 0.976816 0.049883 73.011248
70 0.977409 0.04884 74.066927
71 0.97774 0.048251 75.120327
72 0.978142 0.047548 76.179081
73 0.97856 0.04681 77.233522
74 0.97893 0.046171 78.287839
75 0.979312 0.04549 79.343493
76 0.979749 0.044716 80.397865
77 0.980107 0.044092 81.454555
78 0.980668 0.043094 82.509527
79 0.981075 0.042384 83.624354
80 0.981383 0.041849 84.680367
81 0.981733 0.041239 85.737735
82 0.982047 0.040685 86.792426
83 0.982415 0.040049 87.849028
84 0.982717 0.039515 88.906357
85 0.982957 0.039092 89.962171
86 0.983169 0.038738 91.020233
87 0.983388 0.03836 92.073811
88 0.983454 0.038258 93.127471
89 0.983675 0.037874 94.183262
90 0.983932 0.037445 95.23525
91 0.984134 0.037088 96.29038
92 0.984436 0.036559 97.343698
93 0.9846 0.036285 98.398192
94 0.984677 0.036157 99.518328
95 0.98475 0.036041 100.572161
96 0.984932 0.035736 101.629754
97 0.985031 0.035578 102.684757
98 0.985199 0.035291 103.739164
99 0.985382 0.034977 104.795777
100 0.985528 0.03472 105.845012
101 0.985555 0.0347 106.896735
102 0.985647 0.034553 107.945487
103 0.985667 0.034513 108.99421
104 0.985734 0.034406 110.045068
105 0.985775 0.034346 111.094123
106 0.98582 0.034278 112.144849
107 0.985962 0.034015 113.194246
108 0.986092 0.03378 114.341897
109 0.98619 0.033613 115.390916
110 0.98624 0.033538 116.441744
111 0.986288 0.033466 117.493
112 0.986314 0.033418 118.54101
113 0.986328 0.033408 119.589384
114 0.986361 0.033341 120.642215
115 0.986445 0.033219 121.69137
116 0.986536 0.033052 122.742869
117 0.9866 0.032953 123.792576
118 0.986657 0.032848 124.841847
119 0.986709 0.032759 125.890502
120 0.986771 0.032642 126.939438
121 0.986782 0.032629 127.989559
122 0.986847 0.032508 129.119609
123 0.986939 0.03236 130.167624
124 0.986964 0.032309 131.216129
125 0.987053 0.032155 132.264845
126 0.987185 0.031918 133.313376
127 0.987233 0.031828 134.374026
128 0.987243 0.031841 135.421871
129 0.987224 0.031879 136.468406
130 0.987144 0.032035 137.515324
131 0.987192 0.031961 138.565487
132 0.987276 0.031821 139.613932
133 0.987349 0.031686 140.662062
134 0.987357 0.031676 141.710542
135 0.987426 0.031552 142.757294
136 0.987477 0.031466 143.894952
137 0.987507 0.031408 144.947648
138 0.987538 0.031366 145.99617
139 0.987657 0.031138 147.046077
140 0.987618 0.031226 148.094838
141 0.987702 0.031075 149.146711
142 0.987796 0.030918 150.197662
143 0.987873 0.030778 151.246114
144 0.987934 0.030691 152.295569
145 0.987964 0.030659 153.345083
146 0.987932 0.030718 154.409413
147 0.987989 0.030599 155.457653
148 0.988005 0.030558 156.512391
149 0.988024 0.030546 157.561289
150 0.988062 0.030474 158.70441
151 0.988172 0.030299 159.75539
152 0.988264 0.030148 160.804375
153 0.988211 0.030238 161.853396
154 0.988192 0.030264 162.906738
155 0.988153 0.030339 163.95676
156 0.988146 0.030368 165.006291
157 0.988125 0.030417 166.053706
158 0.988102 0.030454 167.101679
159 0.988113 0.030431 168.150449
160 0.988152 0.030356 169.202937
161 0.988205 0.03026 170.252004
162 0.988202 0.030268 171.302562
163 0.98824 0.030188 172.351717
164 0.988266 0.030141 173.40089
165 0.988359 0.029977 174.570625
166 0.988418 0.029882 175.619813
167 0.98839 0.029922 176.667077
168 0.988393 0.029925 177.714702
169 0.988424 0.02986 178.763523
170 0.988443 0.029819 179.814492
171 0.988488 0.029742 180.86568
172 0.988472 0.02978 181.915281
173 0.988517 0.029709 182.964193
174 0.988536 0.029677 184.026587
175 0.988512 0.029734 185.079879
176 0.98855 0.029657 186.130241
177 0.98855 0.029666 187.181192
178 0.988595 0.02958 188.233181
179 0.988515 0.02973 189.394478
180 0.988471 0.029818 190.570234
181 0.988472 0.029818 191.623463
182 0.988514 0.029729 192.672387
183 0.988464 0.029839 193.720452
184 0.988458 0.029844 194.770051
185 0.988459 0.029835 195.821257
186 0.988435 0.029893 196.868091
187 0.988432 0.029915 197.919271
188 0.988449 0.029884 198.966518
189 0.988412 0.029948 200.015404
190 0.988439 0.029911 201.066056
191 0.988473 0.029834 202.114216
192 0.988435 0.029931 203.163385
193 0.988448 0.02989 204.342483
194 0.988462 0.029871 205.391438
195 0.988509 0.029772 206.440675
196 0.988559 0.029665 207.488184
197 0.988566 0.029667 208.536963
198 0.988594 0.029627 209.585857
199 0.988635 0.029559 210.637388
200 0.988561 0.029693 211.687414
201 0.988605 0.029614 212.733438
202 0.988679 0.029463 213.781482
203 0.988628 0.029565 214.832856
204 0.988631 0.029556 215.880315
205 0.988676 0.029469 216.93188
206 0.988628 0.029573 217.982043
207 0.98865 0.029542 219.155276
208 0.988677 0.029494 220.204818
209 0.988696 0.029471 221.254092
210 0.988657 0.02953 222.306196
211 0.988686 0.029488 223.354192
212 0.988693 0.029481 224.416995
213 0.9887 0.02946 225.467011
214 0.988716 0.029428 226.517157
215 0.988788 0.029298 227.566347
216 0.988748 0.029371 228.614071
217 0.988754 0.029365 229.662565
218 0.988783 0.029324 230.710282
219 0.988745 0.029405 231.759167
220 0.988718 0.029453 232.811123
221 0.988749 0.029401 233.990219
222 0.988768 0.029369 235.040487
223 0.988789 0.029343 236.090979
224 0.988798 0.029324 237.139585
225 0.988851 0.029243 238.192007
226 0.98884 0.029257 239.240088
227 0.988907 0.029128 240.289979
228 0.988895 0.029149 241.338224
229 0.9889 0.02915 242.387466
230 0.988888 0.029195 243.438819
231 0.988911 0.029155 244.502674
232 0.988929 0.029103 245.550546
233 0.988954 0.029055 246.598381
234 0.988995 0.02898 247.64606
235 0.989007 0.02896 248.834178
236 0.989087 0.0288 249.882183
237 0.989058 0.028843 250.931353
238 0.989065 0.028833 251.9822
239 0.989103 0.028769 253.17079
240 0.989063 0.028853 254.232619
241 0.989059 0.02887 255.279893
242 0.989007 0.028961 256.328096
243 0.989046 0.028882 257.377015
244 0.989082 0.028808 258.427523
245 0.989072 0.028844 259.475132
246 0.989088 0.028805 260.523431
247 0.989078 0.028801 261.585497
248 0.989114 0.028716 262.633828
249 0.989117 0.028698 263.82814
250 0.989134 0.028665 264.87759
251 0.989162 0.028613 265.926839
252 0.989168 0.028586 266.975717
253 0.9892 0.02853 268.027099
254 0.989225 0.028474 269.076895
255 0.989258 0.028415 270.124922
256 0.989296 0.028362 271.172591
257 0.989301 0.028365 272.219435
258 0.989284 0.028405 273.268292
259 0.989236 0.02851 274.332127
260 0.989273 0.028433 275.380073
261 0.989273 0.028442 276.427262
262 0.989252 0.028472 277.474681
263 0.989262 0.02845 278.672545
264 0.989281 0.028413 279.724852
265 0.989285 0.028409 280.774785
266 0.989305 0.028369 281.823568
267 0.989226 0.028511 282.872516
268 0.989205 0.028563 283.920201
269 0.989246 0.028491 284.970006
270 0.98923 0.028494 286.017628
271 0.989215 0.028539 287.067693
272 0.989163 0.028645 288.117792
273 0.9892 0.028581 289.166406
274 0.989209 0.028569 290.218117
275 0.989186 0.028608 291.267358
276 0.989171 0.028635 292.315455
277 0.989154 0.028659 293.365001
278 0.98917 0.028624 294.586858
279 0.989199 0.028568 295.63642
280 0.989171 0.028641 296.685632
281 0.989134 0.028711 297.733204
282 0.98921 0.028566 298.782272
283 0.989224 0.028544 299.830621
284 0.989225 0.028542 300.881335

Epoch & Fidelity & KL & Runtime 
1 0.618639 0.84456 1.047693
2 0.811711 0.3718 2.1002
3 0.89839 0.194197 3.15202
4 0.9381 0.119127 4.204542
5 0.959632 0.079622 5.258453
6 0.971708 0.058214 6.308606
7 0.976144 0.050529 7.360362
8 0.979138 0.045281 8.57818
9 0.98362 0.037804 9.630245
10 0.984486 0.036448 10.683299
11 0.98471 0.036096 11.734462
12 0.984445 0.036511 12.786021
13 0.985529 0.034711 13.850187
14 0.9863 0.033389 14.902894
15 0.986065 0.033912 15.954532
16 0.986518 0.03312 17.00385
17 0.986703 0.032777 18.053192
18 0.987213 0.031792 19.102872
19 0.987055 0.032173 20.151306
20 0.9872 0.031903 21.205122
21 0.987288 0.031677 22.255897
22 0.986873 0.032459 23.49249
23 0.986406 0.033284 24.542608
24 0.986243 0.033593 25.592111
25 0.986343 0.033313 26.643736
26 0.986461 0.033141 27.693505
27 0.985981 0.034053 28.757276
28 0.98581 0.034245 29.80697
29 0.985607 0.034843 30.858405
30 0.985907 0.034343 31.911453
31 0.985779 0.034663 32.961599
32 0.985518 0.034957 34.014257
33 0.984748 0.036385 35.065158
34 0.985365 0.035373 36.117122
35 0.986541 0.033117 37.172969
36 0.98659 0.032982 38.402965
37 0.987058 0.032256 39.453214
38 0.986786 0.032618 40.502625
39 0.987428 0.031334 41.557582
40 0.986864 0.032431 42.608714
41 0.987058 0.03217 43.672153
42 0.986767 0.032774 44.721332
43 0.987143 0.032145 45.771912
44 0.987107 0.032126 46.824922
45 0.987274 0.031757 47.874323
46 0.987509 0.031316 48.924695
47 0.988313 0.029878 49.975411
48 0.987691 0.031044 51.02794
49 0.988698 0.029251 52.080079
50 0.988796 0.029049 53.328008
51 0.988803 0.029082 54.378481
52 0.989022 0.028636 55.428492
53 0.988687 0.029268 56.481241
54 0.989211 0.028379 57.534333
55 0.989365 0.028167 58.586047
56 0.989059 0.028798 59.639054
57 0.989142 0.028578 60.691852
58 0.989412 0.028037 61.743686
59 0.989016 0.028879 62.798668
60 0.989335 0.028329 63.863184
61 0.989611 0.027875 64.91379
62 0.988918 0.029178 65.972578
63 0.989458 0.028055 67.027092
64 0.989323 0.028327 68.273808
65 0.98944 0.027997 69.324046
66 0.989192 0.028554 70.374804
67 0.989199 0.028497 71.42637
68 0.989048 0.028846 72.477883
69 0.98917 0.02857 73.544252
70 0.98893 0.029111 74.594208
71 0.98907 0.028725 75.642931
72 0.989241 0.028509 76.694211
73 0.989673 0.027622 77.744881
74 0.989185 0.028543 78.797404
75 0.988776 0.029321 79.850417
76 0.989324 0.028165 80.903185
77 0.989789 0.027346 81.953433
78 0.989664 0.02762 83.204634
79 0.989838 0.0273 84.257582
80 0.989421 0.027972 85.311627
81 0.98923 0.028294 86.360415
82 0.989611 0.027709 87.411358
83 0.989545 0.027813 88.462466
84 0.988761 0.029307 89.718036
85 0.988797 0.029351 90.769748
86 0.988154 0.030651 91.822451
87 0.988798 0.029414 92.873333
88 0.989422 0.028261 93.940286
89 0.989699 0.027684 94.995534
90 0.989889 0.02723 96.047217
91 0.989782 0.02746 97.096852
92 0.990162 0.026804 98.356061
93 0.9901 0.026787 99.408011
94 0.990324 0.026423 100.460986
95 0.9902 0.026574 101.510929
96 0.990918 0.025238 102.562953
97 0.990814 0.025483 103.625534
98 0.990635 0.02587 104.675595
99 0.990112 0.026765 105.740582
100 0.990404 0.026286 106.794989
101 0.990319 0.026533 107.846693
102 0.99038 0.026419 108.8963
103 0.990405 0.026375 109.948105
104 0.990296 0.026548 111.000454
105 0.99043 0.026237 112.051921
106 0.990241 0.026561 113.317731
107 0.990212 0.026683 114.368279
108 0.990694 0.025682 115.420112
109 0.990561 0.025969 116.472866
110 0.990752 0.025657 117.525177
111 0.990761 0.025648 118.575363
112 0.990449 0.026173 119.628208
113 0.99032 0.026428 120.683131
114 0.990396 0.026381 121.734106
115 0.990155 0.02683 122.783483
116 0.989299 0.028519 123.847751
117 0.99043 0.026421 124.898315
118 0.990532 0.026233 125.953209
119 0.990921 0.025496 127.006299
120 0.99115 0.02516 128.277928
121 0.991082 0.025381 129.3307
122 0.990943 0.025464 130.380115
123 0.991168 0.02509 131.432491
124 0.990926 0.025601 132.484911
125 0.991496 0.024499 133.548512
126 0.991101 0.025262 134.600082
127 0.991413 0.02469 135.650128
128 0.991046 0.025428 136.703901
129 0.99133 0.024851 137.755558
130 0.991149 0.02504 138.809664
131 0.991127 0.025172 139.863352
132 0.991255 0.02493 140.915914
133 0.990931 0.025567 141.97435
134 0.991466 0.024471 143.253962
135 0.991192 0.024983 144.308668
136 0.991271 0.024813 145.36015
137 0.990143 0.026878 146.414194
138 0.991339 0.024575 147.473255
139 0.991417 0.024371 148.526515
140 0.990413 0.026273 149.578249
141 0.990884 0.025354 150.628713
142 0.990766 0.025625 151.679848
143 0.990989 0.025233 152.737131
144 0.991645 0.023998 153.802259
145 0.991778 0.02381 154.851855
146 0.99169 0.02398 155.904409
147 0.99098 0.025386 156.954501
148 0.991716 0.024048 158.241411
149 0.991161 0.025056 159.29318
150 0.990882 0.025655 160.345518
151 0.991481 0.024534 161.39929
152 0.991143 0.025179 162.451121
153 0.990269 0.026935 163.519587
154 0.98984 0.027758 164.570083
155 0.990087 0.027275 165.625785
156 0.990307 0.02688 166.679664
157 0.99093 0.025638 167.730434
158 0.990922 0.02574 168.789113
159 0.992165 0.023287 169.842868
160 0.991001 0.02565 170.898418
161 0.991118 0.025358 171.951115
162 0.991161 0.025294 173.242461
163 0.99102 0.025657 174.29677
164 0.990462 0.026641 175.346879
165 0.991754 0.024153 176.39815
166 0.991905 0.023869 177.460601
167 0.991745 0.024028 178.511138
168 0.991398 0.024747 179.565973
169 0.991309 0.024926 180.615989
170 0.991558 0.024451 181.666482
171 0.991393 0.024737 182.717953
172 0.991707 0.024071 183.783745
173 0.991896 0.023729 184.836398
174 0.991513 0.024512 185.890068
175 0.990906 0.02562 186.942475
176 0.990674 0.026112 188.238018
177 0.990317 0.026802 189.291804
178 0.990382 0.026719 190.344021
179 0.989944 0.027529 191.394717
180 0.990187 0.026978 192.44628
181 0.990203 0.026832 193.753173
182 0.990069 0.027031 194.806504
183 0.991031 0.025299 195.863371
184 0.990693 0.026039 196.914405
185 0.990668 0.026218 197.964429
186 0.991522 0.024572 199.01415
187 0.991138 0.025238 200.065514
188 0.991397 0.024781 201.1177
189 0.991815 0.023926 202.166625
190 0.991581 0.024296 203.465333
191 0.991633 0.024321 204.515343
192 0.991047 0.025456 205.567248
193 0.990612 0.02633 206.618934
194 0.990605 0.026281 207.671665
195 0.990938 0.025651 208.725956
196 0.991618 0.024358 209.777241
197 0.99187 0.023751 210.829442
198 0.991618 0.024362 211.881068
199 0.990961 0.025616 212.930824
200 0.991223 0.025109 213.995149
201 0.992115 0.023517 215.045021
202 0.991528 0.024635 216.097274
203 0.991592 0.024408 217.151255
204 0.991321 0.024914 218.455454
205 0.991348 0.02485 219.509237
206 0.992333 0.023006 220.559779
207 0.991788 0.023943 221.612312
208 0.992595 0.022411 222.670233
209 0.992056 0.023478 223.733593
210 0.99147 0.024575 224.783784
211 0.991733 0.02412 225.833738
212 0.991435 0.024848 226.887356
213 0.991533 0.024743 227.940561
214 0.991598 0.024516 228.991536
215 0.992078 0.023615 230.041867
216 0.991977 0.023774 231.090967
217 0.991817 0.024096 232.142795
218 0.991958 0.023698 233.452931
219 0.992068 0.023546 234.503125
220 0.991401 0.024699 235.553633
221 0.991561 0.024494 236.604287
222 0.99152 0.02464 237.654622
223 0.991947 0.023799 238.705369
224 0.99169 0.024275 239.75932
225 0.991755 0.024176 240.809104
226 0.992147 0.023478 241.862564
227 0.99285 0.022159 242.913612
228 0.992697 0.022448 243.97521
229 0.992049 0.023642 245.026482
230 0.99268 0.022474 246.076378
231 0.992272 0.023202 247.128581
232 0.99217 0.023356 248.440681
233 0.991626 0.024408 249.490201
234 0.992153 0.023358 250.538828
235 0.992205 0.023396 251.588099
236 0.992602 0.022645 252.644399
237 0.992877 0.022086 253.709068
238 0.992374 0.023075 254.770895
239 0.992204 0.023343 256.083594
240 0.991473 0.024675 257.132828
241 0.992042 0.023525 258.18455
242 0.991981 0.023738 259.235756
243 0.991491 0.024685 260.287274
244 0.990591 0.026341 261.339414
245 0.99092 0.025742 262.390247
246 0.990633 0.026153 263.727141
247 0.991083 0.025366 264.779267
248 0.991039 0.025525 265.830666
249 0.991324 0.024951 266.883635
250 0.991294 0.024968 267.93712
251 0.991732 0.024077 268.98868
252 0.991865 0.023871 270.039591
253 0.992185 0.023305 271.092129
254 0.992112 0.023441 272.14237
255 0.992245 0.023308 273.1931
256 0.992457 0.022992 274.260592
257 0.992332 0.023233 275.311181
258 0.992012 0.023877 276.362977
259 0.99129 0.025143 277.41474
260 0.991169 0.025396 278.741134
261 0.991436 0.024892 279.794982
262 0.991344 0.025004 280.846222
263 0.991109 0.025479 281.896046
264 0.991148 0.025428 282.945691
265 0.990959 0.025868 284.009241
266 0.991882 0.024111 285.06029
267 0.992726 0.022542 286.111136
268 0.992163 0.023651 287.165175
269 0.99246 0.022994 288.216517
270 0.992598 0.022708 289.269505
271 0.99217 0.023553 290.320051
272 0.992175 0.023572 291.369508
273 0.992188 0.023579 292.419153
274 0.992456 0.023055 293.767029
275 0.992815 0.022369 294.821655
276 0.992571 0.022785 295.874128
277 0.992793 0.02234 296.927069
278 0.992594 0.022615 297.980613
279 0.992382 0.023204 299.031178
280 0.992362 0.023196 300.085517

Epoch & Fidelity & KL & Runtime 
1 0.980003 0.044591 1.052848
2 0.986608 0.033745 2.106127
3 0.985994 0.03501 3.158978
4 0.989525 0.02818 4.224996
5 0.980495 0.045787 5.276982
6 0.979782 0.048065 6.328048
7 0.988107 0.031461 7.37971
8 0.988104 0.030588 8.718894
9 0.988578 0.030065 9.769894
10 0.986688 0.034533 10.822562
11 0.985329 0.036766 11.873663
12 0.988836 0.030226 12.92573
13 0.985125 0.036963 13.990201
14 0.986898 0.034238 15.041058
15 0.986382 0.034682 16.093043
16 0.982421 0.043068 17.144044
17 0.989392 0.029258 18.194036
18 0.985983 0.036286 19.243899
19 0.989564 0.028636 20.295479
20 0.988629 0.030747 21.347645
21 0.985978 0.036272 22.398877
22 0.985713 0.036083 23.770201
23 0.98997 0.028097 24.821465
24 0.989061 0.029919 25.870596
25 0.991737 0.02441 26.921457
26 0.987208 0.03357 27.975821
27 0.983634 0.040821 29.027843
28 0.983331 0.041581 30.079404
29 0.990195 0.027303 31.128838
30 0.982874 0.041901 32.180945
31 0.988023 0.031743 33.230138
32 0.990277 0.027299 34.289117
33 0.982162 0.043643 35.340964
34 0.990631 0.026465 36.390139
35 0.986079 0.03594 37.442685
36 0.987593 0.032771 38.789134
37 0.988003 0.031558 39.839649
38 0.980688 0.046321 40.890369
39 0.985526 0.036556 41.944476
40 0.987743 0.032262 42.99545
41 0.989179 0.029294 44.058994
42 0.985073 0.036753 45.110679
43 0.988518 0.031282 46.161959
44 0.986431 0.034985 47.217205
45 0.98554 0.037309 48.267622
46 0.983002 0.041903 49.316437
47 0.98667 0.034837 50.367439
48 0.986339 0.034671 51.416264
49 0.989072 0.030036 52.766508
50 0.980182 0.047847 53.836604
51 0.987885 0.032225 54.887774
52 0.985793 0.036579 55.937345
53 0.981336 0.044665 56.987686
54 0.981776 0.044717 58.042832
55 0.987915 0.032723 59.095295
56 0.987026 0.034148 60.14513
57 0.986327 0.035746 61.197094
58 0.985202 0.037309 62.247472
59 0.987373 0.033667 63.303314
60 0.983729 0.040063 64.353752
61 0.984966 0.038343 65.405402
62 0.985822 0.036543 66.456671
63 0.980535 0.046924 67.813311
64 0.988118 0.031765 68.86686
65 0.978457 0.049978 69.917958
66 0.985522 0.036798 70.969812
67 0.981823 0.04325 72.020758
68 0.988528 0.031162 73.070114
69 0.979363 0.049551 74.134128
70 0.987141 0.033172 75.184094
71 0.987285 0.033629 76.233338
72 0.985185 0.037636 77.284936
73 0.986818 0.034633 78.335395
74 0.987912 0.03239 79.386161
75 0.981635 0.044688 80.435729
76 0.982035 0.044542 81.487629
77 0.981488 0.044962 82.84646
78 0.987311 0.032968 83.912771
79 0.987907 0.031948 84.964066
80 0.988556 0.031221 86.015241
81 0.987091 0.033484 87.064867
82 0.98349 0.040926 88.118754
83 0.983928 0.039934 89.170163
84 0.988431 0.031206 90.22288
85 0.981577 0.044812 91.277352
86 0.989536 0.029271 92.639199
87 0.985247 0.037708 93.704139
88 0.984582 0.038741 94.758635
89 0.989841 0.028349 95.82295
90 0.988431 0.03156 96.872673
91 0.984641 0.03875 98.235875
92 0.986343 0.034661 99.285248
93 0.986088 0.036056 100.336075
94 0.989036 0.029852 101.385104
95 0.984586 0.038557 102.434481
96 0.987103 0.033444 103.485222
97 0.984466 0.039295 104.537193
98 0.986887 0.034268 105.587885
99 0.983156 0.041423 106.637184
100 0.986788 0.034536 107.687726
101 0.982322 0.043499 108.7376
102 0.980951 0.045714 109.787933
103 0.986285 0.035218 110.840442
104 0.98554 0.036362 111.892348
105 0.982369 0.043105 113.264261
106 0.98374 0.040673 114.328972
107 0.98482 0.038504 115.38045
108 0.979136 0.04955 116.43189
109 0.987368 0.033176 117.48421
110 0.98428 0.04025 118.534758
111 0.986009 0.036298 119.584177
112 0.985041 0.038007 120.633303
113 0.984299 0.039449 121.686428
114 0.985693 0.036273 122.735018
115 0.985024 0.037507 123.80013
116 0.981136 0.045109 124.850676
117 0.987023 0.034116 125.902166
118 0.984896 0.03798 126.955886
119 0.989251 0.02999 128.335414
120 0.985014 0.038026 129.387044
121 0.98695 0.034499 130.437549
122 0.987456 0.033626 131.488947
123 0.988971 0.030435 132.540729
124 0.983046 0.041977 133.595117
125 0.98732 0.033494 134.646336
126 0.985778 0.037248 135.696215
127 0.985304 0.037391 136.74647
128 0.987959 0.032479 137.797932
129 0.984198 0.040317 138.848065
130 0.988452 0.03106 139.903578
131 0.988689 0.030945 140.954354
132 0.986927 0.034803 142.006124
133 0.982604 0.042677 143.390932
134 0.980048 0.047371 144.445096
135 0.987486 0.033506 145.498673
136 0.976502 0.05398 146.550085
137 0.986619 0.035284 147.603155
138 0.987652 0.032894 148.654051
139 0.985869 0.036173 149.705797
140 0.988316 0.031536 150.756907
141 0.985948 0.036075 151.8088
142 0.984449 0.038945 152.864097
143 0.985295 0.037422 153.926569
144 0.987813 0.032554 154.977233
145 0.982796 0.043005 156.027369
146 0.985198 0.037731 157.076853
147 0.9841 0.039983 158.460991
148 0.985459 0.036919 159.511007
149 0.986113 0.036477 160.561611
150 0.987463 0.033659 161.614498
151 0.983409 0.041385 162.665977
152 0.98243 0.042389 163.732681
153 0.98725 0.033865 164.784818
154 0.984568 0.038368 165.834542
155 0.98291 0.042305 166.884607
156 0.983249 0.041069 167.935958
157 0.987871 0.032376 168.987735
158 0.978636 0.050619 170.038443
159 0.984293 0.039392 171.08814
160 0.986091 0.035773 172.140759
161 0.982965 0.041992 173.545507
162 0.98478 0.038372 174.598714
163 0.986143 0.036177 175.653394
164 0.986829 0.03424 176.704617
165 0.985591 0.03706 177.754589
166 0.985927 0.036397 178.805008
167 0.989004 0.030282 179.855451
168 0.986472 0.035151 180.905058
169 0.986826 0.035109 181.95453
170 0.988216 0.03247 183.005023
171 0.986615 0.034837 184.071178
172 0.985288 0.037038 185.125133
173 0.985014 0.037817 186.176631
174 0.984129 0.039757 187.229466
175 0.988621 0.030995 188.629067
176 0.981599 0.044405 189.678096
177 0.984799 0.038443 190.729591
178 0.985723 0.036239 191.779527
179 0.983336 0.041462 192.829505
180 0.983426 0.041447 193.890732
181 0.98634 0.035714 194.941049
182 0.986754 0.034861 195.992002
183 0.987064 0.034503 197.040645
184 0.986752 0.034603 198.090622
185 0.983049 0.041278 199.141136
186 0.985873 0.036781 200.192061
187 0.986351 0.035203 201.240717
188 0.988434 0.031284 202.288634
189 0.986883 0.034647 203.689978
190 0.987044 0.034325 204.739571
191 0.985453 0.037267 205.791049
192 0.986169 0.036077 206.840301
193 0.987601 0.033245 207.89069
194 0.984469 0.039704 208.941248
195 0.987869 0.032604 209.994352
196 0.98653 0.035227 211.04382
197 0.984659 0.038709 212.094509
198 0.983659 0.040448 213.143699
199 0.983995 0.040053 214.20785
200 0.986936 0.034701 215.25868
201 0.985599 0.037155 216.309661
202 0.985998 0.036017 217.360314
203 0.986884 0.034676 218.767481
204 0.98932 0.029641 219.818505
205 0.98484 0.038863 220.869705
206 0.988038 0.032202 221.923317
207 0.988072 0.031882 222.973099
208 0.985936 0.036011 224.03859
209 0.982466 0.042955 225.08787
210 0.986295 0.035484 226.135747
211 0.986249 0.035555 227.186127
212 0.985629 0.03727 228.235346
213 0.987992 0.032302 229.28652
214 0.987301 0.033535 230.337124
215 0.987619 0.033091 231.389046
216 0.986531 0.034953 232.441009
217 0.986519 0.035333 233.864642
218 0.988782 0.030632 234.916136
219 0.987862 0.032177 235.965668
220 0.981438 0.045523 237.017824
221 0.984218 0.040369 238.069549
222 0.988734 0.03071 239.121919
223 0.986048 0.036363 240.179975
224 0.983628 0.040442 241.229077
225 0.986939 0.034277 242.277525
226 0.983098 0.042839 243.330589
227 0.98649 0.035164 244.396086
228 0.986545 0.035758 245.463264
229 0.989274 0.029696 246.512054
230 0.984762 0.039036 247.918646
231 0.981908 0.044066 248.970526
232 0.983869 0.040403 250.019324
233 0.989199 0.030169 251.071514
234 0.988876 0.030687 252.12375
235 0.988875 0.030518 253.176862
236 0.983411 0.040944 254.242191
237 0.982718 0.042799 255.650919
238 0.988128 0.03184 256.700595
239 0.98313 0.042033 257.750287
240 0.985818 0.036293 258.803178
241 0.987656 0.032901 259.854365
242 0.988964 0.030123 260.903154
243 0.986998 0.034384 261.955044
244 0.982584 0.043285 263.367433
245 0.982037 0.044245 264.432179
246 0.986417 0.035337 265.48233
247 0.98403 0.039823 266.532077
248 0.988015 0.031968 267.582421
249 0.988275 0.031648 268.633455
250 0.98653 0.035258 269.685045
251 0.985665 0.037401 270.73562
252 0.984849 0.038866 271.786331
253 0.985795 0.036502 272.838353
254 0.984479 0.03894 273.901687
255 0.984795 0.038665 274.955786
256 0.98786 0.032482 276.006108
257 0.986881 0.034593 277.056509
258 0.97766 0.052645 278.476553
259 0.988981 0.030144 279.528314
260 0.988393 0.031252 280.583186
261 0.986053 0.036074 281.633876
262 0.985552 0.037472 282.686193
263 0.987248 0.03388 283.740034
264 0.986195 0.036001 284.790074
265 0.986475 0.035129 285.843084
266 0.986669 0.034788 286.892236
267 0.987347 0.03338 287.941468
268 0.986964 0.034125 288.991828
269 0.983936 0.040013 290.041462
270 0.986551 0.035093 291.091426
271 0.982287 0.043027 292.141501
272 0.982981 0.041403 293.559387
273 0.98448 0.039739 294.617334
274 0.987671 0.033155 295.668457
275 0.986453 0.035159 296.719313
276 0.987246 0.034104 297.772556
277 0.985988 0.036158 298.825127
278 0.985533 0.037206 299.880888
279 0.982575 0.042947 300.931706

Epoch & Fidelity & KL & Runtime 
1 0.962955 0.079249 1.053488
2 0.929409 0.156231 2.105392
3 0.96294 0.083692 3.166682
4 0.952861 0.105471 4.218724
5 0.967366 0.076183 5.26932
6 0.975693 0.055732 6.320754
7 0.951801 0.103904 7.746974
8 0.985093 0.037627 8.79935
9 0.923464 0.157229 9.849261
10 0.954861 0.102179 10.900987
11 0.964943 0.078427 11.952369
12 0.937137 0.140615 13.014355
13 0.982081 0.043182 14.063164
14 0.97383 0.060891 15.116021
15 0.979867 0.047366 16.1671
16 0.958781 0.086503 17.215199
17 0.976436 0.054921 18.266901
18 0.97752 0.054502 19.314998
19 0.970364 0.071222 20.37853
20 0.940583 0.123674 21.432994
21 0.979308 0.048926 22.863985
22 0.971811 0.063745 23.916202
23 0.976499 0.055661 24.96802
24 0.960762 0.087922 26.021179
25 0.966265 0.073275 27.073215
26 0.976304 0.056478 28.124364
27 0.94177 0.121513 29.174968
28 0.949526 0.111744 30.22561
29 0.958484 0.093502 31.275785
30 0.975867 0.056345 32.326863
31 0.964528 0.081881 33.388028
32 0.96931 0.068634 34.43734
33 0.977977 0.051079 35.485919
34 0.978208 0.052682 36.915627
35 0.9527 0.10415 37.966151
36 0.960758 0.09088 39.01499
37 0.952301 0.101402 40.06414
38 0.963535 0.078006 41.11496
39 0.97365 0.061048 42.163875
40 0.970182 0.069047 43.225971
41 0.954798 0.098388 44.277167
42 0.973681 0.06074 45.329093
43 0.950006 0.109634 46.377723
44 0.951964 0.104123 47.426737
45 0.976124 0.056077 48.474886
46 0.980702 0.047316 49.524964
47 0.967677 0.07239 50.57485
48 0.963978 0.08053 52.005569
49 0.975354 0.059365 53.068105
50 0.941159 0.123187 54.120286
51 0.95632 0.09555 55.168864
52 0.964015 0.076604 56.223557
53 0.974983 0.059318 57.274035
54 0.965039 0.076795 58.322935
55 0.961795 0.086407 59.372819
56 0.974022 0.062382 60.422232
57 0.963309 0.081995 61.474498
58 0.977672 0.053868 62.533094
59 0.963517 0.080886 63.59659
60 0.966832 0.075457 64.644654
61 0.926029 0.158995 65.695499
62 0.93417 0.144833 67.131487
63 0.959961 0.092312 68.183249
64 0.973056 0.063989 69.234663
65 0.928474 0.157512 70.285
66 0.960592 0.086108 71.33584
67 0.970065 0.069567 72.387371
68 0.96856 0.074333 73.450305
69 0.979309 0.050862 74.501832
70 0.946208 0.112667 75.552739
71 0.954855 0.096526 76.601337
72 0.933861 0.136962 77.652049
73 0.971933 0.065033 78.703698
74 0.972333 0.062844 79.756276
75 0.980907 0.047443 80.807358
76 0.975688 0.057898 82.249661
77 0.9729 0.059063 83.312946
78 0.948101 0.10946 84.362266
79 0.962844 0.081349 85.414679
80 0.96067 0.086768 86.463721
81 0.968797 0.070023 87.51283
82 0.953834 0.101633 88.561349
83 0.971291 0.063897 89.611183
84 0.944552 0.122138 90.660974
85 0.976392 0.055194 92.100042
86 0.975777 0.057207 93.162746
87 0.972911 0.059881 94.211564
88 0.96716 0.071223 95.25998
89 0.965972 0.075762 96.312513
90 0.96975 0.068562 97.75596
91 0.963182 0.083206 98.821102
92 0.945408 0.119362 99.871724
93 0.974558 0.058861 100.923641
94 0.977497 0.05399 101.973379
95 0.969023 0.06929 103.021714
96 0.92041 0.157149 104.071766
97 0.971943 0.063935 105.120698
98 0.974782 0.059715 106.168711
99 0.967303 0.071655 107.219587
100 0.979724 0.04743 108.2675
101 0.974907 0.056463 109.316192
102 0.974003 0.061083 110.366675
103 0.968392 0.069138 111.415841
104 0.97275 0.064429 112.863854
105 0.981845 0.045162 113.914313
106 0.974763 0.060035 114.965492
107 0.964147 0.078352 116.015028
108 0.932035 0.149324 117.064109
109 0.968806 0.072024 118.115232
110 0.958259 0.088682 119.164399
111 0.962603 0.082969 120.213018
112 0.967236 0.073265 121.261739
113 0.981549 0.044258 122.313805
114 0.963186 0.083242 123.375134
115 0.964222 0.081234 124.424568
116 0.915909 0.173723 125.472827
117 0.959938 0.089957 126.921228
118 0.974515 0.059226 127.97225
119 0.967132 0.073367 129.022128
120 0.964758 0.076749 130.071733
121 0.974762 0.057979 131.121392
122 0.951869 0.112387 132.171993
123 0.963851 0.07603 133.234754
124 0.979243 0.050205 134.285614
125 0.944193 0.115606 135.334852
126 0.980705 0.047191 136.382951
127 0.972625 0.062322 137.431975
128 0.977592 0.05243 138.4833
129 0.971552 0.065241 139.533242
130 0.972816 0.061813 140.582339
131 0.978761 0.051069 142.033914
132 0.968305 0.071216 143.097467
133 0.971217 0.065891 144.149874
134 0.956681 0.09355 145.20253
135 0.975721 0.056369 146.255775
136 0.966306 0.074943 147.304155
137 0.96556 0.075733 148.352901
138 0.965809 0.073875 149.401965
139 0.978841 0.050321 150.450394
140 0.943542 0.121563 151.500308
141 0.978495 0.050645 152.548257
142 0.972014 0.063067 153.610982
143 0.967058 0.076889 154.659853
144 0.969947 0.067132 155.708566
145 0.955931 0.094359 157.162445
146 0.968319 0.07015 158.212165
147 0.954169 0.10037 159.261201
148 0.94786 0.110434 160.312134
149 0.969815 0.068882 161.363235
150 0.969065 0.070828 162.414301
151 0.953054 0.099695 163.477148
152 0.972115 0.063411 164.528896
153 0.947209 0.110121 165.579877
154 0.96016 0.090377 166.630784
155 0.945555 0.118493 167.682131
156 0.952544 0.103769 168.735598
157 0.970111 0.065943 169.786371
158 0.962914 0.082225 170.851729
159 0.956903 0.088891 172.307124
160 0.932755 0.141031 173.368161
161 0.967572 0.073329 174.420199
162 0.958263 0.090794 175.470696
163 0.972048 0.061902 176.522087
164 0.956499 0.095688 177.573974
165 0.92803 0.151396 178.625444
166 0.969674 0.067905 179.676155
167 0.972543 0.062677 180.728102
168 0.962282 0.082363 181.782792
169 0.958561 0.087552 182.830985
170 0.953352 0.098335 183.880319
171 0.953678 0.099994 184.929443
172 0.972778 0.061956 185.979081
173 0.968735 0.070775 187.440195
174 0.949175 0.111537 188.490211
175 0.973579 0.061966 189.538987
176 0.939075 0.139747 190.588869
177 0.966033 0.074912 191.638627
178 0.961496 0.08585 192.688607
179 0.958045 0.090925 193.751444
180 0.966507 0.074657 194.800181
181 0.97121 0.0661 195.849568
182 0.958814 0.090642 196.903445
183 0.971648 0.066442 197.952471
184 0.965303 0.079599 199.002618
185 0.960148 0.089297 200.053288
186 0.979294 0.049841 201.10291
187 0.974418 0.058907 202.571544
188 0.953142 0.099719 203.638335
189 0.960434 0.089189 204.687248
190 0.969019 0.067938 205.736067
191 0.969539 0.068638 206.785102
192 0.962112 0.085723 207.834651
193 0.969493 0.068298 208.88373
194 0.970101 0.068975 209.935308
195 0.964469 0.07748 210.984902
196 0.971944 0.066016 212.034818
197 0.976913 0.054279 213.086294
198 0.962888 0.081869 214.136748
199 0.938986 0.128602 215.18607
200 0.963501 0.080854 216.239173
201 0.959508 0.089792 217.706671
202 0.967794 0.072129 218.756616
203 0.970095 0.065652 219.806193
204 0.970425 0.068245 220.855385
205 0.950598 0.106242 221.905767
206 0.964551 0.080366 222.957095
207 0.971639 0.064731 224.007133
208 0.928824 0.14433 225.056294
209 0.974153 0.060312 226.107704
210 0.965181 0.081998 227.156907
211 0.964219 0.078853 228.209926
212 0.952906 0.099989 229.261567
213 0.961565 0.085237 230.311067
214 0.949366 0.108546 231.361384
215 0.969155 0.071837 232.840688
216 0.943293 0.121911 233.903184
217 0.963707 0.078573 234.953445
218 0.94923 0.106172 236.003485
219 0.961662 0.084956 237.05607
220 0.953342 0.101967 238.107607
221 0.956577 0.093189 239.162317
222 0.969198 0.068687 240.210508
223 0.968563 0.068416 241.259988
224 0.9555 0.094285 242.309685
225 0.93985 0.134223 243.371729
226 0.92808 0.148956 244.421369
227 0.96414 0.081443 245.471333
228 0.956093 0.094895 246.946466
229 0.963489 0.078413 247.995999
230 0.960041 0.087551 249.063224
231 0.942053 0.121827 250.117057
232 0.976546 0.053688 251.16755
233 0.977001 0.054158 252.217706
234 0.970681 0.064893 253.280845
235 0.957112 0.08849 254.748151
236 0.955325 0.096543 255.800031
237 0.949205 0.113997 256.849417
238 0.957814 0.092391 257.899495
239 0.950059 0.103477 258.948912
240 0.972669 0.063607 260.001011
241 0.950279 0.105017 261.0516
242 0.959379 0.091122 262.527467
243 0.975905 0.057203 263.590945
244 0.973852 0.05927 264.640309
245 0.96077 0.085663 265.68855
246 0.926669 0.149173 266.739982
247 0.967658 0.073223 267.79019
248 0.954208 0.099316 268.83962
249 0.96304 0.078771 269.890829
250 0.951755 0.102335 270.940777
251 0.954038 0.096922 271.991225
252 0.964363 0.081289 273.041354
253 0.962366 0.084657 274.093193
254 0.965392 0.078384 275.142969
255 0.967945 0.072177 276.195616
256 0.942109 0.123236 277.675056
257 0.954747 0.101288 278.724617
258 0.958942 0.087537 279.77507
259 0.96388 0.080867 280.826454
260 0.958148 0.08987 281.878044
261 0.953065 0.098168 282.930323
262 0.964599 0.078738 283.994093
263 0.967732 0.070859 285.043978
264 0.946718 0.117188 286.092782
265 0.964753 0.081128 287.142153
266 0.952391 0.101423 288.195031
267 0.966921 0.074415 289.244156
268 0.939027 0.125334 290.293295
269 0.969219 0.070016 291.343307
270 0.942439 0.12088 292.83045
271 0.969926 0.066975 293.894292
272 0.942627 0.119083 294.94316
273 0.954175 0.094613 295.992471
274 0.955281 0.093465 297.041985
275 0.96751 0.074639 298.093851
276 0.954463 0.096158 299.142006
277 0.920355 0.165617 300.191735

Epoch & Fidelity & KL & Runtime 
1 0.759121 0.558119 1.055843
2 0.828225 0.364894 2.111836
3 0.821204 0.450038 3.176734
4 0.813639 0.461731 4.228098
5 0.836003 0.369976 5.279682
6 0.746309 0.615397 6.768404
7 0.841295 0.36104 7.817556
8 0.815763 0.467799 8.868899
9 0.856714 0.317488 9.920142
10 0.835516 0.389845 10.970418
11 0.834104 0.407814 12.020859
12 0.845411 0.359991 13.084321
13 0.773981 0.603464 14.134586
14 0.677792 0.856319 15.182649
15 0.805066 0.444134 16.232608
16 0.860713 0.297785 17.283459
17 0.851685 0.357431 18.347218
18 0.849584 0.351942 19.402365
19 0.827353 0.387733 20.456648
20 0.91856 0.181397 21.950369
21 0.900904 0.213737 22.998953
22 0.750402 0.640959 24.049468
23 0.748496 0.572191 25.099909
24 0.736325 0.68387 26.148057
25 0.805217 0.461103 27.196445
26 0.778349 0.534485 28.247529
27 0.879883 0.287272 29.294511
28 0.774866 0.568363 30.345172
29 0.773712 0.52298 31.393477
30 0.888263 0.276979 32.445021
31 0.815022 0.457401 33.50561
32 0.902714 0.216388 34.553756
33 0.77651 0.532802 35.604392
34 0.858376 0.330647 37.097497
35 0.718137 0.718311 38.145647
36 0.76056 0.535809 39.196611
37 0.814454 0.390582 40.244458
38 0.823783 0.419574 41.294861
39 0.727222 0.620056 42.344728
40 0.785763 0.567329 43.40583
41 0.745488 0.667086 44.455092
42 0.756921 0.61543 45.506924
43 0.708354 0.699499 46.557508
44 0.852985 0.328076 47.60966
45 0.834409 0.35466 48.661023
46 0.685242 0.89384 49.70957
47 0.825944 0.387223 50.760824
48 0.854702 0.313221 52.255808
49 0.722386 0.667881 53.317937
50 0.796453 0.452039 54.365834
51 0.835001 0.377841 55.414387
52 0.715879 0.646569 56.464358
53 0.843253 0.343771 57.513985
54 0.762054 0.586838 58.5676
55 0.634712 0.872039 59.617568
56 0.833148 0.413032 60.668881
57 0.926301 0.15969 61.719486
58 0.843963 0.365124 62.768909
59 0.789691 0.541552 63.832744
60 0.742829 0.63029 64.881737
61 0.806036 0.472153 65.928719
62 0.75162 0.569888 67.430056
63 0.895262 0.218988 68.480516
64 0.68327 0.787831 69.528316
65 0.834035 0.312588 70.577359
66 0.743786 0.636921 71.626404
67 0.809938 0.398958 72.6756
68 0.867634 0.308535 73.738792
69 0.765513 0.597596 74.787057
70 0.769122 0.559625 75.836098
71 0.906316 0.207968 76.884008
72 0.91223 0.192896 77.932062
73 0.782261 0.516067 78.980149
74 0.745539 0.594623 80.028277
75 0.820745 0.421263 81.079109
76 0.48863 1.419914 82.583903
77 0.878131 0.27677 83.645724
78 0.844422 0.357221 84.69533
79 0.765477 0.523572 85.744312
80 0.705493 0.791223 86.793775
81 0.873578 0.277475 87.840993
82 0.665557 0.87371 88.890445
83 0.819002 0.436689 89.941023
84 0.880641 0.251893 91.001822
85 0.811264 0.432152 92.054691
86 0.876306 0.290607 93.56507
87 0.740327 0.695984 94.61426
88 0.759776 0.579402 95.663392
89 0.797828 0.496963 97.167877
90 0.752587 0.617824 98.222133
91 0.798668 0.464091 99.270791
92 0.853163 0.33617 100.321372
93 0.870708 0.300728 101.372081
94 0.701778 0.778594 102.421647
95 0.886463 0.259919 103.482986
96 0.772068 0.583029 104.531884
97 0.670472 0.824651 105.578046
98 0.744809 0.612647 106.625484
99 0.882587 0.262043 107.674076
100 0.757837 0.614956 108.723584
101 0.565731 1.079139 109.773328
102 0.79809 0.513242 110.823229
103 0.848435 0.360081 112.326461
104 0.839901 0.370459 113.387784
105 0.910746 0.197487 114.436311
106 0.867678 0.274327 115.485696
107 0.787715 0.533703 116.533417
108 0.829014 0.396171 117.582837
109 0.812587 0.400919 118.632821
110 0.90898 0.205378 119.681937
111 0.805898 0.44442 120.731142
112 0.831783 0.385927 121.779381
113 0.781285 0.554654 122.83154
114 0.728731 0.665805 123.891627
115 0.75782 0.594316 124.940949
116 0.820511 0.424682 125.991143
117 0.825311 0.38512 127.49735
118 0.816974 0.410256 128.546497
119 0.827592 0.380086 129.597928
120 0.81446 0.44007 130.645805
121 0.727742 0.601686 131.697377
122 0.958339 0.090032 132.745671
123 0.786906 0.499047 133.808337
124 0.874348 0.280354 134.856856
125 0.859988 0.323445 135.905669
126 0.750351 0.557177 136.954964
127 0.773167 0.50378 138.005534
128 0.807633 0.425832 139.055011
129 0.875859 0.278136 140.101944
130 0.777728 0.494351 141.15083
131 0.901738 0.216795 142.671687
132 0.811443 0.469991 143.733139
133 0.689687 0.743246 144.780782
134 0.85191 0.357536 145.828116
135 0.699441 0.693418 146.875965
136 0.809396 0.458808 147.926838
137 0.799527 0.447588 148.977568
138 0.826703 0.395704 150.025702
139 0.801407 0.546032 151.074835
140 0.812401 0.430745 152.12263
141 0.828115 0.392675 153.172532
142 0.926204 0.161527 154.221311
143 0.833078 0.368512 155.270255
144 0.782934 0.545467 156.786507
145 0.682226 0.814341 157.840919
146 0.812041 0.447785 158.890132
147 0.82645 0.417831 159.938015
148 0.858653 0.310482 160.984848
149 0.670392 0.789783 162.033797
150 0.804877 0.475349 163.082715
151 0.805153 0.48362 164.13863
152 0.898144 0.231021 165.188272
153 0.797933 0.465959 166.236702
154 0.801884 0.464663 167.283994
155 0.747895 0.692703 168.335334
156 0.796296 0.448899 169.396572
157 0.62721 0.884161 170.447025
158 0.828502 0.417141 171.961672
159 0.833109 0.410019 173.010829
160 0.740482 0.61499 174.062008
161 0.873594 0.299591 175.111528
162 0.845357 0.346929 176.164257
163 0.745532 0.597517 177.211439
164 0.858922 0.336275 178.25888
165 0.785087 0.530555 179.307701
166 0.768976 0.557592 180.356154
167 0.858405 0.311317 181.405955
168 0.803175 0.529938 182.45486
169 0.808268 0.462858 183.515606
170 0.838693 0.40224 184.564873
171 0.817187 0.483442 185.614099
172 0.797885 0.464949 187.133647
173 0.781207 0.520416 188.180338
174 0.846753 0.36199 189.23004
175 0.767325 0.526187 190.27879
176 0.738934 0.59746 191.328531
177 0.810029 0.43873 192.379894
178 0.889872 0.248105 193.442345
179 0.741997 0.56004 194.490399
180 0.759502 0.577841 195.538799
181 0.816842 0.387796 196.585552
182 0.693295 0.767026 197.632518
183 0.716192 0.729748 198.682602
184 0.908738 0.196587 199.729445
185 0.91555 0.190873 200.77814
186 0.721318 0.666186 202.301703
187 0.726408 0.628703 203.362488
188 0.75851 0.599193 204.411387
189 0.748603 0.592018 205.458945
190 0.830238 0.359029 206.508778
191 0.822471 0.42905 207.556936
192 0.887839 0.238436 208.605464
193 0.89272 0.250741 209.652386
194 0.762069 0.640822 210.701423
195 0.73197 0.602556 211.749608
196 0.776164 0.568888 212.796737
197 0.85254 0.356175 213.857882
198 0.75662 0.544496 214.904675
199 0.763928 0.531909 215.955177
200 0.870869 0.290714 217.478792
201 0.845452 0.340705 218.528126
202 0.837871 0.367461 219.577821
203 0.767457 0.61344 220.627651
204 0.791151 0.506516 221.676176
205 0.827195 0.41841 222.72564
206 0.902925 0.221838 223.786989
207 0.875298 0.276647 224.836967
208 0.781937 0.453957 225.886271
209 0.799847 0.400496 226.936304
210 0.878517 0.288906 227.984417
211 0.789369 0.473276 229.032806
212 0.819401 0.441695 230.079569
213 0.736176 0.622168 231.126544
214 0.85848 0.329446 232.657943
215 0.855469 0.304857 233.719594
216 0.798772 0.494716 234.766452
217 0.740423 0.652992 235.814921
218 0.613215 1.060932 236.863337
219 0.768423 0.557615 237.91331
220 0.807796 0.49701 238.96205
221 0.737974 0.634984 240.009265
222 0.91687 0.19534 241.057351
223 0.875764 0.305359 242.118668
224 0.828488 0.444561 243.168271
225 0.717991 0.55549 244.215971
226 0.678801 0.690353 245.264207
227 0.73421 0.609131 246.801657
228 0.82023 0.396458 247.848592
229 0.784264 0.518523 248.897757
230 0.885773 0.262152 249.947551
231 0.83029 0.370254 250.996458
232 0.756341 0.538057 252.046952
233 0.733504 0.594071 253.097898
234 0.839552 0.383902 254.62598
235 0.682454 0.710946 255.677205
236 0.693125 0.599179 256.727967
237 0.844264 0.351586 257.775351
238 0.844079 0.306542 258.82399
239 0.769209 0.587322 259.875235
240 0.824162 0.429144 260.925635
241 0.785473 0.48065 262.46552
242 0.635908 0.880637 263.525688
243 0.829195 0.363364 264.575616
244 0.739911 0.687137 265.623579
245 0.832767 0.384946 266.67072
246 0.632543 0.882368 267.717909
247 0.779207 0.517136 268.76662
248 0.855316 0.346321 269.816508
249 0.837033 0.380744 270.864276
250 0.770404 0.594702 271.913741
251 0.86477 0.296104 272.962033
252 0.894626 0.244198 274.024498
253 0.784157 0.4925 275.074976
254 0.809631 0.450904 276.122698
255 0.696343 0.811531 277.662344
256 0.809978 0.431793 278.711742
257 0.737601 0.61534 279.762326
258 0.917644 0.187269 280.81771
259 0.843689 0.364678 281.866083
260 0.705813 0.619551 282.91352
261 0.82949 0.389907 283.974651
262 0.802294 0.424895 285.02341
263 0.858115 0.340633 286.073948
264 0.868501 0.295485 287.126228
265 0.618921 0.987467 288.177482
266 0.836747 0.388642 289.227858
267 0.791212 0.485854 290.27751
268 0.751499 0.581219 291.81458
269 0.77501 0.541805 292.864269
270 0.912486 0.198154 293.926922
271 0.838777 0.353824 294.980075
272 0.772061 0.586986 296.029766
273 0.705718 0.73821 297.078267
274 0.713799 0.703247 298.127856
275 0.887522 0.240046 299.175447
276 0.809741 0.422078 300.221823

Epoch & Fidelity & KL & Runtime 
1 0.338218 3.303637 1.065119
2 0.356522 3.801169 2.117743
3 0.15549 5.161928 3.179913
4 0.241437 3.266239 4.228076
5 0.144006 5.449124 5.276663
6 0.133588 5.559118 6.818274
7 0.11181 5.508137 7.867728
8 0.160611 4.571465 8.916074
9 0.341912 2.530064 9.966823
10 0.397462 2.590682 11.016292
11 0.294097 3.070715 12.065849
12 0.105022 6.343921 13.116216
13 0.225552 4.057404 14.164912
14 0.08366 7.183303 15.216944
15 0.077573 5.630727 16.26779
16 0.469877 2.164864 17.315865
17 0.606927 1.166574 18.379212
18 0.365062 2.611595 19.42976
19 0.206583 3.308385 20.479781
20 0.125012 5.792698 22.024079
21 0.129006 5.674249 23.07537
22 0.191999 4.3544 24.124181
23 0.119385 5.842819 25.17467
24 0.148207 5.086194 26.224565
25 0.455476 2.333464 27.274051
26 0.244327 3.837584 28.327266
27 0.229531 4.481016 29.379821
28 0.14557 5.282747 30.430892
29 0.10962 6.211658 31.482572
30 0.139556 5.72184 32.533936
31 0.454476 1.733085 33.595976
32 0.160742 5.886337 34.644201
33 0.234216 4.157665 35.693602
34 0.322609 3.232337 37.239869
35 0.310395 2.70814 38.289668
36 0.134874 5.355379 39.342671
37 0.264382 4.078968 40.391775
38 0.150924 4.935439 41.441147
39 0.560208 1.443911 42.489157
40 0.221054 4.161744 43.549381
41 0.261311 3.345976 44.601526
42 0.266784 2.7668 45.654191
43 0.151939 4.629438 46.705125
44 0.18167 4.927094 47.755036
45 0.222185 3.460273 48.804497
46 0.310387 3.388559 49.854481
47 0.20664 4.274897 50.905862
48 0.288877 2.772651 52.462642
49 0.213379 4.466348 53.522292
50 0.337202 2.986805 54.570756
51 0.589717 1.317448 55.620581
52 0.055915 8.787213 56.671288
53 0.271227 3.111514 57.720969
54 0.127756 5.542841 58.770144
55 0.355958 2.289463 59.819189
56 0.37433 2.864152 60.870029
57 0.140009 4.674901 61.920465
58 0.409649 3.01059 62.969952
59 0.182221 4.863587 64.02156
60 0.110459 6.460741 65.070619
61 0.280234 3.595085 66.62382
62 0.166112 4.46947 67.674006
63 0.424413 2.219793 68.723852
64 0.108626 6.045366 69.773545
65 0.239719 4.176357 70.825969
66 0.276141 3.366004 71.876289
67 0.120658 6.103981 72.926083
68 0.083125 6.788947 73.981486
69 0.081697 6.246036 75.031461
70 0.60685 1.205418 76.080708
71 0.355339 3.193127 77.128898
72 0.416787 2.22651 78.178354
73 0.107934 5.974664 79.22872
74 0.232881 3.513927 80.278529
75 0.184065 4.961642 81.833392
76 0.284135 2.873712 82.884676
77 0.107699 5.877175 83.94658
78 0.081357 5.124106 84.995157
79 0.326422 3.127053 86.046685
80 0.100883 6.021523 87.096318
81 0.258116 3.804072 88.146261
82 0.165367 4.499378 89.196205
83 0.305979 3.260014 90.244309
84 0.127115 4.829892 91.292868
85 0.149927 5.361803 92.343959
86 0.310027 3.008085 93.406954
87 0.193796 3.919084 94.956866
88 0.405598 2.564932 96.513695
89 0.316703 3.369783 97.562601
90 0.255278 3.716649 98.6111
91 0.10098 5.668311 99.660514
92 0.319488 3.376868 100.709579
93 0.113434 5.796645 101.758108
94 0.159841 4.275495 102.810937
95 0.282306 3.672778 103.887936
96 0.266331 3.099578 104.937677
97 0.321508 3.087649 105.985442
98 0.274741 3.985103 107.034306
99 0.147869 5.06434 108.083758
100 0.485299 2.149621 109.136384
101 0.116183 6.192747 110.18693
102 0.41781 2.880073 111.740935
103 0.145579 5.052321 112.792015
104 0.296389 3.78097 113.855851
105 0.500304 2.029166 114.906926
106 0.298656 3.406817 115.956712
107 0.404854 2.912254 117.005789
108 0.163768 4.514278 118.054379
109 0.325234 3.309355 119.106098
110 0.162835 4.851663 120.155595
111 0.062116 6.309159 121.205819
112 0.246293 3.463469 122.256673
113 0.364551 3.195011 123.318395
114 0.349684 2.762098 124.369184
115 0.198039 3.835282 125.418178
116 0.573862 1.351703 126.982099
117 0.299306 3.505877 128.030349
118 0.090375 6.163431 129.079226
119 0.255911 3.308934 130.129059
120 0.082226 6.739108 131.177542
121 0.343077 2.674474 132.226776
122 0.16346 4.597238 133.276175
123 0.682253 0.895424 134.326104
124 0.435343 2.178528 135.377894
125 0.686198 0.835147 136.429229
126 0.122777 5.089903 137.483111
127 0.157197 4.976189 138.5321
128 0.381967 2.632599 139.580048
129 0.248721 3.756491 140.630122
130 0.312887 3.299729 142.19804
131 0.347307 2.848018 143.250324
132 0.236151 3.938168 144.30997
133 0.340509 2.669765 145.358607
134 0.210775 4.017697 146.407821
135 0.262321 3.83722 147.455984
136 0.329235 3.881786 148.506581
137 0.303744 3.03002 149.557036
138 0.365588 2.46797 150.605563
139 0.15081 5.064324 151.656398
140 0.094085 5.568701 152.706494
141 0.171727 5.228545 153.767917
142 0.540346 2.252739 154.81654
143 0.28959 3.769196 155.864879
144 0.54511 1.284897 157.437796
145 0.204848 3.952937 158.485941
146 0.179951 4.548156 159.534889
147 0.172268 4.990089 160.585461
148 0.228561 3.258356 161.636575
149 0.23876 3.161853 162.68583
150 0.148203 5.400251 163.746804
151 0.144099 5.243619 164.795514
152 0.10304 6.312753 165.843919
153 0.095747 5.607355 166.893793
154 0.264782 4.091743 167.94654
155 0.184747 4.183237 168.997174
156 0.266796 3.789526 170.047306
157 0.077385 6.239063 171.618719
158 0.41158 2.266399 172.670196
159 0.099332 6.276978 173.734747
160 0.358365 2.82329 174.789061
161 0.225048 3.796726 175.839521
162 0.251267 3.34577 176.903215
163 0.10282 6.194409 177.953187
164 0.345219 3.166667 179.002776
165 0.294986 3.671307 180.052786
166 0.431662 2.233528 181.101517
167 0.249018 3.696613 182.151865
168 0.416801 2.126288 183.202069
169 0.1322 5.254025 184.254346
170 0.066949 7.143024 185.306234
171 0.282206 3.90504 186.882238
172 0.186587 4.378752 187.930229
173 0.36859 2.553229 188.981017
174 0.095423 5.854976 190.030421
175 0.195916 3.909432 191.079268
176 0.389684 2.870146 192.127108
177 0.547648 1.569508 193.174212
178 0.202726 4.384057 194.22654
179 0.198204 4.103631 195.274834
180 0.210656 3.632329 196.325631
181 0.166639 4.654222 197.375665
182 0.512037 1.764854 198.426883
183 0.088145 5.786074 199.474574
184 0.180074 4.701366 200.522294
185 0.120296 6.218173 202.094815
186 0.095561 6.897548 203.14364
187 0.089084 7.013616 204.193537
188 0.473022 1.799804 205.252962
189 0.175679 4.401128 206.301916
190 0.424518 2.281292 207.349814
191 0.262551 3.633137 208.398834
192 0.358115 2.877577 209.450031
193 0.362791 2.816822 210.500385
194 0.087237 7.21456 211.549759
195 0.232247 3.943843 212.598161
196 0.113338 6.115346 213.660265
197 0.408594 2.675109 214.709214
198 0.189079 5.376583 215.756918
199 0.400488 2.914561 217.341029
200 0.229634 4.259625 218.391478
201 0.406237 3.089374 219.439451
202 0.022909 12.347706 220.490026
203 0.300435 3.111972 221.539895
204 0.090028 6.590209 222.589622
205 0.135558 3.715808 223.652446
206 0.260593 3.741395 224.701029
207 0.057476 7.498135 225.750325
208 0.169893 5.338894 226.798281
209 0.32705 2.808679 227.846862
210 0.267042 2.923347 228.897334
211 0.20551 4.441446 229.94528
212 0.313034 3.196883 231.526932
213 0.230428 4.458378 232.57652
214 0.372601 3.225661 233.638711
215 0.430914 2.461953 234.686635
216 0.151595 4.307333 235.735317
217 0.279258 3.094751 236.784579
218 0.191618 4.409853 237.832956
219 0.220542 3.870677 238.882261
220 0.248432 3.730288 239.9338
221 0.393194 2.062588 240.98236
222 0.074695 5.850709 242.032077
223 0.150339 4.971169 243.081439
224 0.323628 2.708848 244.142302
225 0.150394 4.373138 245.190515
226 0.182149 4.148207 246.774625
227 0.478442 2.354636 247.823268
228 0.275547 4.024147 248.871024
229 0.487559 2.42666 249.919708
230 0.38334 2.21435 250.969049
231 0.252237 3.795273 252.0194
232 0.402869 2.891102 253.069409
233 0.312268 2.928935 254.660174
234 0.422695 2.190535 255.708243
235 0.084603 7.188377 256.758084
236 0.333675 2.810086 257.807852
237 0.268169 3.715588 258.858234
238 0.313522 3.161901 259.907031
239 0.123524 5.534415 261.48364
240 0.248948 3.599601 262.551192
241 0.149841 4.704992 263.602115
242 0.214745 4.118519 264.664547
243 0.360356 3.2283 265.714806
244 0.175926 4.718698 266.76288
245 0.158409 4.827388 267.8099
246 0.244357 4.361747 268.860231
247 0.311469 3.278981 269.911899
248 0.105314 5.505925 270.961601
249 0.398423 2.74565 272.009632
250 0.141157 4.519794 273.057041
251 0.402559 2.675162 274.117437
252 0.295465 3.414938 275.165933
253 0.418352 2.501213 276.757432
254 0.060446 7.242876 277.808873
255 0.435008 2.413414 278.85914
256 0.472645 1.891135 279.909048
257 0.11539 5.100874 280.958478
258 0.194769 4.059436 282.016677
259 0.318294 3.337237 283.064133
260 0.360986 2.474953 284.124833
261 0.124181 5.886168 285.174483
262 0.11461 5.553898 286.223456
263 0.093705 6.782729 287.270515
264 0.085547 7.122787 288.321848
265 0.160585 5.244272 289.371155
266 0.307418 3.511352 290.422937
267 0.501291 1.717922 292.016653
268 0.166727 5.132983 293.066697
269 0.21345 3.670625 294.129194
270 0.291989 3.504963 295.17749
271 0.359959 2.274669 296.228781
272 0.338704 2.800432 297.277329
273 0.095206 5.84413 298.329165
274 0.108428 6.088415 299.376977
275 0.356375 2.016752 300.425221

