Learning Rates: 1e-05 0.0001 0.001 0.01 0.1 1 
Epoch & Fidelity & KL & Runtime 
1 0.219684 2.582918 1.153309
2 0.219723 2.582618 2.266063
3 0.219762 2.582321 3.365865
4 0.2198 2.582026 4.463942
5 0.219839 2.581727 5.563141
6 0.219877 2.581435 6.661095
7 0.219915 2.581138 7.761383
8 0.219954 2.580841 8.864459
9 0.219991 2.580554 9.963637
10 0.22003 2.580256 11.061812
11 0.220068 2.579963 12.160139
12 0.220107 2.579666 13.26777
13 0.220145 2.579372 14.369617
14 0.220184 2.579074 15.470128
15 0.220223 2.578776 16.5726
16 0.220261 2.578484 17.673518
17 0.220299 2.578189 18.773179
18 0.220338 2.577888 19.872485
19 0.220375 2.577602 20.980942
20 0.220414 2.577307 22.08305
21 0.220452 2.577011 23.183744
22 0.220491 2.576717 24.28343
23 0.220529 2.576421 25.385519
24 0.220568 2.576125 26.486937
25 0.220606 2.575829 27.58857
26 0.220646 2.575524 28.700168
27 0.220684 2.575232 29.800037
28 0.220723 2.574935 30.897702
29 0.220761 2.57464 31.994705
30 0.220799 2.57435 33.092005
31 0.220837 2.574058 34.191096
32 0.220876 2.573762 35.288883
33 0.220915 2.573463 36.387559
34 0.220953 2.573169 37.486063
35 0.220992 2.572873 38.584225
36 0.22103 2.572583 39.681353
37 0.221069 2.572286 40.778777
38 0.221107 2.57199 41.877442
39 0.221146 2.571692 42.988569
40 0.221185 2.571395 44.087877
41 0.221223 2.571103 45.207532
42 0.221261 2.570814 46.309291
43 0.221299 2.57052 47.412102
44 0.221338 2.570223 48.512885
45 0.221378 2.569919 49.614002
46 0.221415 2.569637 50.714355
47 0.221453 2.569346 51.815361
48 0.221492 2.569045 52.91826
49 0.221531 2.56875 54.019694
50 0.22157 2.568449 55.120097
51 0.22161 2.568147 56.223063
52 0.221648 2.567853 57.325442
53 0.221687 2.567556 58.445166
54 0.221726 2.567263 59.54818
55 0.221763 2.566979 60.651237
56 0.221802 2.566681 61.756384
57 0.22184 2.566392 62.861415
58 0.221879 2.566096 63.965101
59 0.221917 2.565802 65.068009
60 0.221956 2.565505 66.172153
61 0.221996 2.565204 67.275932
62 0.222034 2.564909 68.380243
63 0.222074 2.564608 69.481941
64 0.222113 2.564312 70.590657
65 0.22215 2.564028 71.694503
66 0.222188 2.563734 72.797651
67 0.222227 2.563443 73.923302
68 0.222265 2.563152 75.027649
69 0.222303 2.562859 76.132563
70 0.222341 2.562568 77.235002
71 0.22238 2.562274 78.337047
72 0.222417 2.561991 79.443068
73 0.222456 2.561699 80.544917
74 0.222495 2.561401 81.647804
75 0.222532 2.561118 82.75253
76 0.222571 2.560821 83.85564
77 0.222609 2.560531 84.95822
78 0.222648 2.560239 86.060974
79 0.222686 2.559944 87.161575
80 0.222724 2.559657 88.289633
81 0.222763 2.559365 89.392007
82 0.222802 2.55907 90.495177
83 0.22284 2.558774 91.601976
84 0.222878 2.558486 92.704252
85 0.222917 2.558194 93.806701
86 0.222954 2.557911 94.910227
87 0.222993 2.55762 96.01228
88 0.223031 2.557329 97.115696
89 0.223069 2.55704 98.219304
90 0.223108 2.55674 99.323642
91 0.223146 2.556452 100.425951
92 0.223185 2.556162 101.526995
93 0.223224 2.555862 102.630133
94 0.223263 2.555568 103.760388
95 0.223302 2.555273 104.865358
96 0.223341 2.554978 105.968688
97 0.22338 2.554683 107.071421
98 0.223418 2.554393 108.181037
99 0.223457 2.554101 109.283556
100 0.223496 2.553806 110.386991
101 0.223534 2.553513 111.492303
102 0.223573 2.553221 112.596998
103 0.22361 2.552938 113.700114
104 0.223649 2.552646 114.808899
105 0.223687 2.552355 115.913428
106 0.223727 2.552059 117.019388
107 0.223765 2.551766 118.153594
108 0.223803 2.551485 119.267861
109 0.223841 2.551192 120.371479
110 0.22388 2.550898 121.478717
111 0.223919 2.550605 122.582417
112 0.223958 2.55031 123.715398
113 0.223996 2.550025 124.814468
114 0.224035 2.549731 125.917333
115 0.224074 2.549437 127.017908
116 0.224113 2.54914 128.119246
117 0.224152 2.548845 129.22091
118 0.224191 2.548554 130.323074
119 0.224229 2.548266 131.42539
120 0.224267 2.547975 132.525649
121 0.224305 2.547687 133.658737
122 0.224344 2.547394 134.765657
123 0.224383 2.547105 135.870126
124 0.224421 2.546817 136.973434
125 0.22446 2.546525 138.076219
126 0.224499 2.54623 139.179703
127 0.224538 2.545934 140.284075
128 0.224576 2.545651 141.386757
129 0.224613 2.545369 142.494617
130 0.224652 2.545075 143.596766
131 0.224691 2.544785 144.700031
132 0.22473 2.544489 145.802087
133 0.224769 2.544198 146.905343
134 0.224807 2.543912 148.043611
135 0.224845 2.543622 149.14921
136 0.224883 2.543336 150.250064
137 0.224922 2.543045 151.352614
138 0.224961 2.542747 152.457075
139 0.225 2.542456 153.561139
140 0.225039 2.542166 154.664033
141 0.225077 2.541877 155.76792
142 0.225116 2.541585 156.872053
143 0.225155 2.54129 157.975222
144 0.225193 2.541007 159.080172
145 0.225232 2.540716 160.182729
146 0.22527 2.540428 161.291661
147 0.225309 2.540135 162.394849
148 0.225348 2.539842 163.534468
149 0.225385 2.539561 164.637736
150 0.225425 2.539264 165.740244
151 0.225463 2.538976 166.842805
152 0.225501 2.53869 167.944835
153 0.225539 2.538405 169.049961
154 0.225579 2.538111 170.15477
155 0.225617 2.537825 171.259089
156 0.225655 2.537537 172.363042
157 0.225693 2.537255 173.466556
158 0.225731 2.536969 174.56868
159 0.225769 2.536681 175.672646
160 0.225808 2.53639 176.775972
161 0.225847 2.536096 177.883164
162 0.225887 2.535799 179.027607
163 0.225924 2.53552 180.130957
164 0.225963 2.53523 181.232813
165 0.226001 2.534943 182.334912
166 0.22604 2.534656 183.437677
167 0.226079 2.534364 184.545368
168 0.226117 2.534078 185.648161
169 0.226156 2.533789 186.751264
170 0.226194 2.533501 187.854146
171 0.226233 2.533211 188.957366
172 0.226272 2.532919 190.060837
173 0.226311 2.532629 191.164052
174 0.226349 2.532342 192.266944
175 0.226387 2.532054 193.416043
176 0.226426 2.531766 194.517968
177 0.226465 2.531478 195.620663
178 0.226503 2.53119 196.725298
179 0.226543 2.530895 197.830114
180 0.226581 2.530605 198.944689
181 0.226621 2.530313 200.047967
182 0.22666 2.530018 201.149811
183 0.226698 2.529733 202.252716
184 0.226736 2.529448 203.35531
185 0.226775 2.529158 204.458258
186 0.226813 2.528875 205.562269
187 0.226852 2.528583 206.665597
188 0.226891 2.528291 207.766932
189 0.226929 2.52801 208.915987
190 0.226967 2.527725 210.017302
191 0.227006 2.527437 211.121945
192 0.227045 2.527148 212.224058
193 0.227084 2.526857 213.331861
194 0.227122 2.526574 214.432894
195 0.227162 2.526278 215.534613
196 0.227201 2.525985 216.637791
197 0.22724 2.525693 217.741482
198 0.227279 2.525406 218.844577
199 0.227318 2.525115 219.948491
200 0.227356 2.524829 221.048953
201 0.227395 2.524544 222.151338
202 0.227433 2.524258 223.303408
203 0.227472 2.523969 224.406547
204 0.227511 2.523677 225.51057
205 0.227549 2.523395 226.614177
206 0.227587 2.523114 227.716231
207 0.227626 2.522825 228.818841
208 0.227664 2.52254 229.920599
209 0.227702 2.522255 231.026126
210 0.227741 2.521969 232.132564
211 0.227779 2.521686 233.23524
212 0.227818 2.521397 234.337044
213 0.227856 2.521117 235.441061
214 0.227894 2.520834 236.546699
215 0.227933 2.52054 237.650621
216 0.227972 2.520251 238.807592
217 0.228012 2.519955 239.911665
218 0.22805 2.519673 241.016075
219 0.228087 2.519396 242.118701
220 0.228125 2.519115 243.222072
221 0.228164 2.518827 244.325224
222 0.228202 2.518549 245.429785
223 0.22824 2.518268 246.533178
224 0.228278 2.517981 247.638849
225 0.228317 2.517695 248.740163
226 0.228356 2.517403 249.842963
227 0.228396 2.51711 250.947989
228 0.228434 2.516826 252.053196
229 0.228472 2.516545 253.213017
230 0.228511 2.516254 254.315977
231 0.22855 2.515967 255.419319
232 0.228589 2.515682 256.523741
233 0.228626 2.515404 257.630206
234 0.228665 2.515115 258.732585
235 0.228704 2.514832 259.894462
236 0.228743 2.514541 260.998414
237 0.228783 2.514249 262.10178
238 0.228822 2.513961 263.204158
239 0.228859 2.513683 264.305728
240 0.228897 2.5134 265.409604
241 0.228937 2.513107 266.518111
242 0.228976 2.51282 267.622506
243 0.229015 2.512534 268.785177
244 0.229054 2.512242 269.886853
245 0.229093 2.511954 270.990295
246 0.229132 2.511669 272.094617
247 0.229171 2.51138 273.211027
248 0.22921 2.511089 274.314456
249 0.229249 2.510804 275.418621
250 0.229288 2.510518 276.520352
251 0.229327 2.510231 277.623155
252 0.229365 2.50995 278.725441
253 0.229403 2.509667 279.829576
254 0.229442 2.509382 280.933661
255 0.229482 2.509088 282.036449
256 0.22952 2.508805 283.201972
257 0.229559 2.50852 284.303327
258 0.229597 2.50824 285.407565
259 0.229635 2.507955 286.511449
260 0.229674 2.507671 287.619996
261 0.229711 2.507396 288.721272
262 0.22975 2.507112 289.822888
263 0.229789 2.506825 290.925699
264 0.229827 2.50654 292.031287
265 0.229866 2.506255 293.139726
266 0.229905 2.505968 294.243162
267 0.229943 2.505687 295.346274
268 0.229982 2.5054 296.448278
269 0.230021 2.505118 297.553704
270 0.23006 2.504832 298.726645
271 0.230098 2.50455 299.829957
272 0.230137 2.504266 300.932643

Epoch & Fidelity & KL & Runtime 
1 0.499488 1.208445 1.10154
2 0.499814 1.207311 2.20999
3 0.500151 1.206141 3.317481
4 0.500476 1.205013 4.421646
5 0.500794 1.203911 5.525703
6 0.501125 1.202763 6.627779
7 0.501454 1.201622 7.731473
8 0.501778 1.2005 8.837451
9 0.5021 1.199383 9.944387
10 0.502431 1.198239 11.047891
11 0.502746 1.197148 12.21812
12 0.503063 1.196054 13.321722
13 0.503381 1.194957 14.427801
14 0.503697 1.193865 15.534175
15 0.504021 1.192747 16.639305
16 0.50434 1.191646 17.743244
17 0.504656 1.19056 18.847228
18 0.50498 1.189444 19.955266
19 0.505311 1.188306 21.05958
20 0.505643 1.187164 22.167465
21 0.505963 1.186066 23.271618
22 0.506289 1.184945 24.375868
23 0.506617 1.183821 25.480266
24 0.506936 1.182727 26.585202
25 0.507267 1.181595 27.758486
26 0.507588 1.180495 28.861818
27 0.507911 1.179389 29.96737
28 0.508232 1.178291 31.07123
29 0.508559 1.177173 32.176279
30 0.508876 1.176087 33.279685
31 0.509202 1.174975 34.384141
32 0.509525 1.173875 35.488667
33 0.509839 1.172803 36.595673
34 0.510161 1.17171 37.702476
35 0.51048 1.170623 38.807744
36 0.510807 1.16951 39.912535
37 0.511125 1.16843 41.015764
38 0.511452 1.16732 42.189772
39 0.511783 1.166197 43.304299
40 0.512108 1.165093 44.410078
41 0.512418 1.164042 45.515386
42 0.512739 1.162956 46.619373
43 0.513066 1.161847 47.721634
44 0.513388 1.160755 48.828162
45 0.513707 1.159679 49.933262
46 0.514022 1.158614 51.039917
47 0.51435 1.157504 52.144756
48 0.514669 1.156427 53.248663
49 0.514979 1.155381 54.354188
50 0.515298 1.154303 55.463159
51 0.515621 1.153213 56.567194
52 0.51594 1.152139 57.747355
53 0.516259 1.151064 58.851194
54 0.516578 1.149989 59.955128
55 0.516906 1.148887 61.059731
56 0.517233 1.147787 62.164834
57 0.517537 1.146765 63.270155
58 0.517862 1.145673 64.375561
59 0.518171 1.144639 65.480618
60 0.518482 1.143594 66.585077
61 0.518784 1.142579 67.689224
62 0.519102 1.141514 68.797981
63 0.519434 1.140407 69.905533
64 0.519764 1.1393 71.009828
65 0.520089 1.138214 72.195157
66 0.520401 1.13717 73.302924
67 0.520723 1.136094 74.408157
68 0.521032 1.135065 75.514853
69 0.521347 1.134012 76.621907
70 0.521656 1.132984 77.725988
71 0.521971 1.131933 78.830756
72 0.522278 1.130912 79.936239
73 0.522583 1.129897 81.04035
74 0.522897 1.128854 82.143802
75 0.523216 1.127794 83.24693
76 0.523523 1.126776 84.351374
77 0.523841 1.125721 85.453971
78 0.524159 1.124663 86.557511
79 0.52447 1.123632 87.745396
80 0.524773 1.12263 88.850452
81 0.525085 1.121595 89.954719
82 0.525401 1.12055 91.060168
83 0.525695 1.119578 92.163164
84 0.526009 1.118538 93.26631
85 0.526315 1.117529 94.373686
86 0.526633 1.116479 95.480688
87 0.526945 1.115449 96.587393
88 0.527255 1.114425 97.69199
89 0.52758 1.113354 98.794987
90 0.527897 1.112311 99.901499
91 0.5282 1.111316 101.008698
92 0.528519 1.110266 102.200015
93 0.52882 1.109279 103.305622
94 0.529138 1.108233 104.409696
95 0.529455 1.10719 105.51304
96 0.529752 1.106216 106.619107
97 0.530058 1.105214 107.725695
98 0.530366 1.104201 108.830942
99 0.530665 1.10322 109.93552
100 0.530974 1.10221 111.03853
101 0.531283 1.101197 112.141859
102 0.531583 1.100216 113.249222
103 0.531893 1.099205 114.355564
104 0.532208 1.098174 115.460758
105 0.532523 1.097146 116.565714
106 0.532838 1.096123 117.755783
107 0.533139 1.095139 118.860362
108 0.533442 1.094153 119.969729
109 0.533738 1.09319 121.078237
110 0.53404 1.092207 122.276059
111 0.53435 1.091196 123.392243
112 0.534654 1.090206 124.499613
113 0.534946 1.089256 125.606277
114 0.535247 1.088277 126.711117
115 0.535544 1.087311 127.815034
116 0.535855 1.086302 128.921502
117 0.536153 1.085338 130.028567
118 0.536471 1.084307 131.136684
119 0.536782 1.083297 132.333527
120 0.537082 1.082325 133.440066
121 0.537382 1.081356 134.543554
122 0.537688 1.080366 135.647734
123 0.537993 1.07938 136.753954
124 0.53829 1.078421 137.86115
125 0.538585 1.077467 138.972049
126 0.538891 1.076479 140.076111
127 0.539199 1.075487 141.179179
128 0.539492 1.074541 142.283901
129 0.539789 1.073584 143.390247
130 0.540089 1.072619 144.495149
131 0.540393 1.071641 145.598628
132 0.540695 1.070668 146.702594
133 0.541007 1.069665 147.898653
134 0.541315 1.068677 149.009252
135 0.541617 1.067708 150.116698
136 0.541907 1.066776 151.224117
137 0.542216 1.065786 152.33115
138 0.542517 1.064822 153.437834
139 0.542829 1.063821 154.545559
140 0.543131 1.062855 155.65049
141 0.543426 1.06191 156.755509
142 0.543722 1.060965 157.864163
143 0.544017 1.060021 158.970216
144 0.544311 1.059077 160.079922
145 0.544606 1.058139 161.184964
146 0.544899 1.0572 162.384131
147 0.545188 1.056277 163.489893
148 0.545487 1.055326 164.59512
149 0.545785 1.054376 165.700484
150 0.546082 1.053428 166.805548
151 0.546374 1.0525 167.909924
152 0.546661 1.051586 169.015345
153 0.546955 1.050651 170.124275
154 0.54726 1.049681 171.233281
155 0.547554 1.048748 172.339391
156 0.547847 1.047816 173.447993
157 0.548132 1.046912 174.553479
158 0.548426 1.045979 175.658478
159 0.548728 1.04502 176.763191
160 0.549018 1.044103 177.968357
161 0.549307 1.043187 179.074105
162 0.549596 1.042274 180.1841
163 0.549889 1.041345 181.289058
164 0.550185 1.040413 182.393488
165 0.550491 1.039446 183.498185
166 0.550789 1.038503 184.603145
167 0.551078 1.037594 185.705598
168 0.551376 1.036654 186.809501
169 0.551667 1.035735 187.914525
170 0.551958 1.034818 189.021257
171 0.552247 1.033906 190.128343
172 0.552537 1.032992 191.232693
173 0.552835 1.032057 192.442771
174 0.553125 1.031143 193.546431
175 0.55342 1.030219 194.651292
176 0.553716 1.029288 195.75962
177 0.55401 1.028365 196.865619
178 0.554298 1.02746 197.981183
179 0.554595 1.026528 199.084118
180 0.554883 1.025626 200.188637
181 0.555161 1.024755 201.293133
182 0.555434 1.023899 202.395019
183 0.555718 1.02301 203.501087
184 0.556011 1.022094 204.60569
185 0.556289 1.021227 205.709143
186 0.556583 1.020309 206.813873
187 0.556871 1.019409 208.021982
188 0.557167 1.018485 209.126099
189 0.557461 1.017566 210.229261
190 0.557748 1.01667 211.333296
191 0.558029 1.015795 212.438419
192 0.558317 1.014896 213.543334
193 0.558604 1.014004 214.646033
194 0.558897 1.013093 215.754095
195 0.559189 1.012182 216.857947
196 0.559474 1.011297 217.961004
197 0.559771 1.010374 219.064678
198 0.560056 1.009487 220.169468
199 0.560344 1.008597 221.271636
200 0.560629 1.007714 222.480994
201 0.560907 1.006848 223.585735
202 0.561196 1.005953 224.692159
203 0.561491 1.00504 225.797749
204 0.561783 1.004135 226.901607
205 0.562074 1.003232 228.005033
206 0.562373 1.002308 229.109677
207 0.56266 1.001419 230.214839
208 0.562942 1.000548 231.317528
209 0.563221 0.999687 232.423256
210 0.56351 0.998798 233.527301
211 0.563795 0.997914 234.632361
212 0.564085 0.99702 235.737329
213 0.564368 0.996148 236.840953
214 0.56465 0.995282 238.05476
215 0.564934 0.994405 239.159609
216 0.565213 0.993547 240.265474
217 0.565497 0.992673 241.36852
218 0.565781 0.9918 242.47474
219 0.566072 0.990904 243.580132
220 0.566359 0.990025 244.683759
221 0.566643 0.989154 245.787153
222 0.56692 0.988301 246.890966
223 0.567201 0.98744 247.99597
224 0.567495 0.98654 249.098935
225 0.567781 0.985663 250.204376
226 0.568071 0.984776 251.306984
227 0.568353 0.983914 252.522377
228 0.568625 0.983083 253.625378
229 0.568911 0.982205 254.731631
230 0.569201 0.981318 255.835548
231 0.569484 0.980454 256.940959
232 0.569766 0.979596 258.044451
233 0.570054 0.978715 259.264628
234 0.570344 0.97783 260.369809
235 0.570609 0.977022 261.474862
236 0.570888 0.976174 262.581634
237 0.571162 0.975337 263.686925
238 0.571446 0.974474 264.789256
239 0.571731 0.973604 265.893311
240 0.572011 0.972752 266.996127
241 0.572292 0.971897 268.216528
242 0.572577 0.971032 269.319782
243 0.572859 0.970174 270.425666
244 0.573144 0.969311 271.53123
245 0.573422 0.968467 272.634686
246 0.573703 0.967613 273.738631
247 0.573978 0.966779 274.844566
248 0.574245 0.965971 275.950721
249 0.574523 0.965129 277.054
250 0.574795 0.964306 278.172008
251 0.575067 0.963483 279.28072
252 0.575349 0.962631 280.384356
253 0.575631 0.961778 281.489771
254 0.575906 0.960948 282.714149
255 0.576179 0.960122 283.819335
256 0.576451 0.959302 284.922898
257 0.576735 0.958445 286.035781
258 0.577015 0.9576 287.139958
259 0.577288 0.956779 288.2433
260 0.577558 0.955963 289.35253
261 0.57784 0.955113 290.456695
262 0.578123 0.95426 291.559385
263 0.578402 0.95342 292.66305
264 0.578676 0.952598 293.768485
265 0.57895 0.951773 294.873565
266 0.579216 0.950975 295.977633
267 0.579488 0.950161 297.203787
268 0.579773 0.949304 298.308487
269 0.580053 0.948467 299.411362
270 0.580334 0.947622 300.517592

Epoch & Fidelity & KL & Runtime 
1 0.283532 2.156153 1.108718
2 0.287624 2.131743 2.215644
3 0.291613 2.108312 3.320791
4 0.295781 2.084147 4.423783
5 0.299861 2.060878 5.52926
6 0.303948 2.03785 6.635781
7 0.308016 2.015238 7.742413
8 0.312058 1.993096 8.849907
9 0.316227 1.970551 9.95497
10 0.320214 1.94926 11.060727
11 0.324326 1.927583 12.289073
12 0.328372 1.906499 13.393023
13 0.332473 1.885413 14.497609
14 0.336546 1.864729 15.602633
15 0.340572 1.844515 16.707818
16 0.344568 1.824685 17.815631
17 0.34867 1.804586 18.920126
18 0.352729 1.784924 20.024723
19 0.356704 1.765909 21.128894
20 0.360633 1.747272 22.232936
21 0.364567 1.728846 23.338003
22 0.368631 1.710018 24.445345
23 0.372667 1.691532 25.550535
24 0.376614 1.673612 26.778552
25 0.380591 1.655776 27.885078
26 0.38451 1.638376 28.990252
27 0.388412 1.621239 30.096638
28 0.392489 1.603524 31.200588
29 0.396346 1.586927 32.304572
30 0.400142 1.570698 33.408873
31 0.404047 1.554205 34.51531
32 0.408003 1.537644 35.621443
33 0.411898 1.521483 36.725364
34 0.415653 1.506057 37.831527
35 0.419414 1.490773 38.942862
36 0.423278 1.47521 40.048506
37 0.427081 1.460011 41.154918
38 0.430768 1.445398 42.389496
39 0.434529 1.4306 43.500158
40 0.438315 1.415857 44.606828
41 0.442089 1.401287 45.710625
42 0.445733 1.387332 46.81411
43 0.449325 1.373685 47.919454
44 0.452944 1.360071 49.038331
45 0.456521 1.346693 50.144901
46 0.460121 1.333305 51.251333
47 0.46378 1.319855 52.356666
48 0.467274 1.307104 53.462866
49 0.470797 1.294327 54.5687
50 0.474306 1.281698 55.673366
51 0.477733 1.269457 56.910394
52 0.481262 1.256954 58.016417
53 0.484721 1.244775 59.122414
54 0.488141 1.23282 60.226306
55 0.491576 1.220887 61.33398
56 0.494934 1.209308 62.440573
57 0.498221 1.198053 63.54524
58 0.501645 1.186393 64.650914
59 0.50508 1.174773 65.755006
60 0.508374 1.163713 66.861823
61 0.511649 1.152775 67.968743
62 0.514998 1.141674 69.073513
63 0.518233 1.131008 70.180575
64 0.521394 1.120649 71.286057
65 0.524642 1.110077 72.526076
66 0.527931 1.099445 73.633462
67 0.531054 1.0894 74.739665
68 0.534262 1.079121 75.84326
69 0.537459 1.068945 76.952376
70 0.540563 1.059139 78.059614
71 0.543596 1.049601 79.167697
72 0.546702 1.039893 80.274488
73 0.549701 1.030576 81.380142
74 0.55273 1.021216 82.486217
75 0.555692 1.012082 83.592251
76 0.55883 1.002481 84.700351
77 0.561875 0.993208 85.805486
78 0.564745 0.984512 87.045044
79 0.567669 0.9757 88.151303
80 0.570547 0.967084 89.257823
81 0.573414 0.95851 90.361826
82 0.576324 0.949866 91.467513
83 0.579166 0.941463 92.575428
84 0.581969 0.933213 93.682348
85 0.584855 0.924768 94.787366
86 0.58757 0.916854 95.89125
87 0.590321 0.908867 97.000378
88 0.593102 0.90085 98.10911
89 0.595874 0.892875 99.217434
90 0.598682 0.884839 100.322795
91 0.601427 0.877023 101.426871
92 0.604097 0.869458 102.671496
93 0.606687 0.862144 103.776381
94 0.609369 0.85459 104.881635
95 0.611988 0.847266 105.988247
96 0.614486 0.840292 107.090701
97 0.616989 0.833342 108.19761
98 0.619455 0.826528 109.302876
99 0.622027 0.819438 110.408922
100 0.624758 0.811952 111.516803
101 0.627146 0.805411 112.623222
102 0.629654 0.798587 113.733327
103 0.632071 0.792038 114.84023
104 0.6346 0.785201 115.944092
105 0.637095 0.77849 117.189323
106 0.639491 0.772063 118.293864
107 0.641848 0.765769 119.402719
108 0.644361 0.759081 120.513083
109 0.646733 0.752796 121.760834
110 0.64908 0.746587 122.870435
111 0.651507 0.740194 123.989022
112 0.653769 0.734253 125.09493
113 0.656046 0.728303 126.202727
114 0.658368 0.722256 127.306284
115 0.660623 0.716399 128.410605
116 0.662801 0.710757 129.518359
117 0.664998 0.705087 130.622656
118 0.667306 0.699149 131.870742
119 0.669478 0.693594 132.978442
120 0.671566 0.688252 134.082426
121 0.673746 0.6827 135.187615
122 0.675854 0.677351 136.292439
123 0.677996 0.67193 137.398327
124 0.680048 0.666752 138.503124
125 0.682133 0.661501 139.608416
126 0.684178 0.656367 140.714406
127 0.686257 0.651161 141.820916
128 0.688233 0.646236 142.926251
129 0.690319 0.641066 144.033429
130 0.692405 0.635892 145.137141
131 0.694391 0.630965 146.245102
132 0.696444 0.62591 147.50053
133 0.698421 0.621046 148.60519
134 0.70045 0.616064 149.711154
135 0.702322 0.611489 150.817912
136 0.704251 0.606777 151.920118
137 0.706243 0.601935 153.025158
138 0.708191 0.597211 154.130393
139 0.710114 0.592559 155.235857
140 0.711966 0.588095 156.342372
141 0.713797 0.583687 157.448227
142 0.715693 0.579135 158.553387
143 0.717595 0.574584 159.663631
144 0.719485 0.570066 160.770957
145 0.721334 0.565671 162.023805
146 0.723121 0.561429 163.128978
147 0.724977 0.557029 164.234189
148 0.726733 0.552876 165.339913
149 0.72848 0.548756 166.445037
150 0.730221 0.544658 167.549848
151 0.731954 0.540577 168.655832
152 0.733712 0.536455 169.75773
153 0.735449 0.532388 170.862791
154 0.737193 0.528314 171.968011
155 0.738832 0.524493 173.074909
156 0.740481 0.520666 174.179234
157 0.742191 0.516709 175.284434
158 0.74388 0.512813 176.389037
159 0.745451 0.509197 177.647272
160 0.74712 0.505356 178.753832
161 0.748732 0.501661 179.858469
162 0.750278 0.498126 180.96557
163 0.751921 0.494366 182.074262
164 0.753568 0.490614 183.179835
165 0.755055 0.487225 184.284658
166 0.756572 0.483783 185.389944
167 0.758112 0.480296 186.496089
168 0.759646 0.476822 187.602674
169 0.761118 0.4735 188.707551
170 0.762592 0.470177 189.812553
171 0.764081 0.466833 190.91868
172 0.765537 0.463561 192.178317
173 0.767005 0.460277 193.283752
174 0.768583 0.456744 194.391072
175 0.769985 0.453611 195.496831
176 0.771405 0.450453 196.601595
177 0.772853 0.447233 197.705827
178 0.774228 0.444178 198.812307
179 0.775646 0.441041 199.918296
180 0.777027 0.437984 201.024256
181 0.778436 0.434867 202.130401
182 0.77972 0.432043 203.23694
183 0.781087 0.429036 204.354009
184 0.782426 0.426096 205.460417
185 0.783806 0.423075 206.72147
186 0.785167 0.420091 207.827165
187 0.786495 0.417188 208.935865
188 0.787745 0.414452 210.03983
189 0.788968 0.411795 211.144335
190 0.790247 0.409019 212.248768
191 0.79146 0.406387 213.353876
192 0.792743 0.403609 214.459995
193 0.793899 0.401109 215.565637
194 0.795189 0.398327 216.670956
195 0.796403 0.395707 217.776265
196 0.797571 0.393181 218.881724
197 0.798781 0.390581 219.989551
198 0.799975 0.388013 221.094011
199 0.801254 0.385272 222.354405
200 0.802409 0.382801 223.456265
201 0.803562 0.380343 224.556147
202 0.804677 0.37796 225.656313
203 0.805818 0.375528 226.762602
204 0.806973 0.373071 227.866303
205 0.808051 0.370789 228.969086
206 0.809214 0.368316 230.071256
207 0.810418 0.365756 231.175158
208 0.811575 0.36331 232.278685
209 0.812711 0.360907 233.3818
210 0.813766 0.358684 234.488984
211 0.814909 0.356273 235.591259
212 0.815987 0.354007 236.854841
213 0.817037 0.351793 237.95592
214 0.818175 0.349409 239.061563
215 0.819221 0.347209 240.163853
216 0.820262 0.345033 241.267354
217 0.821394 0.342665 242.366683
218 0.822496 0.34036 243.466884
219 0.823555 0.338153 244.567789
220 0.824644 0.335883 245.667789
221 0.82568 0.333732 246.773149
222 0.826696 0.33162 247.875647
223 0.827678 0.329585 248.980654
224 0.82874 0.327387 250.083145
225 0.82975 0.325299 251.183435
226 0.83078 0.323174 252.455457
227 0.831694 0.321293 253.560291
228 0.832688 0.319242 254.665086
229 0.833614 0.317331 255.770617
230 0.834598 0.315302 256.873075
231 0.835561 0.313318 257.976411
232 0.836533 0.311325 259.080724
233 0.837523 0.309293 260.35682
234 0.838466 0.307358 261.471291
235 0.839425 0.305395 262.576249
236 0.840438 0.303336 263.681702
237 0.841346 0.301486 264.787627
238 0.842192 0.299766 265.890105
239 0.843097 0.297923 267.160756
240 0.843909 0.296277 268.265882
241 0.844711 0.294645 269.370156
242 0.845555 0.292934 270.476701
243 0.846443 0.291136 271.583253
244 0.847333 0.289334 272.685537
245 0.848192 0.287597 273.793449
246 0.849043 0.285884 274.899832
247 0.849958 0.284038 276.006179
248 0.850806 0.282329 277.11173
249 0.851672 0.280577 278.214973
250 0.852503 0.278908 279.33222
251 0.853323 0.277256 280.434872
252 0.85413 0.275643 281.710531
253 0.85496 0.273979 282.816469
254 0.855749 0.272402 283.923639
255 0.856519 0.270863 285.028954
256 0.857319 0.269264 286.132022
257 0.858177 0.267553 287.236418
258 0.858918 0.26607 288.341002
259 0.859752 0.264409 289.451084
260 0.860536 0.262848 290.556253
261 0.861301 0.26133 291.661798
262 0.862001 0.259936 292.765938
263 0.862783 0.258389 293.870381
264 0.863515 0.256937 294.975059
265 0.864291 0.255395 296.083465
266 0.865117 0.25376 297.361335
267 0.86593 0.252157 298.465992
268 0.866721 0.250598 299.570316
269 0.867419 0.249216 300.673568

Epoch & Fidelity & KL & Runtime 
1 0.408126 1.53944 1.11529
2 0.445094 1.392079 2.222707
3 0.479083 1.266785 3.328763
4 0.511999 1.153459 4.434756
5 0.543157 1.052558 5.542209
6 0.573219 0.960526 6.649844
7 0.599828 0.882802 7.756798
8 0.625565 0.810782 8.86246
9 0.648916 0.747852 9.966897
10 0.671175 0.689937 11.249697
11 0.692193 0.636911 12.355445
12 0.711007 0.590639 13.460723
13 0.729028 0.547575 14.56629
14 0.745364 0.509498 15.670725
15 0.759898 0.476324 16.77596
16 0.773358 0.446156 17.87951
17 0.786674 0.416849 18.9853
18 0.798617 0.39089 20.089998
19 0.809805 0.36699 21.193601
20 0.820874 0.343773 22.298668
21 0.831524 0.321621 23.405843
22 0.840202 0.303827 24.512203
23 0.848752 0.286464 25.617149
24 0.857326 0.269203 26.90272
25 0.864598 0.25475 28.008518
26 0.871831 0.240529 29.112006
27 0.878249 0.227986 30.217587
28 0.884184 0.216441 31.321391
29 0.890322 0.204598 32.425005
30 0.895603 0.194522 33.532202
31 0.900774 0.184694 34.641323
32 0.905603 0.175643 35.747519
33 0.910084 0.167235 36.852729
34 0.914238 0.1595 37.959983
35 0.917774 0.152924 39.066844
36 0.921696 0.145687 40.173705
37 0.925119 0.139432 41.458577
38 0.928325 0.133575 42.570334
39 0.931111 0.128479 43.67501
40 0.933929 0.123394 44.780216
41 0.936119 0.11942 45.885362
42 0.938455 0.115239 46.988779
43 0.940945 0.110785 48.092187
44 0.942832 0.107409 49.195941
45 0.944745 0.10395 50.3125
46 0.946684 0.100503 51.418429
47 0.948318 0.097588 52.524286
48 0.94984 0.094928 53.630128
49 0.951316 0.092339 54.734707
50 0.952716 0.089893 56.026787
51 0.954243 0.08724 57.131897
52 0.955489 0.085059 58.238566
53 0.956638 0.083077 59.346924
54 0.957738 0.081156 60.451177
55 0.958843 0.079292 61.554565
56 0.959918 0.077426 62.660838
57 0.960812 0.075908 63.767103
58 0.961412 0.074842 64.869312
59 0.962245 0.073417 65.976372
60 0.96294 0.072226 67.082778
61 0.963699 0.070952 68.189964
62 0.964367 0.069838 69.2986
63 0.965198 0.06847 70.405454
64 0.965749 0.067546 71.697042
65 0.966545 0.066195 72.80282
66 0.967143 0.065169 73.907782
67 0.967886 0.063895 75.01362
68 0.968511 0.062852 76.119533
69 0.969009 0.062003 77.225477
70 0.969535 0.061113 78.331897
71 0.969861 0.060573 79.435318
72 0.970332 0.059805 80.538759
73 0.9708 0.059035 81.645347
74 0.97111 0.058501 82.749945
75 0.971515 0.057812 83.856789
76 0.971856 0.057232 84.964732
77 0.972344 0.056424 86.258786
78 0.972753 0.055743 87.364008
79 0.973064 0.055262 88.470768
80 0.973445 0.054658 89.577835
81 0.973605 0.054376 90.682665
82 0.973702 0.054222 91.789763
83 0.973886 0.053939 92.896538
84 0.974144 0.053547 94.005851
85 0.974196 0.053506 95.110244
86 0.974401 0.053184 96.213827
87 0.974635 0.052817 97.319903
88 0.975014 0.052192 98.429424
89 0.975187 0.05192 99.535685
90 0.975176 0.051946 100.641026
91 0.975227 0.051836 101.940376
92 0.975328 0.051682 103.043514
93 0.97547 0.051458 104.149184
94 0.975739 0.051 105.253146
95 0.97593 0.050696 106.35804
96 0.976144 0.050343 107.461228
97 0.976233 0.050173 108.566353
98 0.976537 0.049639 109.670846
99 0.976596 0.049532 110.778149
100 0.976937 0.048969 111.882867
101 0.977002 0.048868 112.997743
102 0.977021 0.048837 114.102496
103 0.977201 0.048558 115.20652
104 0.977246 0.04852 116.506575
105 0.977352 0.048377 117.612428
106 0.977532 0.048092 118.722631
107 0.977549 0.048086 120.025215
108 0.977594 0.048001 121.132118
109 0.977668 0.04786 122.237811
110 0.977828 0.047624 123.34454
111 0.977785 0.047691 124.449743
112 0.977997 0.047342 125.553262
113 0.977966 0.04743 126.660293
114 0.978141 0.04714 127.763925
115 0.978168 0.047103 128.87312
116 0.978361 0.046813 129.977942
117 0.97838 0.046792 131.291023
118 0.978469 0.046665 132.396307
119 0.978584 0.046448 133.50313
120 0.978643 0.046333 134.608411
121 0.978708 0.046257 135.71796
122 0.978735 0.046196 136.82366
123 0.97873 0.04622 137.928669
124 0.978866 0.045977 139.033484
125 0.978985 0.045792 140.140854
126 0.979093 0.045623 141.243407
127 0.979172 0.045482 142.346395
128 0.979279 0.04533 143.453127
129 0.979301 0.045283 144.557755
130 0.979452 0.04504 145.662023
131 0.979498 0.044956 146.971468
132 0.979589 0.044782 148.078006
133 0.979582 0.044795 149.18353
134 0.979604 0.044733 150.287198
135 0.979691 0.044608 151.391325
136 0.979666 0.044655 152.495011
137 0.979696 0.044629 153.599377
138 0.979664 0.044681 154.7047
139 0.979667 0.044694 155.810753
140 0.979791 0.044472 156.916554
141 0.979936 0.044226 158.024175
142 0.980028 0.04409 159.138521
143 0.979969 0.044198 160.241042
144 0.980077 0.04401 161.546846
145 0.980045 0.044064 162.650522
146 0.98011 0.04397 163.755695
147 0.980074 0.044041 164.860791
148 0.980016 0.044176 165.965698
149 0.980028 0.044157 167.071172
150 0.980017 0.044178 168.17659
151 0.979894 0.044411 169.281597
152 0.979916 0.044395 170.383554
153 0.979898 0.044399 171.487921
154 0.979953 0.04431 172.591163
155 0.980057 0.044155 173.695352
156 0.980138 0.044025 174.800156
157 0.98023 0.043887 176.111392
158 0.980206 0.043927 177.214687
159 0.980256 0.043836 178.322944
160 0.98029 0.043796 179.426247
161 0.980312 0.043748 180.531646
162 0.980294 0.043775 181.639073
163 0.9805 0.043406 182.744178
164 0.98056 0.043322 183.85083
165 0.980595 0.043261 184.957093
166 0.98069 0.043117 186.063671
167 0.980759 0.042994 187.170419
168 0.980769 0.042977 188.275244
169 0.98081 0.042913 189.38544
170 0.980839 0.042847 190.487851
171 0.980828 0.042893 191.79884
172 0.980875 0.042815 192.902338
173 0.980879 0.042805 194.004911
174 0.980853 0.042846 195.108587
175 0.980909 0.042743 196.215482
176 0.980976 0.042665 197.315751
177 0.980916 0.042816 198.418685
178 0.980923 0.042794 199.52194
179 0.980964 0.042732 200.625398
180 0.980946 0.04274 201.729291
181 0.980907 0.04279 202.830944
182 0.980909 0.042757 203.931814
183 0.980978 0.042639 205.034329
184 0.981091 0.042453 206.360429
185 0.98117 0.042321 207.465323
186 0.981209 0.042259 208.569756
187 0.981231 0.042204 209.675235
188 0.981272 0.042152 210.779375
189 0.981284 0.042153 211.886795
190 0.981269 0.042141 212.993294
191 0.981296 0.042114 214.099941
192 0.981248 0.042179 215.205359
193 0.981248 0.042189 216.311138
194 0.981252 0.042172 217.415853
195 0.981264 0.042162 218.521554
196 0.981226 0.042235 219.62636
197 0.981252 0.042196 220.731864
198 0.981276 0.042196 222.051807
199 0.981367 0.042039 223.156577
200 0.981459 0.041887 224.259399
201 0.981407 0.041983 225.362628
202 0.981417 0.041922 226.467122
203 0.981436 0.041879 227.571113
204 0.981486 0.041769 228.67773
205 0.981493 0.041771 229.786841
206 0.981613 0.041572 230.894031
207 0.981617 0.041581 231.997263
208 0.981628 0.04154 233.101309
209 0.981636 0.041523 234.207351
210 0.981589 0.041625 235.311551
211 0.981577 0.041645 236.631077
212 0.981553 0.04168 237.733643
213 0.981623 0.041545 238.837803
214 0.981612 0.041556 239.94282
215 0.981632 0.041524 241.046831
216 0.981576 0.041608 242.151815
217 0.981599 0.041566 243.259603
218 0.98166 0.04145 244.364556
219 0.981728 0.041349 245.46907
220 0.981772 0.041286 246.575374
221 0.981793 0.041226 247.679061
222 0.981785 0.04123 248.784042
223 0.981827 0.041179 249.888249
224 0.981876 0.041106 251.209495
225 0.981834 0.041216 252.315303
226 0.981881 0.041148 253.419374
227 0.981906 0.04108 254.523394
228 0.981886 0.041116 255.626904
229 0.981806 0.041275 256.73268
230 0.981831 0.041241 257.841925
231 0.981767 0.041349 258.949124
232 0.981829 0.041228 260.055154
233 0.981794 0.041284 261.384351
234 0.981895 0.041129 262.489856
235 0.98203 0.040881 263.594383
236 0.982113 0.040714 264.698549
237 0.982168 0.040603 266.024366
238 0.982162 0.040627 267.128088
239 0.982175 0.040631 268.231372
240 0.982241 0.040504 269.33444
241 0.982331 0.040342 270.440195
242 0.982354 0.040312 271.547546
243 0.982359 0.040289 272.653333
244 0.982273 0.040448 273.757283
245 0.982323 0.040369 274.860051
246 0.982357 0.040316 275.964514
247 0.982331 0.040361 277.07108
248 0.982297 0.040464 278.175621
249 0.982259 0.040491 279.280728
250 0.982366 0.040297 280.385363
251 0.98245 0.040125 281.713671
252 0.982487 0.040054 282.819141
253 0.98245 0.040112 283.922211
254 0.982519 0.039967 285.026331
255 0.982494 0.039965 286.131352
256 0.982528 0.039894 287.246469
257 0.982516 0.039901 288.351981
258 0.982565 0.039836 289.456768
259 0.982532 0.039903 290.562277
260 0.982608 0.039756 291.666526
261 0.982582 0.039786 292.771061
262 0.982567 0.039828 293.875061
263 0.982639 0.0397 294.983459
264 0.982644 0.039679 296.313572
265 0.982697 0.03957 297.418953
266 0.982763 0.039459 298.522135
267 0.982745 0.039474 299.629806
268 0.98275 0.039481 300.735868

Epoch & Fidelity & KL & Runtime 
1 0.69332 0.65205 1.119173
2 0.823394 0.346873 2.225629
3 0.888514 0.212337 3.330848
4 0.927532 0.137574 4.434959
5 0.948629 0.098872 5.539246
6 0.961428 0.075946 6.643524
7 0.968942 0.062695 7.747615
8 0.973217 0.055402 8.851548
9 0.975683 0.051346 9.957962
10 0.977435 0.048492 11.294559
11 0.978342 0.047084 12.399735
12 0.979216 0.045792 13.512726
13 0.98014 0.044248 14.61737
14 0.979752 0.044958 15.723306
15 0.980049 0.044524 16.828913
16 0.980328 0.043916 17.934367
17 0.980554 0.043601 19.039624
18 0.981448 0.041932 20.144489
19 0.982117 0.040801 21.24988
20 0.981795 0.041619 22.355798
21 0.980934 0.043064 23.460341
22 0.980678 0.043626 24.56463
23 0.981533 0.04221 25.900136
24 0.982456 0.040446 27.005581
25 0.982971 0.039424 28.110616
26 0.982605 0.040319 29.219127
27 0.981946 0.041522 30.323691
28 0.981821 0.041885 31.427583
29 0.983086 0.039431 32.534723
30 0.982709 0.040101 33.641685
31 0.983332 0.039014 34.74657
32 0.983058 0.039602 35.852965
33 0.982567 0.04022 36.959178
34 0.983292 0.038823 38.065604
35 0.98292 0.039576 39.170541
36 0.983077 0.039313 40.509678
37 0.982759 0.03969 41.615727
38 0.982616 0.040264 42.720792
39 0.983103 0.039494 43.82724
40 0.984151 0.03751 44.932788
41 0.983464 0.038953 46.038892
42 0.984084 0.03756 47.143716
43 0.98437 0.037011 48.248005
44 0.984628 0.036439 49.351542
45 0.98436 0.037193 50.454385
46 0.984595 0.036773 51.55951
47 0.984719 0.036591 52.664495
48 0.984644 0.036627 53.769094
49 0.984951 0.035955 54.871643
50 0.983293 0.039141 56.215945
51 0.984559 0.036757 57.321738
52 0.985173 0.035543 58.426186
53 0.984787 0.03616 59.532196
54 0.98486 0.036103 60.635055
55 0.98504 0.035798 61.737735
56 0.985107 0.03588 62.84468
57 0.985231 0.03552 63.952884
58 0.985205 0.035599 65.071779
59 0.985498 0.034959 66.178162
60 0.986006 0.034252 67.284009
61 0.984966 0.036262 68.389039
62 0.985393 0.035597 69.496251
63 0.984717 0.037195 70.843212
64 0.984761 0.036997 71.946426
65 0.985054 0.036152 73.051831
66 0.986192 0.034043 74.155047
67 0.986081 0.034022 75.258614
68 0.986064 0.03409 76.362613
69 0.98719 0.032064 77.468131
70 0.986664 0.033259 78.57807
71 0.987252 0.03206 79.684629
72 0.986356 0.033845 80.790477
73 0.985996 0.034439 81.894456
74 0.98555 0.035363 82.99951
75 0.986403 0.033889 84.104396
76 0.986472 0.033784 85.450455
77 0.986789 0.033068 86.554993
78 0.986783 0.032978 87.659332
79 0.986824 0.032873 88.762726
80 0.986182 0.034051 89.866764
81 0.987011 0.032617 90.969161
82 0.986956 0.032676 92.071817
83 0.985962 0.034533 93.177731
84 0.98733 0.032046 94.285778
85 0.987783 0.031218 95.392729
86 0.987064 0.032575 96.498482
87 0.987336 0.032104 97.607031
88 0.986889 0.032743 98.712016
89 0.987087 0.03236 99.817603
90 0.986917 0.032603 101.177872
91 0.986625 0.03351 102.2822
92 0.987272 0.032133 103.385953
93 0.987355 0.032091 104.491186
94 0.987596 0.031664 105.595644
95 0.987274 0.032379 106.699294
96 0.987283 0.032303 107.804292
97 0.986581 0.033529 108.90751
98 0.987289 0.032271 110.013445
99 0.986415 0.033894 111.117404
100 0.987642 0.031468 112.22074
101 0.987862 0.030998 113.329861
102 0.987894 0.030914 114.435329
103 0.987838 0.031055 115.787735
104 0.986918 0.032753 116.892403
105 0.987319 0.032216 118.00003
106 0.988033 0.030692 119.354272
107 0.987996 0.030695 120.463118
108 0.986976 0.032841 121.569741
109 0.987557 0.031608 122.677741
110 0.987428 0.03174 123.783574
111 0.987115 0.032365 124.889247
112 0.987227 0.031957 125.994215
113 0.987511 0.031489 127.098087
114 0.987084 0.032412 128.20349
115 0.987712 0.031282 129.312328
116 0.987718 0.031305 130.667647
117 0.987786 0.031158 131.770586
118 0.987805 0.031177 132.87554
119 0.988474 0.029874 133.97851
120 0.988474 0.029944 135.080216
121 0.988371 0.030216 136.187006
122 0.988128 0.030693 137.291362
123 0.988349 0.030256 138.399043
124 0.988841 0.029377 139.504378
125 0.988759 0.029401 140.623358
126 0.988296 0.030355 141.725321
127 0.988618 0.029855 142.830527
128 0.989001 0.029218 143.939878
129 0.989205 0.028684 145.301731
130 0.989387 0.028376 146.40816
131 0.988843 0.029561 147.513342
132 0.988737 0.029709 148.624712
133 0.988155 0.030726 149.728137
134 0.987574 0.031677 150.831227
135 0.987926 0.031257 151.936622
136 0.988506 0.030068 153.039184
137 0.988568 0.030062 154.140975
138 0.988772 0.029528 155.243772
139 0.988619 0.029917 156.351012
140 0.988469 0.030093 157.463922
141 0.988299 0.030466 158.569593
142 0.987608 0.031783 159.674837
143 0.987512 0.031842 161.03552
144 0.987427 0.031896 162.141797
145 0.987701 0.031393 163.245555
146 0.987262 0.032145 164.356625
147 0.988564 0.029921 165.460681
148 0.988654 0.029649 166.563744
149 0.988155 0.030608 167.671084
150 0.988853 0.029345 168.776896
151 0.988979 0.029191 169.882564
152 0.98841 0.03021 170.99208
153 0.988712 0.029703 172.096682
154 0.988864 0.029296 173.202658
155 0.988438 0.03004 174.3107
156 0.988132 0.030625 175.680401
157 0.988811 0.029547 176.785995
158 0.988004 0.031236 177.889988
159 0.987324 0.032407 178.996081
160 0.989215 0.028644 180.100809
161 0.988845 0.029356 181.209244
162 0.988239 0.030466 182.313801
163 0.98753 0.031852 183.421661
164 0.988185 0.030689 184.526087
165 0.988257 0.030546 185.630131
166 0.988602 0.029724 186.734989
167 0.987763 0.031429 187.841781
168 0.988677 0.029661 188.949295
169 0.988413 0.030118 190.318404
170 0.9887 0.029689 191.423455
171 0.988354 0.030345 192.526905
172 0.988146 0.030813 193.636283
173 0.98808 0.031022 194.741371
174 0.988265 0.030626 195.845966
175 0.987512 0.032173 196.949773
176 0.987042 0.032863 198.053676
177 0.988199 0.03076 199.15809
178 0.98893 0.029356 200.262794
179 0.988271 0.030607 201.368037
180 0.989045 0.029142 202.47289
181 0.988652 0.029915 203.576609
182 0.988315 0.030622 204.681952
183 0.988675 0.029942 206.054777
184 0.988673 0.029903 207.159963
185 0.987907 0.031354 208.26511
186 0.988539 0.030268 209.37082
187 0.989025 0.029239 210.478208
188 0.988691 0.030028 211.583098
189 0.988773 0.0298 212.690578
190 0.988782 0.029867 213.795381
191 0.988675 0.030056 214.900705
192 0.988332 0.030716 216.006208
193 0.98875 0.029876 217.112079
194 0.987926 0.031561 218.215955
195 0.988493 0.030381 219.325068
196 0.988398 0.030691 220.698184
197 0.988373 0.030581 221.815109
198 0.988366 0.030597 222.920575
199 0.987493 0.032261 224.025522
200 0.988038 0.031096 225.132546
201 0.988332 0.030606 226.238197
202 0.989209 0.028936 227.348303
203 0.988973 0.029411 228.454904
204 0.988757 0.029602 229.559607
205 0.988486 0.030053 230.667755
206 0.988591 0.029972 231.771625
207 0.987968 0.031079 232.875965
208 0.987834 0.031494 233.982113
209 0.987864 0.031461 235.362536
210 0.987337 0.032291 236.466632
211 0.987225 0.032618 237.571286
212 0.987747 0.031638 238.675047
213 0.988196 0.030621 239.780079
214 0.988657 0.029781 240.888227
215 0.988624 0.030026 242.001688
216 0.989284 0.028853 243.107108
217 0.988304 0.030854 244.211915
218 0.988256 0.030839 245.314538
219 0.989297 0.028851 246.419533
220 0.989468 0.028509 247.524261
221 0.989359 0.028654 248.631483
222 0.989008 0.029234 249.737441
223 0.9888 0.029871 251.120283
224 0.989373 0.028822 252.224937
225 0.989284 0.028919 253.32831
226 0.988783 0.030038 254.432661
227 0.989138 0.029271 255.538582
228 0.990056 0.027488 256.644926
229 0.989368 0.028813 257.75266
230 0.989268 0.028901 258.859226
231 0.98896 0.02958 260.238898
232 0.989227 0.028969 261.346698
233 0.9896 0.028251 262.45464
234 0.989527 0.028317 263.562571
235 0.989267 0.02888 264.672836
236 0.989311 0.029074 266.054735
237 0.989359 0.028964 267.161065
238 0.989755 0.02807 268.268052
239 0.989174 0.028919 269.375216
240 0.989584 0.028202 270.484756
241 0.989323 0.02878 271.591057
242 0.988483 0.030563 272.698654
243 0.988531 0.030532 273.804652
244 0.988279 0.030935 274.908704
245 0.989408 0.02876 276.024437
246 0.989354 0.028781 277.131173
247 0.988996 0.029513 278.23578
248 0.989057 0.029436 279.340618
249 0.989792 0.027913 280.729455
250 0.989151 0.029201 281.837203
251 0.989022 0.029451 282.944765
252 0.989578 0.028475 284.050445
253 0.989403 0.028805 285.158267
254 0.989242 0.029125 286.262593
255 0.988944 0.029633 287.369202
256 0.988476 0.030438 288.475312
257 0.988275 0.031133 289.580041
258 0.988788 0.029971 290.688321
259 0.98889 0.02984 291.794276
260 0.989179 0.029102 292.903554
261 0.988876 0.029761 294.010203
262 0.988883 0.02972 295.406039
263 0.98959 0.028466 296.509948
264 0.989226 0.029021 297.628636
265 0.989613 0.02834 298.733297
266 0.989392 0.028691 299.840264
267 0.989337 0.028728 300.946394

Epoch & Fidelity & KL & Runtime 
1 0.973435 0.05581 1.111934
2 0.973551 0.056054 2.219518
3 0.980909 0.043181 3.328078
4 0.976987 0.051318 4.439305
5 0.980815 0.043818 5.547173
6 0.982653 0.041282 6.655536
7 0.985179 0.036856 7.762015
8 0.982843 0.040861 8.86775
9 0.983879 0.038368 10.276856
10 0.980557 0.046193 11.385332
11 0.97925 0.049629 12.49103
12 0.984189 0.039461 13.599108
13 0.981643 0.044688 14.706607
14 0.983499 0.039621 15.811216
15 0.979118 0.046555 16.916369
16 0.983961 0.040126 18.021945
17 0.982919 0.041168 19.127412
18 0.984168 0.038322 20.236098
19 0.986279 0.034213 21.341925
20 0.980398 0.045913 22.448064
21 0.981992 0.042756 23.554292
22 0.984554 0.038827 24.963917
23 0.983203 0.041091 26.068234
24 0.985908 0.035507 27.174208
25 0.978367 0.051623 28.280239
26 0.985393 0.036036 29.38545
27 0.983394 0.041483 30.491666
28 0.983742 0.040851 31.596531
29 0.983325 0.040867 32.701647
30 0.986637 0.034203 33.80976
31 0.979632 0.047283 34.914533
32 0.985063 0.03695 36.023138
33 0.978246 0.051745 37.129584
34 0.98521 0.037155 38.235074
35 0.983321 0.041343 39.656676
36 0.98268 0.041109 40.765475
37 0.987078 0.033833 41.871186
38 0.985107 0.037782 42.978219
39 0.983392 0.040206 44.084208
40 0.98857 0.03031 45.189482
41 0.981684 0.044078 46.301718
42 0.986489 0.035348 47.410128
43 0.983976 0.039811 48.515499
44 0.982954 0.041539 49.620779
45 0.982698 0.042135 50.725013
46 0.984856 0.037754 51.832525
47 0.985778 0.036511 52.93877
48 0.985087 0.036775 54.366221
49 0.982858 0.042592 55.472496
50 0.981636 0.04454 56.578728
51 0.981766 0.044709 57.684103
52 0.983168 0.04213 58.796939
53 0.985053 0.037544 60.227316
54 0.985044 0.037767 61.333709
55 0.983524 0.040332 62.44073
56 0.985262 0.037832 63.547521
57 0.986218 0.035665 64.654916
58 0.988895 0.030427 65.760405
59 0.987479 0.033208 66.864855
60 0.98404 0.039975 67.969927
61 0.979985 0.047393 69.413026
62 0.986305 0.035828 70.521049
63 0.979067 0.049734 71.630424
64 0.982617 0.042153 72.736352
65 0.98476 0.038046 73.845763
66 0.982489 0.042894 74.949713
67 0.981756 0.044107 76.055733
68 0.987366 0.033216 77.162575
69 0.985942 0.036923 78.270154
70 0.986186 0.03538 79.377388
71 0.984334 0.039045 80.488746
72 0.988201 0.031672 81.593958
73 0.984586 0.038752 82.699903
74 0.988526 0.03113 83.80696
75 0.987146 0.033413 85.246338
76 0.982161 0.044037 86.350439
77 0.985941 0.036059 87.454768
78 0.980326 0.046937 88.560195
79 0.985618 0.03728 89.665961
80 0.980935 0.045632 90.772456
81 0.989176 0.029971 91.87817
82 0.983267 0.041322 92.98251
83 0.985548 0.037133 94.089072
84 0.987086 0.033668 95.192723
85 0.983938 0.039519 96.297189
86 0.984515 0.039063 97.402144
87 0.985358 0.037234 98.507503
88 0.9865 0.034894 99.952183
89 0.987274 0.033427 101.056889
90 0.987445 0.032919 102.161785
91 0.987744 0.032982 103.266499
92 0.982322 0.042437 104.375082
93 0.984728 0.03848 105.482502
94 0.986163 0.035527 106.589523
95 0.985134 0.037849 107.696958
96 0.988364 0.031422 108.803567
97 0.984478 0.038459 109.909467
98 0.986485 0.035364 111.025234
99 0.985212 0.037562 112.131954
100 0.983596 0.041685 113.236844
101 0.987706 0.032581 114.688271
102 0.98828 0.031835 115.796087
103 0.984177 0.039488 116.907739
104 0.988669 0.030797 118.360329
105 0.987671 0.033459 119.464876
106 0.983466 0.040801 120.56866
107 0.986057 0.036237 121.672647
108 0.986361 0.035297 122.777453
109 0.986948 0.033964 123.884681
110 0.983999 0.040187 124.989116
111 0.984424 0.038576 126.094702
112 0.98653 0.034853 127.199499
113 0.986376 0.035177 128.303938
114 0.984977 0.038126 129.760468
115 0.986982 0.034427 130.867421
116 0.985228 0.037514 131.973739
117 0.981764 0.044508 133.080985
118 0.98603 0.036242 134.186957
119 0.988374 0.031491 135.293274
120 0.982317 0.042953 136.398766
121 0.982033 0.043916 137.508068
122 0.985237 0.037455 138.61479
123 0.982259 0.043192 139.722549
124 0.981919 0.044168 140.829618
125 0.984289 0.039439 141.937141
126 0.981617 0.044095 143.044132
127 0.988447 0.031254 144.50756
128 0.987372 0.033197 145.619061
129 0.984329 0.038994 146.726279
130 0.986308 0.035514 147.832812
131 0.980228 0.04794 148.939826
132 0.986634 0.034783 150.045464
133 0.987581 0.032451 151.153386
134 0.987013 0.033977 152.260294
135 0.985288 0.037481 153.3677
136 0.981633 0.045112 154.473357
137 0.983775 0.040442 155.578749
138 0.987838 0.032306 156.6885
139 0.984035 0.040039 157.80654
140 0.982488 0.04321 158.913721
141 0.985701 0.03644 160.389881
142 0.984437 0.039296 161.497448
143 0.986605 0.03551 162.606165
144 0.984817 0.038324 163.71322
145 0.986593 0.034378 164.819235
146 0.985447 0.0369 165.929563
147 0.983016 0.041131 167.036394
148 0.986704 0.034646 168.142969
149 0.981335 0.045029 169.249152
150 0.984673 0.038294 170.356903
151 0.984936 0.038217 171.464909
152 0.986034 0.035716 172.569391
153 0.986456 0.034459 173.679068
154 0.986097 0.035583 175.154311
155 0.983392 0.041536 176.260434
156 0.988098 0.031863 177.367499
157 0.985798 0.036543 178.472472
158 0.987852 0.032615 179.576881
159 0.986414 0.035226 180.682868
160 0.987151 0.033456 181.788942
161 0.984265 0.039101 182.897442
162 0.982772 0.041589 184.002994
163 0.986047 0.035779 185.113291
164 0.98633 0.03534 186.218544
165 0.984017 0.039399 187.324822
166 0.984311 0.039416 188.434104
167 0.98632 0.035252 189.923566
168 0.987109 0.033868 191.029351
169 0.985362 0.036813 192.135406
170 0.98706 0.033853 193.238399
171 0.985986 0.036151 194.343038
172 0.987617 0.032538 195.44981
173 0.986142 0.035519 196.55629
174 0.985114 0.03769 197.660227
175 0.986807 0.034532 198.765657
176 0.986521 0.03509 199.871005
177 0.98702 0.034331 200.977313
178 0.985936 0.036192 202.082888
179 0.98656 0.034814 203.188748
180 0.98491 0.038601 204.679694
181 0.987663 0.032712 205.787678
182 0.988217 0.031854 206.895082
183 0.988197 0.031876 208.005362
184 0.989141 0.029832 209.113944
185 0.983957 0.04003 210.218939
186 0.98647 0.034846 211.323387
187 0.98693 0.034231 212.427581
188 0.987599 0.033148 213.533411
189 0.987554 0.033274 214.638278
190 0.985986 0.036074 215.746999
191 0.987625 0.032871 216.851674
192 0.986993 0.034608 217.958946
193 0.986748 0.034761 219.454521
194 0.987525 0.032869 220.561197
195 0.986964 0.034223 221.668695
196 0.98497 0.038507 222.774504
197 0.982869 0.041889 223.878998
198 0.986493 0.035213 224.986089
199 0.986832 0.03465 226.090693
200 0.986002 0.036746 227.194247
201 0.983406 0.041817 228.306054
202 0.985441 0.037223 229.41207
203 0.98555 0.037321 230.518079
204 0.984733 0.038342 231.626179
205 0.983246 0.041199 232.730208
206 0.987481 0.033185 233.846879
207 0.984536 0.038773 235.35126
208 0.987166 0.033612 236.456046
209 0.98524 0.037568 237.563341
210 0.986159 0.035719 238.669347
211 0.982956 0.042014 239.774898
212 0.9832 0.041556 240.878863
213 0.982211 0.043542 241.982875
214 0.98428 0.039833 243.091258
215 0.986742 0.034672 244.198254
216 0.988349 0.031494 245.302871
217 0.988073 0.032496 246.407638
218 0.986334 0.035424 247.511518
219 0.983821 0.040809 248.615067
220 0.984691 0.038773 250.125007
221 0.980252 0.047248 251.237279
222 0.983907 0.040352 252.342097
223 0.983695 0.040858 253.448389
224 0.986476 0.035244 254.551969
225 0.985788 0.036538 255.660449
226 0.987297 0.033749 256.766863
227 0.986617 0.035052 258.282334
228 0.983387 0.041346 259.38716
229 0.987634 0.033043 260.494914
230 0.985717 0.03735 261.600889
231 0.985464 0.037455 262.705718
232 0.987936 0.032743 263.818957
233 0.984916 0.038029 265.334057
234 0.984522 0.039135 266.438633
235 0.984098 0.039355 267.545587
236 0.982299 0.043048 268.651556
237 0.98565 0.036619 269.756575
238 0.983305 0.0414 270.85947
239 0.983156 0.042087 271.963757
240 0.987464 0.033382 273.068932
241 0.986165 0.035924 274.175581
242 0.986107 0.036162 275.281229
243 0.983647 0.04033 276.385631
244 0.986215 0.035784 277.487321
245 0.983139 0.042105 278.590085
246 0.984111 0.03973 280.115482
247 0.983294 0.041213 281.222353
248 0.980641 0.046096 282.328499
249 0.984162 0.039697 283.433871
250 0.983241 0.041535 284.537341
251 0.985845 0.036498 285.643344
252 0.983145 0.041486 286.755873
253 0.983676 0.040779 287.861183
254 0.983739 0.040518 288.965671
255 0.981751 0.044283 290.069415
256 0.984128 0.03985 291.172213
257 0.982748 0.042877 292.279269
258 0.98416 0.040342 293.384425
259 0.984579 0.039258 294.908271
260 0.980054 0.047844 296.015986
261 0.981968 0.043943 297.120762
262 0.985272 0.037722 298.226714
263 0.978646 0.050138 299.337517
264 0.977932 0.052035 300.444554

