Learning Rates: 1e-05 0.0001 0.001 0.01 0.1 1 
Epoch & Fidelity & KL & Runtime 
1 0.037603 4.4908 37.870362
2 0.037753 4.484738 75.873022
3 0.037901 4.47872 113.789282
4 0.03805 4.472728 151.785015
5 0.038199 4.466763 189.878483
6 0.038347 4.46086 227.97211
7 0.038494 4.454995 266.014659
8 0.03864 4.449195 304.164843
9 0.038786 4.443444 342.553056
10 0.038931 4.437728 380.772851
11 0.039075 4.432069 419.095836
12 0.039218 4.426447 457.474919
13 0.03936 4.420903 495.910351
14 0.039502 4.415405 534.345721
15 0.039644 4.409924 572.831684
16 0.039785 4.404454 611.149987
17 0.039926 4.399058 650.029133
18 0.040065 4.393704 688.553971
19 0.040204 4.388403 726.82011
20 0.040342 4.383131 765.466499
21 0.04048 4.377891 804.1017

Epoch & Fidelity & KL & Runtime 
1 0.050896 4.255031 38.671446
2 0.051643 4.218373 77.342105
3 0.052343 4.184199 115.75624
4 0.053005 4.152327 154.786737
5 0.053624 4.122687 193.431287
6 0.054214 4.094892 232.406819
7 0.054769 4.068903 271.420496
8 0.055292 4.044691 310.695295
9 0.055781 4.022187 349.652301
10 0.056248 4.000773 388.215652
11 0.056693 3.980727 427.129099
12 0.057109 3.961954 466.077814
13 0.0575 3.944452 505.042801
14 0.057878 3.927841 544.528882
15 0.058233 3.91238 583.159934
16 0.058569 3.897834 622.573631
17 0.058891 3.884052 661.235997
18 0.059196 3.871076 700.4037
19 0.059486 3.858711 740.014373
20 0.059761 3.84715 778.775285
21 0.060025 3.836175 817.956846

Epoch & Fidelity & KL & Runtime 
1 0.06004 3.850783 39.103581
2 0.062278 3.765446 77.935605
3 0.063704 3.713923 117.582058
4 0.064729 3.679245 156.297986
5 0.065525 3.653501 195.516727
6 0.066225 3.631796 235.294044
7 0.066892 3.61164 274.070149
8 0.067543 3.592142 313.370964
9 0.068205 3.57251 352.703731
10 0.068891 3.552426 392.092567
11 0.069607 3.531716 431.468686
12 0.070356 3.51017 470.296827
13 0.071145 3.487905 509.664243
14 0.071965 3.464654 549.541075
15 0.072836 3.44064 588.367802
16 0.073746 3.415787 627.7324
17 0.074704 3.389969 666.591738
18 0.075709 3.363493 706.598552
19 0.076758 3.336392 746.029172
20 0.077868 3.308405 784.951498
21 0.079027 3.279939 824.447059

Epoch & Fidelity & KL & Runtime 
1 0.066493 3.560193 40.085359
2 0.076734 3.295112 79.178155
3 0.091357 3.010996 118.935307
4 0.107562 2.793477 159.356028
5 0.121361 2.65067 198.591965
6 0.132622 2.541427 238.444103
7 0.142894 2.445966 278.32935
8 0.152705 2.363643 318.198047
9 0.162065 2.294491 358.010981
10 0.17076 2.236113 397.910625
11 0.178803 2.18512 437.137473
12 0.186251 2.140076 477.714198
13 0.193085 2.099152 517.704201
14 0.199457 2.061414 557.004575
15 0.205699 2.025055 597.038435
16 0.211656 1.990297 637.669391
17 0.217774 1.955788 676.986146
18 0.223521 1.919537 716.977386
19 0.229227 1.883635 756.271905
20 0.23543 1.84673 797.017788
21 0.24185 1.810419 837.12148

Epoch & Fidelity & KL & Runtime 
1 0.180268 2.190391 40.015486
2 0.247541 1.789558 80.109803
3 0.309698 1.504924 120.246788
4 0.361494 1.322279 160.395287
5 0.399954 1.206139 199.820726
6 0.432067 1.119234 240.751167
7 0.461916 1.048483 280.907633
8 0.484646 0.994484 320.360682
9 0.503065 0.950163 360.545466
10 0.521625 0.911821 401.584548
11 0.535368 0.87823 441.031008
12 0.549611 0.843635 481.298957
13 0.562071 0.809893 522.340729
14 0.57425 0.782171 561.837196
15 0.587008 0.747902 602.113224
16 0.598104 0.722552 642.462492
17 0.613423 0.690675 683.605717
18 0.626134 0.660694 723.198104
19 0.636503 0.6329 763.678497
20 0.647272 0.609304 804.154166

Epoch & Fidelity & KL & Runtime 
1 0.500378 0.971691 40.275218
2 0.618601 0.674605 80.674137
3 0.694922 0.529006 121.119295
4 0.746358 0.438667 160.757864
5 0.777789 0.407606 203.142216
6 0.807015 0.369023 243.66642
7 0.799736 0.392748 284.161931
8 0.83276 0.331347 324.697992
9 0.809116 0.403176 365.236685
10 0.829043 0.350661 405.781831
11 0.798992 0.443424 445.491538
12 0.860995 0.277388 486.039136
13 0.77271 0.511315 527.499805
14 0.833372 0.353476 567.211774
15 0.796453 0.437756 607.835317
16 0.774431 0.478929 649.39114
17 0.808731 0.393255 690.102343
18 0.795479 0.425756 729.875736
19 0.784753 0.435111 771.49836
20 0.783172 0.439552 812.213123

