Optimizers: SGD Adam Adadelta Adamax RMSprop 
Learning Rates: 0.01 0.0001 0.1 0.001 0.0001 
Epoch & Fidelity & KL & Runtime 
1 0.426043 1.153492 35.413374
2 0.530335 0.900906 70.875005
3 0.5966 0.730816 106.425862
4 0.64791 0.60177 141.946275
5 0.695901 0.524048 177.579435
6 0.747795 0.424872 213.27697
7 0.772573 0.378339 248.900013
8 0.783712 0.376263 284.673917
9 0.805888 0.337941 320.340585
10 0.806792 0.34636 356.149128
11 0.837502 0.285373 391.981215
12 0.866014 0.226245 427.632787
13 0.844604 0.280259 463.815508
14 0.86459 0.245326 499.571621
15 0.854086 0.266104 535.51686
16 0.883043 0.205959 571.548707
17 0.892471 0.191956 607.38679
18 0.903293 0.172945 643.487665
19 0.879932 0.222077 679.608567
20 0.908381 0.168606 715.441874
21 0.899743 0.190908 751.690427
22 0.910431 0.165601 787.669436
23 0.894574 0.205608 824.360523

Epoch & Fidelity & KL & Runtime 
1 0.088548 3.089466 37.272868
2 0.134221 2.526993 75.001083
3 0.173673 2.19869 112.482102
4 0.205794 2.018428 150.744953
5 0.228522 1.889014 188.224405
6 0.252287 1.75963 226.597052
7 0.274667 1.647894 264.087185
8 0.296911 1.547293 302.503197
9 0.317793 1.461182 340.057502
10 0.338385 1.385497 378.153119
11 0.357193 1.320074 415.757834
12 0.376245 1.2617 454.373812
13 0.393307 1.209844 492.490444
14 0.409274 1.165595 530.632062
15 0.424154 1.125614 568.816777
16 0.438125 1.086543 607.029564
17 0.450956 1.054619 645.275583
18 0.46271 1.023301 682.975785
19 0.473982 0.999456 721.256562
20 0.484863 0.972164 759.539759
21 0.49296 0.954789 797.84157
22 0.502697 0.933406 835.691706

Epoch & Fidelity & KL & Runtime 
1 0.167823 2.224003 38.182528
2 0.240815 1.818973 77.618637
3 0.288872 1.601769 115.990576
4 0.331094 1.426941 154.94483
5 0.368326 1.292176 194.506396
6 0.403584 1.187238 232.87292
7 0.433662 1.111857 271.922903
8 0.456639 1.06183 310.351302
9 0.477611 1.017588 349.378439
10 0.492115 0.981859 388.482615
11 0.50515 0.954325 427.563553
12 0.516306 0.929342 466.708009
13 0.530225 0.890103 505.831245
14 0.541667 0.859069 545.01788
15 0.549727 0.834596 583.507124
16 0.563984 0.793077 622.684482
17 0.576292 0.764235 662.577525
18 0.585277 0.740822 701.064638
19 0.596677 0.709842 740.284186
20 0.608415 0.68629 779.599867
21 0.621097 0.659342 818.938032

Epoch & Fidelity & KL & Runtime 
1 0.184995 2.137683 40.196179
2 0.274658 1.656913 80.495765
3 0.33786 1.396298 120.021898
4 0.387583 1.233686 161.074682
5 0.428033 1.113961 201.403947
6 0.464302 1.035189 240.957229
7 0.490853 0.978547 282.046757
8 0.515345 0.925387 322.391552
9 0.532601 0.878082 361.999266
10 0.552499 0.824606 402.405619
11 0.570117 0.780783 443.609457
12 0.591434 0.725821 483.270848
13 0.606432 0.687811 523.773396
14 0.626679 0.642106 564.309018
15 0.642315 0.610243 605.601999
16 0.663945 0.560473 645.379862
17 0.682519 0.525763 685.950343
18 0.691603 0.502768 726.462022
19 0.711966 0.466588 767.040509
20 0.722918 0.445992 807.67171

Epoch & Fidelity & KL & Runtime 
1 0.089495 3.087833 38.699682
2 0.140396 2.47871 77.434506
3 0.178842 2.177671 116.226407
4 0.211919 1.970112 154.206108
5 0.241739 1.816782 193.002257
6 0.267483 1.694253 232.72541
7 0.291506 1.590369 270.710838
8 0.313033 1.501482 309.591119
9 0.332179 1.427062 347.574724
10 0.349852 1.360327 387.451976
11 0.366598 1.303337 426.392569
12 0.38254 1.249981 464.455903
13 0.397102 1.206878 503.437883
14 0.411565 1.163392 542.390647
15 0.424786 1.128796 581.38093
16 0.436838 1.097838 620.432177
17 0.448489 1.06735 658.605555
18 0.458804 1.042235 698.630372
19 0.469002 1.01726 736.748296
20 0.478486 0.993775 775.953508
21 0.487495 0.974342 814.18211

