Learning Rates: 1e-05 0.0001 0.001 0.01 0.1 1 
Epoch & Fidelity & KL & Runtime 
1 0.325946 2.301636 24.855451
2 0.355745 2.139064 49.65382
3 0.38511 1.991704 74.502715
4 0.414528 1.855201 99.470484
5 0.443005 1.731949 124.295405
6 0.471421 1.616709 149.271128
7 0.498369 1.513657 174.222343
8 0.524777 1.417974 199.035164
9 0.550459 1.329407 224.023095
10 0.574137 1.251143 249.277488
11 0.59742 1.177359 274.113688
12 0.619137 1.11108 299.196816
13 0.640273 1.048702 324.322421
14 0.660483 0.990895 349.241046
15 0.679167 0.938927 374.39175
16 0.696726 0.891398 399.600761
17 0.71354 0.846968 425.025143
18 0.728888 0.807241 450.778415
19 0.743542 0.770107 476.080317
20 0.757351 0.735769 501.409208

Epoch & Fidelity & KL & Runtime 
1 0.51884 1.457547 25.016612
2 0.712988 0.856482 50.418199
3 0.828041 0.573152 75.834128
4 0.895681 0.42391 100.891468
5 0.933845 0.344779 126.361902
6 0.95549 0.301414 152.311693
7 0.969841 0.273208 177.406486
8 0.977779 0.257932 202.92706
9 0.982614 0.248733 228.938541
10 0.98594 0.24238 254.515187
11 0.987381 0.239695 279.645344
12 0.988205 0.238246 305.257929
13 0.98927 0.236286 330.898024
14 0.989785 0.235353 356.530857
15 0.990173 0.23466 382.205939
16 0.990788 0.233427 407.92864
17 0.990691 0.233646 433.095445
18 0.989976 0.235029 458.807242
19 0.990677 0.233644 484.59641
20 0.990082 0.234896 510.918376

Epoch & Fidelity & KL & Runtime 
1 0.981243 0.251731 25.12246
2 0.986393 0.242589 50.814636
3 0.982938 0.249788 76.510753
4 0.982294 0.250872 101.664638
5 0.983992 0.247193 127.347146
6 0.984881 0.24551 153.676186
7 0.987095 0.241029 179.412374
8 0.982262 0.250983 204.584271
9 0.989636 0.235978 230.375376
10 0.984504 0.246419 256.758369
11 0.98623 0.242909 281.913698
12 0.987024 0.241497 308.327198
13 0.989078 0.237164 334.147261
14 0.985483 0.244651 359.985543
15 0.983102 0.249266 385.227325
16 0.986902 0.241626 411.080012
17 0.984791 0.246099 436.924611
18 0.98609 0.243013 462.814907
19 0.98408 0.247484 488.641934
20 0.988634 0.238245 514.546389

Epoch & Fidelity & KL & Runtime 
1 0.940589 0.337722 25.902747
2 0.96983 0.274105 51.192986
3 0.970448 0.273843 77.129369
4 0.974339 0.266567 103.744692
5 0.977032 0.261215 129.708501
6 0.972229 0.270328 154.935716
7 0.970571 0.27397 180.915448
8 0.986231 0.242912 206.990912
9 0.981092 0.253065 232.420203
10 0.98557 0.243941 259.367307
11 0.978213 0.258608 285.55599
12 0.977611 0.259395 311.842053
13 0.986383 0.241835 337.266678
14 0.974915 0.262298 363.55773
15 0.981294 0.251724 389.867646
16 0.976595 0.260641 417.091428
17 0.985062 0.244494 442.577186
18 0.980087 0.254352 468.964322
19 0.950184 0.304578 495.373002
20 0.970905 0.272008 521.814963

Epoch & Fidelity & KL & Runtime 
1 0.920054 0.382123 27.358321
2 0.889424 0.447895 52.944672
3 0.907622 0.414084 79.418562
4 0.915523 0.394865 105.928883
5 0.918212 0.388968 133.421306
6 0.954624 0.307534 159.961577
7 0.88305 0.471286 186.493453
8 0.896986 0.43482 213.045969
9 0.884925 0.461635 239.601181
10 0.909098 0.403932 265.177817
11 0.907819 0.408558 291.781413
12 0.893039 0.452823 319.384176
13 0.904387 0.41709 346.007332
14 0.941938 0.337048 372.68261
15 0.901928 0.394056 398.287687
16 0.91489 0.395582 424.960532
17 0.837437 0.577459 451.631227
18 0.93694 0.345909 479.354091
19 0.480551 1.139647 504.975797

Epoch & Fidelity & KL & Runtime 
1 0.479733 1.802488 27.677657
2 0.473483 1.86755 54.349805
3 0.485477 1.850433 81.03678
4 0.499571 1.642616 107.74963
5 0.662333 1.102075 133.355837
6 0.358091 2.422753 160.069019
7 0.426383 2.249757 186.864923
8 0.625895 1.322488 214.691041
9 0.51096 1.662071 240.363435
10 0.52187 1.651569 267.145304
11 0.559062 1.372709 295.038399
12 0.316842 2.810161 321.784359
13 0.515753 1.637099 348.772037
14 0.35301 2.424631 374.887884
15 0.635652 1.184183 402.185834
16 0.538527 1.498888 430.679127
17 0.392173 2.227122 458.036816
18 0.528886 1.573112 485.347543
19 0.401928 2.231219 512.720545

