0.0000000000 0.0000000000
-0.0000000000 0.0000000000
0.0000000000 0.0000000000
0.0445255637 0.0000000000
-0.0000000000 0.0000000000
-0.2162060142 0.0000000000
0.2162060142 0.0000000000
0.0178991742 0.0000000000
-0.0000000000 0.0000000000
0.3567036092 0.0000000000
-0.6174352169 0.0000000000
-0.0869143233 0.0000000000
0.2162060142 0.0000000000
0.1433940381 0.0000000000
-0.0743788853 0.0000000000
0.0000000000 0.0000000000
0.0000000000 0.0000000000
-0.1850231588 0.0000000000
0.3567036092 0.0000000000
0.0869143233 0.0000000000
-0.2162060142 0.0000000000
-0.2482075244 0.0000000000
0.1433940381 0.0000000000
0.0000000000 0.0000000000
0.0445255637 0.0000000000
0.0869143233 0.0000000000
-0.0869143233 0.0000000000
-0.0000000000 0.0000000000
0.0178991742 0.0000000000
0.0000000000 0.0000000000
-0.0000000000 0.0000000000
0.0000000000 0.0000000000
