0.0000000000 0.0000000000
0.0000000000 0.0000000000
0.0000000000 0.0000000000
0.0478561483 0.0000000000
0.0000000000 0.0000000000
0.2323785722 0.0000000000
0.2323785722 0.0000000000
0.0035630611 0.0000000000
0.0000000000 0.0000000000
0.3833856285 0.0000000000
0.6636203527 0.0000000000
0.0173014142 0.0000000000
0.2323785722 0.0000000000
0.0285444278 0.0000000000
0.0148060750 0.0000000000
0.0000000000 0.0000000000
0.0000000000 0.0000000000
0.1988631934 0.0000000000
0.3833856285 0.0000000000
0.0173014142 0.0000000000
0.2323785722 0.0000000000
0.0494089052 0.0000000000
0.0285444278 0.0000000000
0.0000000000 0.0000000000
0.0478561483 0.0000000000
0.0173014142 0.0000000000
0.0173014142 0.0000000000
0.0000000000 0.0000000000
0.0035630611 0.0000000000
0.0000000000 0.0000000000
0.0000000000 0.0000000000
0.0000000000 0.0000000000
