Batch size is 50

Optimizer is Adadelta
Epoch & Fidelity & Runtime 
100 0.992595 12.285188
200 0.994962 24.423944
300 0.994843 36.658379
400 0.995007 49.275538
500 0.991965 63.321075
600 0.995377 76.932142
700 0.991989 92.344546
800 0.994791 106.178216
900 0.992031 120.095854
1000 0.994114 134.433311

Optimizer is Adam
Epoch & Fidelity & Runtime 
100 0.989447 12.483403
200 0.99392 24.807661
300 0.9963 36.297155
400 0.996134 47.82668
500 0.995365 59.673459
600 0.996014 72.112059
700 0.99484 84.327945
800 0.993754 96.2275
900 0.99709 108.255929
1000 0.996791 120.360513

Optimizer is Adamax
Epoch & Fidelity & Runtime 
100 0.989801 14.276907
200 0.994109 29.388601
300 0.995032 43.486876
400 0.995003 57.849701
500 0.996295 73.349
600 0.99557 88.163885
700 0.996694 102.432024
800 0.996536 116.799752
900 0.996611 130.553362
1000 0.99346 144.040435

Optimizer is RMSprop
Epoch & Fidelity & Runtime 
100 0.987392 11.605659
200 0.982336 23.317757
300 0.992543 35.093318
400 0.979023 46.845445
500 0.965519 58.718638
600 0.984876 70.897425
700 0.978753 83.385707
800 0.988972 95.539109
900 0.973423 107.502125
1000 0.97925 119.637952

Optimizer is SGD
Epoch & Fidelity & Runtime 
100 0.960572 10.697688
200 0.985105 21.123954
300 0.989971 31.764038
400 0.994052 42.866906
500 0.99557 53.590953
600 0.995037 64.126569
700 0.995845 74.730529
800 0.996552 85.123601
900 0.997096 95.660238
1000 0.996617 106.219268

Optimizer is SGD $\gamma$ = 0.9
Epoch & Fidelity & Runtime 
100 0.994702 10.770894
200 0.985776 21.597457
300 0.992938 32.497246
400 0.983513 43.33162
500 0.989387 54.265581
600 0.993206 65.397737
700 0.986449 76.697822
800 0.991304 87.881724
900 0.989148 98.721957
1000 0.992454 109.659823

Optimizer is NAG $\gamma$ = 0.9
Epoch & Fidelity & Runtime 
100 0.988844 11.087226
200 0.991855 22.522044
300 0.986201 33.768434
400 0.98807 45.802741
500 0.992509 57.58121
600 0.991827 69.062423
700 0.990037 80.630022
800 0.99065 91.905699
900 0.986565 103.494781
1000 0.981471 114.605458

