samples: 4500
burn_in: 10
steps: 1000

0.679  0.004206  5.986  
0.823  0.003502  11.694  
0.897  0.001937  17.32  
0.937  0.000856  22.813  
0.957  0.000923  28.21  
0.969  0.001541  33.533  
0.976  0.00054  38.849  
0.981  0.001396  44.111  
0.982  0.001246  49.374  
0.983  0.00113  54.638  
0.983  0.001468  59.88  
0.985  0.00108  65.135  
0.985  0.000678  70.346  
0.985  0.000595  75.537  
0.986  0.001238  80.765  
0.986  0.001241  85.958  
0.986  0.000773  91.143  
0.987  0.000171  96.312  
0.987  0.000974  101.463  
0.987  0.000748  106.638  
0.987  0.001199  111.843  
0.987  0.001269  117.028  
0.988  0.000318  122.241  
0.988  8.9e-05  127.417  
0.988  0.000209  132.605  
0.988  0.001336  137.785  
0.988  0.000929  142.987  
0.988  0.000587  148.207  
0.988  0.001016  153.444  
