samples: 1500
burn_in: 100
steps: 10

0.627  0.007426  2.654  
0.808  0.003352  5.165  
0.891  0.003055  7.646  
0.933  0.000436  10.097  
0.954  0.001101  12.472  
0.967  0.000787  14.834  
0.975  0.00103  17.182  
0.979  0.000848  19.576  
0.982  0.001152  21.901  
0.983  0.00192  24.211  
0.985  0.001399  26.548  
0.985  0.000846  28.874  
0.985  0.000755  31.213  
0.986  0.000293  33.559  
0.987  0.001585  35.889  
0.987  0.002594  38.178  
0.987  0.001403  40.501  
0.987  0.000746  42.809  
0.987  0.002297  45.145  
0.987  0.002683  47.503  
0.988  0.0024  49.871  
0.988  0.000956  52.199  
0.987  0.002437  54.539  
0.988  0.001863  56.88  
0.988  0.002229  59.213  
0.988  0.001372  61.571  
0.988  0.000366  63.961  
0.988  0.000761  66.318  
0.987  0.000571  68.638  
0.988  0.000139  70.956  
0.987  0.000536  73.297  
0.988  0.000877  75.653  
0.988  0.002431  78.012  
0.989  0.000763  80.352  
0.988  0.001655  82.664  
0.989  0.000976  85.01  
0.989  0.001802  87.342  
0.989  0.000738  89.676  
0.988  0.000713  92.021  
0.988  0.00041  94.421  
0.989  0.000679  96.729  
0.988  0.00047  99.033  
0.989  0.001619  101.329  
0.988  0.000904  103.624  
0.988  0.001145  105.923  
0.988  0.00049  108.248  
0.989  0.001132  110.553  
0.989  0.000446  112.84  
0.989  0.000695  115.105  
0.989  0.000345  117.407  
0.989  0.000885  119.708  
0.989  0.001207  122.028  
0.989  0.00056  124.359  
0.989  0.001309  126.675  
0.99  0.001786  128.987  
0.989  0.000702  131.289  
0.989  0.002342  133.602  
0.99  0.000303  135.915  
0.989  0.000474  138.275  
0.989  0.001831  140.585  
0.989  0.000761  142.9  
0.99  0.003378  145.218  
0.99  0.0002  147.544  
0.99  0.000451  149.889  
0.99  0.000697  152.262  
