samples: 4500
burn_in: 10
steps: 100

0.609  0.017176  6.088  
0.807  0.00454  11.899  
0.89  0.003212  17.532  
0.933  0.001077  23.048  
0.957  0.001079  28.51  
0.967  0.001285  33.885  
0.976  0.000338  39.262  
0.98  0.00081  44.58  
0.982  0.000531  49.88  
0.983  0.000906  55.15  
0.985  0.00094  60.41  
0.986  0.001888  65.632  
0.987  0.000277  70.874  
0.987  2.7e-05  76.146  
0.988  0.001165  81.329  
0.988  0.00035  86.528  
0.989  0.000326  91.749  
0.989  0.00083  96.959  
0.988  0.000559  102.164  
0.987  0.00075  107.405  
0.987  0.001452  112.618  
0.988  0.000433  117.839  
0.988  0.000364  123.037  
0.988  0.000789  128.239  
0.989  0.00122  133.5  
0.989  0.000699  138.653  
0.989  0.000692  143.871  
0.989  0.00096  149.066  
0.989  0.001329  154.259  
