samples: 3000
burn_in: 100
steps: 100

0.619  0.007412  4.508  
0.81  0.003317  8.82  
0.892  0.001675  13.016  
0.937  0.001807  17.184  
0.962  0.001164  21.258  
0.973  0.001773  25.269  
0.979  0.00298  29.256  
0.982  0.000492  33.233  
0.985  0.000248  37.213  
0.985  0.002201  41.157  
0.986  0.000425  45.082  
0.987  0.00019  49.015  
0.987  0.00033  52.945  
0.987  0.000489  56.891  
0.988  0.001959  60.808  
0.988  0.001651  64.758  
0.988  0.001147  68.682  
0.988  0.002705  72.601  
0.988  0.001543  76.52  
0.989  0.001649  80.433  
0.989  0.001815  84.35  
0.988  0.001539  88.261  
0.988  0.000965  92.172  
0.988  0.000735  96.108  
0.988  0.00149  100.005  
0.988  0.001484  103.9  
0.987  0.000828  107.798  
0.988  0.001449  111.708  
0.988  0.000788  115.657  
0.989  0.001925  119.587  
0.989  0.001344  123.492  
0.989  0.001092  127.422  
0.988  0.001743  131.317  
0.989  0.000611  135.25  
0.989  0.000213  139.227  
0.989  0.001845  143.131  
0.989  0.000479  147.064  
0.989  0.001248  150.987  
