samples: 3000
burn_in: 100
steps: 1000

0.663  0.01236  4.531  
0.824  0.003805  8.835  
0.899  0.002529  13.034  
0.933  0.002273  17.211  
0.955  0.000459  21.308  
0.969  0.002013  25.362  
0.976  0.002002  29.388  
0.979  0.000873  33.38  
0.981  0.000474  37.343  
0.983  0.000149  41.303  
0.985  0.000271  45.254  
0.986  0.001509  49.211  
0.986  0.000594  53.133  
0.986  0.001069  57.067  
0.987  0.002313  60.991  
0.987  0.001088  64.931  
0.987  0.001807  68.837  
0.987  0.000493  72.763  
0.987  0.002581  76.683  
0.987  0.001922  80.621  
0.986  0.001651  84.558  
0.987  0.001356  88.468  
0.986  0.001398  92.415  
0.987  0.001186  96.351  
0.987  0.000436  100.238  
0.987  0.002084  104.177  
0.988  0.001268  108.127  
0.988  9.6e-05  112.054  
0.988  0.001239  115.956  
0.988  0.001894  119.859  
0.988  0.001854  123.782  
0.988  0.000504  127.686  
0.989  0.001346  131.594  
0.988  0.001304  135.517  
0.988  0.00177  139.428  
0.988  0.001064  143.364  
0.988  0.000189  147.286  
0.988  0.001287  151.226  
