Optimizers: Adadelta Adam Adamax NAG RMSprop SGD SGDM 
Learning Rates: 0.1 0.001 0.001 0.0001 0.001 0.001 0.0001 
Epoch & Fidelity & KL & Runtime 
1 0.69332 0.65205 1.119173
2 0.823394 0.346873 2.225629
3 0.888514 0.212337 3.330848
4 0.927532 0.137574 4.434959
5 0.948629 0.098872 5.539246
6 0.961428 0.075946 6.643524
7 0.968942 0.062695 7.747615
8 0.973217 0.055402 8.851548
9 0.975683 0.051346 9.957962
10 0.977435 0.048492 11.294559
11 0.978342 0.047084 12.399735
12 0.979216 0.045792 13.512726
13 0.98014 0.044248 14.61737
14 0.979752 0.044958 15.723306
15 0.980049 0.044524 16.828913
16 0.980328 0.043916 17.934367
17 0.980554 0.043601 19.039624
18 0.981448 0.041932 20.144489
19 0.982117 0.040801 21.24988
20 0.981795 0.041619 22.355798
21 0.980934 0.043064 23.460341
22 0.980678 0.043626 24.56463
23 0.981533 0.04221 25.900136
24 0.982456 0.040446 27.005581
25 0.982971 0.039424 28.110616
26 0.982605 0.040319 29.219127
27 0.981946 0.041522 30.323691
28 0.981821 0.041885 31.427583
29 0.983086 0.039431 32.534723
30 0.982709 0.040101 33.641685
31 0.983332 0.039014 34.74657
32 0.983058 0.039602 35.852965
33 0.982567 0.04022 36.959178
34 0.983292 0.038823 38.065604
35 0.98292 0.039576 39.170541
36 0.983077 0.039313 40.509678
37 0.982759 0.03969 41.615727
38 0.982616 0.040264 42.720792
39 0.983103 0.039494 43.82724
40 0.984151 0.03751 44.932788
41 0.983464 0.038953 46.038892
42 0.984084 0.03756 47.143716
43 0.98437 0.037011 48.248005
44 0.984628 0.036439 49.351542
45 0.98436 0.037193 50.454385
46 0.984595 0.036773 51.55951
47 0.984719 0.036591 52.664495
48 0.984644 0.036627 53.769094
49 0.984951 0.035955 54.871643
50 0.983293 0.039141 56.215945
51 0.984559 0.036757 57.321738
52 0.985173 0.035543 58.426186
53 0.984787 0.03616 59.532196
54 0.98486 0.036103 60.635055
55 0.98504 0.035798 61.737735
56 0.985107 0.03588 62.84468
57 0.985231 0.03552 63.952884
58 0.985205 0.035599 65.071779
59 0.985498 0.034959 66.178162
60 0.986006 0.034252 67.284009
61 0.984966 0.036262 68.389039
62 0.985393 0.035597 69.496251
63 0.984717 0.037195 70.843212
64 0.984761 0.036997 71.946426
65 0.985054 0.036152 73.051831
66 0.986192 0.034043 74.155047
67 0.986081 0.034022 75.258614
68 0.986064 0.03409 76.362613
69 0.98719 0.032064 77.468131
70 0.986664 0.033259 78.57807
71 0.987252 0.03206 79.684629
72 0.986356 0.033845 80.790477
73 0.985996 0.034439 81.894456
74 0.98555 0.035363 82.99951
75 0.986403 0.033889 84.104396
76 0.986472 0.033784 85.450455
77 0.986789 0.033068 86.554993
78 0.986783 0.032978 87.659332
79 0.986824 0.032873 88.762726
80 0.986182 0.034051 89.866764
81 0.987011 0.032617 90.969161
82 0.986956 0.032676 92.071817
83 0.985962 0.034533 93.177731
84 0.98733 0.032046 94.285778
85 0.987783 0.031218 95.392729
86 0.987064 0.032575 96.498482
87 0.987336 0.032104 97.607031
88 0.986889 0.032743 98.712016
89 0.987087 0.03236 99.817603
90 0.986917 0.032603 101.177872
91 0.986625 0.03351 102.2822
92 0.987272 0.032133 103.385953
93 0.987355 0.032091 104.491186
94 0.987596 0.031664 105.595644
95 0.987274 0.032379 106.699294
96 0.987283 0.032303 107.804292
97 0.986581 0.033529 108.90751
98 0.987289 0.032271 110.013445
99 0.986415 0.033894 111.117404
100 0.987642 0.031468 112.22074
101 0.987862 0.030998 113.329861
102 0.987894 0.030914 114.435329
103 0.987838 0.031055 115.787735
104 0.986918 0.032753 116.892403
105 0.987319 0.032216 118.00003
106 0.988033 0.030692 119.354272
107 0.987996 0.030695 120.463118
108 0.986976 0.032841 121.569741
109 0.987557 0.031608 122.677741
110 0.987428 0.03174 123.783574
111 0.987115 0.032365 124.889247
112 0.987227 0.031957 125.994215
113 0.987511 0.031489 127.098087
114 0.987084 0.032412 128.20349
115 0.987712 0.031282 129.312328
116 0.987718 0.031305 130.667647
117 0.987786 0.031158 131.770586
118 0.987805 0.031177 132.87554
119 0.988474 0.029874 133.97851
120 0.988474 0.029944 135.080216
121 0.988371 0.030216 136.187006
122 0.988128 0.030693 137.291362
123 0.988349 0.030256 138.399043
124 0.988841 0.029377 139.504378
125 0.988759 0.029401 140.623358
126 0.988296 0.030355 141.725321
127 0.988618 0.029855 142.830527
128 0.989001 0.029218 143.939878
129 0.989205 0.028684 145.301731
130 0.989387 0.028376 146.40816
131 0.988843 0.029561 147.513342
132 0.988737 0.029709 148.624712
133 0.988155 0.030726 149.728137
134 0.987574 0.031677 150.831227
135 0.987926 0.031257 151.936622
136 0.988506 0.030068 153.039184
137 0.988568 0.030062 154.140975
138 0.988772 0.029528 155.243772
139 0.988619 0.029917 156.351012
140 0.988469 0.030093 157.463922
141 0.988299 0.030466 158.569593
142 0.987608 0.031783 159.674837
143 0.987512 0.031842 161.03552
144 0.987427 0.031896 162.141797
145 0.987701 0.031393 163.245555
146 0.987262 0.032145 164.356625
147 0.988564 0.029921 165.460681
148 0.988654 0.029649 166.563744
149 0.988155 0.030608 167.671084
150 0.988853 0.029345 168.776896
151 0.988979 0.029191 169.882564
152 0.98841 0.03021 170.99208
153 0.988712 0.029703 172.096682
154 0.988864 0.029296 173.202658
155 0.988438 0.03004 174.3107
156 0.988132 0.030625 175.680401
157 0.988811 0.029547 176.785995
158 0.988004 0.031236 177.889988
159 0.987324 0.032407 178.996081
160 0.989215 0.028644 180.100809
161 0.988845 0.029356 181.209244
162 0.988239 0.030466 182.313801
163 0.98753 0.031852 183.421661
164 0.988185 0.030689 184.526087
165 0.988257 0.030546 185.630131
166 0.988602 0.029724 186.734989
167 0.987763 0.031429 187.841781
168 0.988677 0.029661 188.949295
169 0.988413 0.030118 190.318404
170 0.9887 0.029689 191.423455
171 0.988354 0.030345 192.526905
172 0.988146 0.030813 193.636283
173 0.98808 0.031022 194.741371
174 0.988265 0.030626 195.845966
175 0.987512 0.032173 196.949773
176 0.987042 0.032863 198.053676
177 0.988199 0.03076 199.15809
178 0.98893 0.029356 200.262794
179 0.988271 0.030607 201.368037
180 0.989045 0.029142 202.47289
181 0.988652 0.029915 203.576609
182 0.988315 0.030622 204.681952
183 0.988675 0.029942 206.054777
184 0.988673 0.029903 207.159963
185 0.987907 0.031354 208.26511
186 0.988539 0.030268 209.37082
187 0.989025 0.029239 210.478208
188 0.988691 0.030028 211.583098
189 0.988773 0.0298 212.690578
190 0.988782 0.029867 213.795381
191 0.988675 0.030056 214.900705
192 0.988332 0.030716 216.006208
193 0.98875 0.029876 217.112079
194 0.987926 0.031561 218.215955
195 0.988493 0.030381 219.325068
196 0.988398 0.030691 220.698184
197 0.988373 0.030581 221.815109
198 0.988366 0.030597 222.920575
199 0.987493 0.032261 224.025522
200 0.988038 0.031096 225.132546
201 0.988332 0.030606 226.238197
202 0.989209 0.028936 227.348303
203 0.988973 0.029411 228.454904
204 0.988757 0.029602 229.559607
205 0.988486 0.030053 230.667755
206 0.988591 0.029972 231.771625
207 0.987968 0.031079 232.875965
208 0.987834 0.031494 233.982113
209 0.987864 0.031461 235.362536
210 0.987337 0.032291 236.466632
211 0.987225 0.032618 237.571286
212 0.987747 0.031638 238.675047
213 0.988196 0.030621 239.780079
214 0.988657 0.029781 240.888227
215 0.988624 0.030026 242.001688
216 0.989284 0.028853 243.107108
217 0.988304 0.030854 244.211915
218 0.988256 0.030839 245.314538
219 0.989297 0.028851 246.419533
220 0.989468 0.028509 247.524261
221 0.989359 0.028654 248.631483
222 0.989008 0.029234 249.737441
223 0.9888 0.029871 251.120283
224 0.989373 0.028822 252.224937
225 0.989284 0.028919 253.32831
226 0.988783 0.030038 254.432661
227 0.989138 0.029271 255.538582
228 0.990056 0.027488 256.644926
229 0.989368 0.028813 257.75266
230 0.989268 0.028901 258.859226
231 0.98896 0.02958 260.238898
232 0.989227 0.028969 261.346698
233 0.9896 0.028251 262.45464
234 0.989527 0.028317 263.562571
235 0.989267 0.02888 264.672836
236 0.989311 0.029074 266.054735
237 0.989359 0.028964 267.161065
238 0.989755 0.02807 268.268052
239 0.989174 0.028919 269.375216
240 0.989584 0.028202 270.484756
241 0.989323 0.02878 271.591057
242 0.988483 0.030563 272.698654
243 0.988531 0.030532 273.804652
244 0.988279 0.030935 274.908704
245 0.989408 0.02876 276.024437
246 0.989354 0.028781 277.131173
247 0.988996 0.029513 278.23578
248 0.989057 0.029436 279.340618
249 0.989792 0.027913 280.729455
250 0.989151 0.029201 281.837203
251 0.989022 0.029451 282.944765
252 0.989578 0.028475 284.050445
253 0.989403 0.028805 285.158267
254 0.989242 0.029125 286.262593
255 0.988944 0.029633 287.369202
256 0.988476 0.030438 288.475312
257 0.988275 0.031133 289.580041
258 0.988788 0.029971 290.688321
259 0.98889 0.02984 291.794276
260 0.989179 0.029102 292.903554
261 0.988876 0.029761 294.010203
262 0.988883 0.02972 295.406039
263 0.98959 0.028466 296.509948
264 0.989226 0.029021 297.628636
265 0.989613 0.02834 298.733297
266 0.989392 0.028691 299.840264
267 0.989337 0.028728 300.946394

Epoch & Fidelity & KL & Runtime 
1 0.911455 0.167346 1.136299
2 0.972368 0.057754 2.245032
3 0.978174 0.047771 3.352772
4 0.980674 0.043627 4.457602
5 0.979537 0.046478 5.564664
6 0.980321 0.044636 6.835022
7 0.981587 0.041666 7.944979
8 0.980533 0.044794 9.054799
9 0.983765 0.038417 10.160941
10 0.984325 0.037777 11.269323
11 0.984719 0.036792 12.377721
12 0.981601 0.042313 13.485833
13 0.985196 0.03595 14.59458
14 0.985478 0.035447 15.702912
15 0.984514 0.037653 16.809378
16 0.984056 0.038335 17.916155
17 0.987146 0.032467 19.022788
18 0.987101 0.032449 20.130093
19 0.986478 0.033297 21.236853
20 0.987552 0.031326 22.510607
21 0.987135 0.032933 23.618077
22 0.983872 0.039243 24.724623
23 0.988131 0.030453 25.830903
24 0.98571 0.035281 26.938228
25 0.985273 0.035938 28.046066
26 0.986532 0.033796 29.153013
27 0.986289 0.034508 30.259997
28 0.98261 0.041138 31.367133
29 0.988757 0.029724 32.476363
30 0.984528 0.037618 33.585736
31 0.986809 0.032992 34.695966
32 0.985404 0.035875 35.803869
33 0.987101 0.032596 37.081176
34 0.985331 0.036242 38.191311
35 0.987239 0.032817 39.300601
36 0.986351 0.033675 40.409853
37 0.985285 0.036227 41.518967
38 0.985075 0.03719 42.632445
39 0.987948 0.031719 43.742235
40 0.987538 0.031916 44.848744
41 0.985753 0.0358 45.955837
42 0.988791 0.029774 47.062191
43 0.987336 0.033203 48.168386
44 0.986782 0.033444 49.274525
45 0.987949 0.031433 50.382257
46 0.988367 0.030909 51.672126
47 0.986768 0.033573 52.779618
48 0.985811 0.035197 53.887167
49 0.987356 0.0326 54.99372
50 0.986469 0.034107 56.099962
51 0.986154 0.034973 57.208223
52 0.988848 0.029622 58.31589
53 0.986385 0.034571 59.428229
54 0.987302 0.033486 60.539167
55 0.987643 0.032425 61.650653
56 0.986448 0.034271 62.757365
57 0.986814 0.034313 63.863436
58 0.98814 0.031437 64.969778
59 0.983628 0.039776 66.084578
60 0.98467 0.037342 67.365836
61 0.98798 0.031257 68.472858
62 0.985931 0.034988 69.579085
63 0.988577 0.030711 70.685933
64 0.980894 0.046612 71.793272
65 0.984048 0.039762 72.900767
66 0.985844 0.035788 74.01112
67 0.988539 0.030544 75.118385
68 0.987784 0.032508 76.224512
69 0.988736 0.030214 77.331771
70 0.987977 0.031891 78.441355
71 0.98582 0.036082 79.548714
72 0.98632 0.03474 80.657936
73 0.984886 0.036995 81.941357
74 0.986988 0.033609 83.049564
75 0.986425 0.034671 84.155183
76 0.987781 0.032299 85.263056
77 0.986055 0.035445 86.370774
78 0.985992 0.035272 87.481579
79 0.986458 0.03422 88.591072
80 0.986874 0.033893 89.699509
81 0.988309 0.030848 90.806767
82 0.987363 0.032863 92.095705
83 0.984991 0.038024 93.200635
84 0.988386 0.031027 94.307837
85 0.984045 0.039643 95.41449
86 0.987675 0.032041 96.700453
87 0.986874 0.034353 97.806623
88 0.987156 0.033425 98.914647
89 0.986337 0.035119 100.023037
90 0.987694 0.032434 101.132239
91 0.987489 0.032378 102.240992
92 0.984574 0.038192 103.350188
93 0.986336 0.034867 104.457586
94 0.986746 0.034411 105.563709
95 0.987511 0.032524 106.670663
96 0.987782 0.032229 107.779045
97 0.986926 0.033912 108.886987
98 0.986564 0.034255 109.993014
99 0.984695 0.038355 111.1006
100 0.985953 0.035937 112.39126
101 0.986166 0.035675 113.500443
102 0.987597 0.032909 114.608586
103 0.986755 0.034881 115.714917
104 0.987528 0.033138 116.826041
105 0.98799 0.031748 117.936977
106 0.986096 0.035796 119.047498
107 0.98761 0.032283 120.153946
108 0.988298 0.031523 121.260457
109 0.987659 0.032222 122.366738
110 0.986527 0.034205 123.473531
111 0.985401 0.036981 124.583967
112 0.985321 0.037237 125.690573
113 0.982298 0.043126 127.000227
114 0.981408 0.04432 128.109215
115 0.983074 0.041046 129.225029
116 0.986986 0.033714 130.332963
117 0.986214 0.035903 131.441464
118 0.986653 0.03413 132.550966
119 0.987336 0.032996 133.658466
120 0.98477 0.037733 134.770272
121 0.98573 0.035842 135.878471
122 0.986101 0.035559 136.988644
123 0.987781 0.032448 138.096543
124 0.987927 0.032411 139.203507
125 0.982801 0.041564 140.314643
126 0.983552 0.0399 141.608216
127 0.987381 0.032583 142.716072
128 0.985857 0.035526 143.82526
129 0.984576 0.038645 144.935591
130 0.986642 0.034506 146.041578
131 0.988243 0.031641 147.147342
132 0.9856 0.036873 148.254171
133 0.987515 0.0331 149.361566
134 0.988369 0.031443 150.469162
135 0.988164 0.031746 151.577015
136 0.985943 0.035583 152.683132
137 0.985765 0.036105 153.799016
138 0.988023 0.032 154.907214
139 0.985842 0.035738 156.015484
140 0.98689 0.034105 157.312039
141 0.986803 0.03438 158.419572
142 0.98773 0.032193 159.526434
143 0.985769 0.036574 160.638478
144 0.983072 0.04113 161.747473
145 0.982648 0.042633 162.854159
146 0.985138 0.037146 163.961023
147 0.986709 0.03423 165.067724
148 0.986889 0.033826 166.177054
149 0.987464 0.033362 167.286183
150 0.986918 0.034035 168.393424
151 0.987643 0.03271 169.501411
152 0.984676 0.038399 170.609821
153 0.985128 0.037619 171.90816
154 0.98758 0.032852 173.013946
155 0.984622 0.039181 174.120456
156 0.987061 0.03418 175.226777
157 0.986273 0.035838 176.337034
158 0.989292 0.029663 177.446248
159 0.98817 0.031962 178.552322
160 0.986772 0.034935 179.65935
161 0.9859 0.036604 180.767794
162 0.985438 0.037129 181.874737
163 0.987074 0.033786 182.984477
164 0.98763 0.032488 184.09184
165 0.987683 0.032549 185.201794
166 0.986226 0.035368 186.310053
167 0.985884 0.036786 187.617967
168 0.98728 0.033192 188.726587
169 0.985968 0.035978 189.837581
170 0.986261 0.035738 190.946232
171 0.982101 0.043072 192.053343
172 0.987452 0.032806 193.160746
173 0.98722 0.034019 194.269369
174 0.986501 0.035267 195.37669
175 0.985322 0.037725 196.484004
176 0.985565 0.036822 197.593994
177 0.985613 0.036898 198.701001
178 0.985045 0.037463 199.807993
179 0.986237 0.035648 200.918721
180 0.98788 0.032163 202.222671
181 0.987034 0.034029 203.330444
182 0.985936 0.036142 204.43866
183 0.986921 0.034692 205.544821
184 0.987321 0.033447 206.654737
185 0.98646 0.034817 207.777809
186 0.988892 0.030054 208.886795
187 0.986096 0.036176 209.992933
188 0.9861 0.035771 211.100087
189 0.986188 0.036192 212.207931
190 0.986599 0.034985 213.315176
191 0.984307 0.039583 214.424106
192 0.984887 0.038041 215.532499
193 0.981591 0.044573 216.843147
194 0.986164 0.036089 217.95405
195 0.985356 0.036737 219.062385
196 0.982673 0.042522 220.17099
197 0.984704 0.038445 221.279488
198 0.986853 0.034462 222.38662
199 0.985414 0.036785 223.495519
200 0.987987 0.032188 224.603138
201 0.983999 0.039631 225.712053
202 0.983788 0.039988 226.822878
203 0.987133 0.03425 227.928245
204 0.985314 0.03722 229.035618
205 0.986712 0.034725 230.14309
206 0.98774 0.032611 231.250032
207 0.985909 0.036582 232.564636
208 0.985609 0.036871 233.676194
209 0.985088 0.037794 234.784916
210 0.988004 0.032276 235.893207
211 0.98764 0.032497 237.001981
212 0.985878 0.03649 238.111888
213 0.985561 0.036903 239.219235
214 0.984377 0.039108 240.326472
215 0.985324 0.037396 241.432645
216 0.987944 0.031994 242.544183
217 0.988395 0.031423 243.65361
218 0.984051 0.040238 244.761706
219 0.985084 0.037351 245.86828
220 0.987607 0.032839 247.183024
221 0.987653 0.032761 248.291102
222 0.986195 0.035814 249.400177
223 0.987035 0.034362 250.510723
224 0.98839 0.03136 251.619334
225 0.987835 0.032643 252.730228
226 0.988066 0.032406 254.045935
227 0.987612 0.033113 255.156559
228 0.98513 0.03722 256.265727
229 0.984938 0.037909 257.376468
230 0.984922 0.038033 258.484163
231 0.985128 0.037493 259.591981
232 0.987813 0.032676 260.702275
233 0.987227 0.033437 262.021974
234 0.984586 0.038891 263.129731
235 0.986613 0.034706 264.237111
236 0.986981 0.033922 265.344565
237 0.98769 0.032655 266.453861
238 0.988186 0.03196 267.559452
239 0.987293 0.03372 268.668376
240 0.986456 0.034874 269.775599
241 0.988313 0.031172 270.884358
242 0.986225 0.035791 271.991761
243 0.986793 0.034681 273.098558
244 0.986379 0.035377 274.207262
245 0.987087 0.03413 275.316677
246 0.986242 0.035762 276.632983
247 0.986704 0.034594 277.747484
248 0.985379 0.037762 278.855887
249 0.98798 0.031991 279.964949
250 0.983587 0.040832 281.071246
251 0.986168 0.035925 282.1798
252 0.987212 0.033856 283.300957
253 0.989139 0.03013 284.409684
254 0.986691 0.034381 285.51837
255 0.986212 0.035564 286.628266
256 0.986794 0.034597 287.736724
257 0.986409 0.035408 288.846247
258 0.984871 0.038538 289.961686
259 0.986105 0.036079 291.070447
260 0.984981 0.038342 292.393366
261 0.989493 0.02951 293.500568
262 0.988817 0.030894 294.607023
263 0.987903 0.032582 295.716187
264 0.986782 0.034501 296.824547
265 0.985419 0.036797 297.933973
266 0.985915 0.036418 299.043703
267 0.986892 0.034632 300.152082

Epoch & Fidelity & KL & Runtime 
1 0.720643 0.581184 1.163065
2 0.880321 0.229413 2.324338
3 0.938228 0.118629 3.485523
4 0.962233 0.075313 4.646985
5 0.973803 0.054925 5.820626
6 0.978316 0.047409 6.986902
7 0.981336 0.042334 8.150177
8 0.98102 0.043173 9.31106
9 0.981548 0.042463 10.469439
10 0.981376 0.042771 11.750756
11 0.981519 0.042324 12.914909
12 0.981832 0.042232 14.078167
13 0.982103 0.041442 15.240503
14 0.983146 0.039308 16.404079
15 0.982781 0.04024 17.564004
16 0.98232 0.041123 18.727916
17 0.982651 0.040515 19.890421
18 0.983206 0.039522 21.052908
19 0.98427 0.037657 22.217278
20 0.984789 0.036667 23.378711
21 0.98387 0.038447 24.541006
22 0.984113 0.038213 25.825071
23 0.984326 0.03746 26.989033
24 0.983588 0.038943 28.15199
25 0.983822 0.038536 29.313758
26 0.984669 0.036782 30.474125
27 0.984246 0.037446 31.635338
28 0.984761 0.036498 32.795974
29 0.984249 0.037801 33.957953
30 0.984423 0.037577 35.120516
31 0.985471 0.03555 36.28286
32 0.984528 0.037511 37.448183
33 0.985877 0.03509 38.61109
34 0.985189 0.036329 39.771869
35 0.985018 0.036426 41.058483
36 0.985283 0.036038 42.220777
37 0.986007 0.034591 43.384401
38 0.986632 0.033309 44.549522
39 0.986307 0.03401 45.711887
40 0.987089 0.032577 46.875086
41 0.987308 0.032001 48.038414
42 0.987814 0.03109 49.201672
43 0.986808 0.033147 50.36383
44 0.986035 0.034954 51.526146
45 0.987166 0.032524 52.688056
46 0.986752 0.033185 53.850544
47 0.986627 0.033512 55.01269
48 0.986733 0.033291 56.299998
49 0.98666 0.033271 57.460351
50 0.985844 0.034715 58.623355
51 0.986792 0.032892 59.784769
52 0.987101 0.032403 60.947983
53 0.986203 0.033863 62.109912
54 0.986965 0.032841 63.274115
55 0.986777 0.033183 64.436733
56 0.987831 0.031173 65.601405
57 0.987265 0.032435 66.765834
58 0.987864 0.031288 67.9329
59 0.987278 0.032356 69.095405
60 0.987576 0.031876 70.257871
61 0.986789 0.033252 71.550406
62 0.987398 0.03201 72.714886
63 0.98735 0.032105 73.877451
64 0.986333 0.034091 75.041026
65 0.986521 0.033634 76.202805
66 0.986452 0.033725 77.36433
67 0.988354 0.030574 78.532487
68 0.988218 0.030744 79.695714
69 0.987679 0.03169 80.857921
70 0.987126 0.032538 82.02132
71 0.987748 0.031461 83.184042
72 0.987082 0.032768 84.3485
73 0.98745 0.032393 85.518948
74 0.986835 0.033529 86.816623
75 0.986964 0.033464 87.985595
76 0.988526 0.030273 89.148632
77 0.988749 0.029669 90.323372
78 0.988096 0.030834 91.48645
79 0.987925 0.031082 92.648498
80 0.986802 0.033661 93.810989
81 0.98862 0.030157 94.973622
82 0.988114 0.03091 96.136446
83 0.987722 0.031518 97.298448
84 0.987811 0.031565 98.465456
85 0.987404 0.0325 99.626936
86 0.987956 0.031435 100.921348
87 0.98812 0.030946 102.084434
88 0.987184 0.032886 103.245893
89 0.987588 0.031961 104.408557
90 0.987261 0.032714 105.571699
91 0.988033 0.031384 106.734526
92 0.988846 0.029868 107.899996
93 0.989233 0.028943 109.064573
94 0.987854 0.031511 110.228167
95 0.988424 0.030245 111.389229
96 0.988223 0.030584 112.550382
97 0.988825 0.02955 113.717452
98 0.987703 0.031904 114.878796
99 0.986251 0.034537 116.174926
100 0.988152 0.031054 117.335256
101 0.988472 0.030512 118.49639
102 0.987493 0.03233 119.660296
103 0.989319 0.028854 120.823197
104 0.987657 0.032224 121.984535
105 0.98873 0.029879 123.147089
106 0.986922 0.033144 124.30933
107 0.987514 0.032437 125.606435
108 0.986535 0.034354 126.775487
109 0.986957 0.033465 127.938304
110 0.989114 0.029026 129.101552
111 0.989171 0.029046 130.264869
112 0.988295 0.03074 131.571953
113 0.987487 0.032196 132.734926
114 0.987244 0.032642 133.900782
115 0.988491 0.030322 135.064667
116 0.98785 0.03166 136.22853
117 0.990007 0.027533 137.393101
118 0.988763 0.030064 138.555466
119 0.989492 0.028588 139.715191
120 0.988069 0.031549 140.876286
121 0.987826 0.031821 142.037209
122 0.988747 0.029943 143.199312
123 0.989333 0.028909 144.361358
124 0.989264 0.028712 145.522274
125 0.988762 0.029991 146.826344
126 0.98834 0.030805 147.987325
127 0.987398 0.032558 149.151075
128 0.986652 0.034033 150.313051
129 0.986485 0.034506 151.474553
130 0.988849 0.029961 152.636446
131 0.98887 0.029802 153.79873
132 0.989117 0.029311 154.96287
133 0.989147 0.029261 156.124212
134 0.989817 0.02792 157.288474
135 0.988132 0.031221 158.449331
136 0.988757 0.030188 159.609156
137 0.989529 0.028798 160.913868
138 0.990204 0.027479 162.074807
139 0.989444 0.028847 163.237308
140 0.988231 0.031515 164.402293
141 0.988143 0.031578 165.564927
142 0.988417 0.030795 166.726862
143 0.988346 0.031115 167.893404
144 0.988786 0.030101 169.072031
145 0.988596 0.030362 170.234394
146 0.989412 0.028633 171.396381
147 0.989677 0.028151 172.560461
148 0.989359 0.028754 173.722725
149 0.989769 0.028035 174.885586
150 0.989646 0.028263 176.194245
151 0.98836 0.030849 177.356345
152 0.98797 0.031525 178.519892
153 0.988552 0.030469 179.680693
154 0.98868 0.03028 180.844014
155 0.988277 0.031157 182.006921
156 0.989137 0.029348 183.17263
157 0.988248 0.031055 184.33544
158 0.988542 0.030368 185.498139
159 0.987966 0.031564 186.660058
160 0.988464 0.030594 187.822405
161 0.988418 0.030994 188.98694
162 0.989219 0.029351 190.155025
163 0.989492 0.028671 191.465419
164 0.990094 0.027736 192.628464
165 0.989733 0.028334 193.792244
166 0.988321 0.030951 194.954982
167 0.987895 0.031551 196.120625
168 0.988018 0.031637 197.284985
169 0.98877 0.030039 198.447716
170 0.988521 0.030448 199.609423
171 0.989126 0.029235 200.771249
172 0.987653 0.031916 201.934403
173 0.988695 0.03017 203.098825
174 0.988671 0.030391 204.260562
175 0.988163 0.031455 205.421206
176 0.988292 0.031081 206.735809
177 0.987377 0.032742 207.896908
178 0.986938 0.033756 209.058362
179 0.987444 0.032718 210.221022
180 0.985733 0.036042 211.383769
181 0.987003 0.033832 212.545016
182 0.988105 0.031209 213.709001
183 0.989192 0.029229 214.873089
184 0.989279 0.029108 216.037978
185 0.988011 0.031682 217.200039
186 0.98756 0.032892 218.364902
187 0.988238 0.031405 219.52686
188 0.989527 0.028915 220.842083
189 0.98966 0.028581 222.004338
190 0.989431 0.029105 223.166355
191 0.98943 0.029159 224.327873
192 0.989499 0.028766 225.492781
193 0.988295 0.031233 226.655023
194 0.987777 0.032107 227.816352
195 0.988517 0.030513 228.976058
196 0.987793 0.032107 230.134709
197 0.987028 0.033663 231.299099
198 0.98922 0.029668 232.460395
199 0.988025 0.031914 233.623576
200 0.986793 0.034553 234.786024
201 0.988369 0.031073 236.104922
202 0.988709 0.030318 237.266466
203 0.987324 0.032918 238.437764
204 0.987918 0.031925 239.598922
205 0.98874 0.030312 240.761772
206 0.98838 0.03111 241.924638
207 0.988654 0.030419 243.090785
208 0.988663 0.030341 244.254997
209 0.988094 0.031609 245.416221
210 0.988259 0.031386 246.578426
211 0.987998 0.031858 247.740261
212 0.987935 0.031959 248.904869
213 0.988661 0.03034 250.066967
214 0.988457 0.030974 251.387887
215 0.989319 0.029203 252.550901
216 0.989205 0.0293 253.726388
217 0.987867 0.031566 254.888993
218 0.987772 0.031784 256.055335
219 0.988838 0.029766 257.218555
220 0.988373 0.030878 258.381172
221 0.988897 0.029787 259.54509
222 0.989845 0.028065 260.709495
223 0.987982 0.031769 261.869958
224 0.989782 0.028291 263.031986
225 0.988763 0.030168 264.357483
226 0.989463 0.028998 265.520958
227 0.989398 0.029299 266.84867
228 0.988497 0.030932 268.01017
229 0.988922 0.030019 269.177183
230 0.988613 0.030517 270.335306
231 0.98812 0.031619 271.493771
232 0.988689 0.030556 272.652137
233 0.98821 0.031428 273.811625
234 0.98777 0.032036 274.973476
235 0.988312 0.031105 276.135873
236 0.988355 0.030929 277.297178
237 0.988258 0.031233 278.461861
238 0.987413 0.033038 279.622346
239 0.988506 0.030733 280.948033
240 0.987251 0.033115 282.109988
241 0.988378 0.031288 283.275426
242 0.988656 0.030402 284.440116
243 0.988642 0.030532 285.603682
244 0.988323 0.031222 286.765072
245 0.987791 0.032264 287.930909
246 0.988422 0.030873 289.095108
247 0.988617 0.030623 290.271569
248 0.989329 0.029195 291.433218
249 0.987189 0.033196 292.592713
250 0.9885 0.030869 293.751207
251 0.987823 0.031888 294.909781
252 0.989277 0.029227 296.23639
253 0.988699 0.030455 297.396295
254 0.988594 0.030836 298.558895
255 0.989127 0.029866 299.721444
256 0.988808 0.030557 300.883827

Epoch & Fidelity & KL & Runtime 
1 0.614449 0.853812 1.060601
2 0.806287 0.384242 2.120594
3 0.896506 0.199083 3.180081
4 0.937697 0.120723 4.238688
5 0.95899 0.081703 5.299043
6 0.968615 0.064536 6.357575
7 0.974754 0.053628 7.416759
8 0.978614 0.046851 8.646109
9 0.981765 0.041335 9.703621
10 0.983686 0.038108 10.763549
11 0.985534 0.034931 11.820747
12 0.986158 0.03395 12.879013
13 0.986285 0.033803 13.938163
14 0.986076 0.034312 15.000127
15 0.986354 0.033902 16.058769
16 0.985991 0.034608 17.118594
17 0.98651 0.033724 18.178579
18 0.987112 0.032556 19.239223
19 0.987418 0.032056 20.302795
20 0.987137 0.032639 21.362365
21 0.987941 0.030968 22.420093
22 0.987997 0.030872 23.658039
23 0.987418 0.031807 24.717495
24 0.987858 0.030986 25.778632
25 0.986798 0.033174 26.836475
26 0.986964 0.032951 27.896
27 0.987663 0.03163 28.954695
28 0.987803 0.031326 30.026693
29 0.987815 0.031185 31.088007
30 0.988076 0.030842 32.148034
31 0.987758 0.031393 33.206995
32 0.988399 0.030087 34.2671
33 0.988322 0.030248 35.331466
34 0.989085 0.028814 36.391551
35 0.989073 0.02889 37.451792
36 0.988878 0.029299 38.697052
37 0.988368 0.030182 39.75493
38 0.988544 0.029898 40.814962
39 0.989055 0.028985 41.880072
40 0.989359 0.028404 42.938407
41 0.989182 0.028661 43.998481
42 0.988831 0.029321 45.058583
43 0.989383 0.028238 46.118168
44 0.989659 0.027825 47.179295
45 0.989727 0.027724 48.238094
46 0.989426 0.028357 49.297714
47 0.989681 0.027712 50.357177
48 0.99 0.027137 51.416465
49 0.989946 0.027236 52.477801
50 0.989776 0.027467 53.731877
51 0.990096 0.026965 54.791021
52 0.989881 0.027352 55.849931
53 0.989125 0.028684 56.90707
54 0.989215 0.028651 57.967606
55 0.989151 0.028812 59.026496
56 0.989056 0.028967 60.084946
57 0.989328 0.0284 61.144599
58 0.989961 0.027293 62.207396
59 0.989776 0.027673 63.267022
60 0.989813 0.027568 64.325173
61 0.990002 0.027171 65.386699
62 0.989779 0.027732 66.445408
63 0.98988 0.027528 67.506811
64 0.989811 0.027547 68.766498
65 0.989359 0.028351 69.827591
66 0.989295 0.028397 70.891086
67 0.989146 0.028731 71.949026
68 0.988104 0.030864 73.008646
69 0.988415 0.030235 74.066952
70 0.988978 0.029231 75.125786
71 0.988954 0.029368 76.186186
72 0.989201 0.028846 77.245619
73 0.989881 0.027427 78.30497
74 0.989643 0.027855 79.364653
75 0.989995 0.027407 80.422636
76 0.98995 0.02755 81.483789
77 0.990185 0.027093 82.746771
78 0.990213 0.026923 83.809415
79 0.990324 0.026779 84.867901
80 0.989762 0.027866 85.925966
81 0.989438 0.028533 86.986127
82 0.989372 0.028658 88.04663
83 0.989418 0.028468 89.321531
84 0.989246 0.028785 90.379193
85 0.98963 0.028102 91.437395
86 0.989878 0.027626 92.495206
87 0.990237 0.026825 93.554348
88 0.990986 0.025452 94.61729
89 0.990607 0.026204 95.677342
90 0.990049 0.027148 96.736738
91 0.990185 0.026847 98.007813
92 0.990276 0.026682 99.066592
93 0.990418 0.026447 100.128837
94 0.990054 0.027149 101.188694
95 0.989914 0.027472 102.247924
96 0.989847 0.027635 103.307324
97 0.990418 0.026539 104.367217
98 0.990084 0.027224 105.431833
99 0.990581 0.026277 106.492591
100 0.990282 0.02686 107.565433
101 0.990647 0.02612 108.627834
102 0.99056 0.026321 109.690022
103 0.990699 0.026036 110.752047
104 0.990428 0.026507 111.814286
105 0.990323 0.026686 113.093225
106 0.990327 0.026809 114.153855
107 0.990847 0.025803 115.216492
108 0.991206 0.025221 116.275957
109 0.991395 0.024671 117.336015
110 0.991561 0.024464 118.395493
111 0.991447 0.024681 119.45561
112 0.991455 0.024512 120.518574
113 0.991564 0.024373 121.578235
114 0.990751 0.025884 122.637368
115 0.990906 0.025654 123.696772
116 0.99108 0.025352 124.758317
117 0.990804 0.025853 125.820974
118 0.990432 0.026746 126.880618
119 0.990582 0.026485 128.167555
120 0.991353 0.024985 129.227654
121 0.990845 0.025992 130.289533
122 0.990988 0.025573 131.351569
123 0.99086 0.025826 132.412359
124 0.990882 0.025722 133.473062
125 0.990283 0.026798 134.532567
126 0.989791 0.027811 135.593886
127 0.989823 0.027736 136.660217
128 0.98956 0.02815 137.718157
129 0.989876 0.027553 138.776261
130 0.989746 0.027679 139.833685
131 0.990363 0.026693 140.892846
132 0.990652 0.026145 141.959337
133 0.989763 0.02778 143.252897
134 0.990173 0.027137 144.311851
135 0.990191 0.026999 145.370942
136 0.989898 0.027538 146.4294
137 0.990785 0.025788 147.492642
138 0.989991 0.027277 148.551292
139 0.98953 0.028116 149.610122
140 0.989931 0.027407 150.66712
141 0.991105 0.02521 151.726688
142 0.991476 0.024541 152.792688
143 0.991518 0.024431 153.853949
144 0.991901 0.02375 154.914569
145 0.991808 0.023953 155.973238
146 0.991772 0.024112 157.032054
147 0.991316 0.025038 158.331653
148 0.991186 0.025226 159.391719
149 0.990936 0.02585 160.450586
150 0.991283 0.025168 161.509051
151 0.990821 0.026131 162.569414
152 0.990154 0.027287 163.631889
153 0.99029 0.027028 164.689881
154 0.990298 0.026934 165.748534
155 0.991036 0.025518 166.805907
156 0.990559 0.026512 167.866647
157 0.991244 0.025097 168.924677
158 0.991008 0.025577 169.984875
159 0.991053 0.025408 171.044327
160 0.99161 0.024405 172.101979
161 0.991707 0.024202 173.406204
162 0.992203 0.023283 174.465461
163 0.991931 0.023792 175.525448
164 0.991431 0.024718 176.583119
165 0.991164 0.025357 177.640647
166 0.991734 0.024314 178.702035
167 0.991084 0.025567 179.774081
168 0.991518 0.024731 180.835017
169 0.992118 0.023453 181.897447
170 0.992185 0.023257 182.958478
171 0.991958 0.023789 184.02004
172 0.991576 0.02458 185.081171
173 0.99142 0.024907 186.140074
174 0.991431 0.024769 187.197567
175 0.99128 0.025055 188.507633
176 0.991096 0.025432 189.569865
177 0.990581 0.026413 190.630809
178 0.991531 0.024712 191.69009
179 0.991565 0.024578 192.998679
180 0.99143 0.024779 194.060854
181 0.99066 0.026332 195.124066
182 0.989958 0.027631 196.184383
183 0.9909 0.025779 197.244008
184 0.990414 0.026676 198.303652
185 0.99118 0.025245 199.364472
186 0.991763 0.024204 200.427125
187 0.991565 0.024711 201.486537
188 0.99211 0.023603 202.802648
189 0.991954 0.023795 203.863582
190 0.991324 0.024981 204.924914
191 0.992117 0.023452 205.985335
192 0.991485 0.024699 207.044279
193 0.991717 0.02432 208.104491
194 0.99094 0.025662 209.162918
195 0.990985 0.025509 210.223326
196 0.991392 0.024878 211.281958
197 0.991503 0.024693 212.345233
198 0.992193 0.023392 213.405436
199 0.992507 0.022727 214.465598
200 0.992359 0.022965 215.527569
201 0.991842 0.023872 216.587417
202 0.99179 0.024003 217.912094
203 0.991555 0.024474 218.970869
204 0.992477 0.022732 220.029533
205 0.992227 0.023348 221.089534
206 0.991951 0.023884 222.157433
207 0.991702 0.024371 223.217993
208 0.991477 0.024831 224.278583
209 0.991343 0.025138 225.339068
210 0.991198 0.025408 226.400536
211 0.991556 0.024741 227.461193
212 0.991299 0.025246 228.521292
213 0.991026 0.025785 229.581138
214 0.991443 0.024883 230.641932
215 0.991675 0.024605 231.703896
216 0.991654 0.024559 233.030532
217 0.991669 0.024383 234.092252
218 0.990741 0.026287 235.152638
219 0.991504 0.024687 236.213967
220 0.991908 0.023932 237.277472
221 0.991459 0.024751 238.338633
222 0.992187 0.023363 239.398766
223 0.991865 0.023904 240.45831
224 0.991899 0.023895 241.521986
225 0.992282 0.023107 242.581476
226 0.992817 0.022157 243.641932
227 0.992969 0.021861 244.701734
228 0.992386 0.023044 245.761623
229 0.99123 0.025236 246.822745
230 0.991591 0.024454 248.153596
231 0.992187 0.023365 249.216217
232 0.992901 0.022118 250.278971
233 0.99252 0.02282 251.339915
234 0.992436 0.022913 252.404932
235 0.99233 0.023189 253.468912
236 0.992287 0.023239 254.53019
237 0.992173 0.023469 255.862443
238 0.992242 0.02338 256.922255
239 0.9926 0.022726 257.99519
240 0.992746 0.022352 259.055177
241 0.99217 0.023501 260.115085
242 0.992555 0.022733 261.173659
243 0.991826 0.024187 262.233711
244 0.991353 0.0251 263.574673
245 0.991511 0.024827 264.632459
246 0.99188 0.023994 265.690559
247 0.992256 0.023207 266.748946
248 0.992017 0.023694 267.806394
249 0.990771 0.02607 268.867784
250 0.99111 0.025434 269.929617
251 0.991853 0.024024 270.987513
252 0.991904 0.023986 272.046852
253 0.991363 0.02504 273.103227
254 0.991894 0.024012 274.164424
255 0.991776 0.02432 275.223031
256 0.99152 0.024859 276.280925
257 0.991898 0.024089 277.339132
258 0.991997 0.023965 278.683593
259 0.992541 0.022851 279.741461
260 0.992201 0.023484 280.799462
261 0.991905 0.023919 281.857145
262 0.991303 0.025096 282.917668
263 0.991215 0.025313 283.979681
264 0.992209 0.023427 285.039709
265 0.992474 0.022941 286.099452
266 0.992507 0.022769 287.158697
267 0.99193 0.023946 288.217042
268 0.991669 0.024593 289.279725
269 0.991953 0.024016 290.338812
270 0.991975 0.023945 291.397369
271 0.992267 0.023348 292.45623
272 0.991137 0.025485 293.807279
273 0.990638 0.026511 294.868641
274 0.990848 0.02609 295.929865
275 0.991012 0.025778 296.988319
276 0.991448 0.025001 298.048666
277 0.991981 0.023985 299.106128
278 0.991321 0.025233 300.168935

Epoch & Fidelity & KL & Runtime 
1 0.92758 0.134914 1.086908
2 0.974121 0.054508 2.171263
3 0.979053 0.046554 3.249026
4 0.978835 0.046812 4.324935
5 0.981546 0.042535 5.401869
6 0.980191 0.044314 6.480785
7 0.981987 0.041117 7.559776
8 0.980622 0.044757 8.634354
9 0.979501 0.046626 9.709761
10 0.981035 0.043482 10.799369
11 0.98129 0.043138 12.195602
12 0.98179 0.041362 13.27104
13 0.978792 0.04776 14.346741
14 0.984462 0.037337 15.42167
15 0.983604 0.038598 16.496851
16 0.983378 0.039546 17.57534
17 0.984762 0.03696 18.656449
18 0.981905 0.042376 19.734494
19 0.981357 0.04392 20.825429
20 0.982825 0.040732 21.901262
21 0.983834 0.038853 22.979043
22 0.981699 0.043423 24.056013
23 0.986103 0.034777 25.13156
24 0.985127 0.036652 26.528727
25 0.9837 0.039804 27.612056
26 0.983408 0.040462 28.686893
27 0.987214 0.032514 29.76852
28 0.986159 0.035181 30.860525
29 0.987223 0.032777 31.93784
30 0.985962 0.035261 33.017097
31 0.984397 0.038152 34.094358
32 0.985743 0.035863 35.170556
33 0.982229 0.042266 36.245881
34 0.985006 0.036816 37.322861
35 0.985456 0.036033 38.401879
36 0.986635 0.033742 39.490135
37 0.983038 0.040647 40.583449
38 0.983498 0.040424 41.993958
39 0.985254 0.036729 43.071447
40 0.985461 0.036507 44.150218
41 0.987197 0.032952 45.225658
42 0.986006 0.034917 46.3084
43 0.985816 0.035702 47.386031
44 0.987146 0.033269 48.463011
45 0.986444 0.034322 49.542825
46 0.986115 0.035119 50.631786
47 0.987158 0.033267 51.707083
48 0.985615 0.035865 52.782661
49 0.984533 0.038265 53.860376
50 0.987848 0.031681 54.93724
51 0.987773 0.031707 56.014226
52 0.986188 0.034921 57.431961
53 0.986209 0.034306 58.508685
54 0.985431 0.036185 59.587453
55 0.987074 0.033082 60.678204
56 0.986707 0.033959 61.755163
57 0.985837 0.035483 62.830358
58 0.983588 0.039315 63.907799
59 0.986133 0.034868 64.992101
60 0.98669 0.033846 66.068823
61 0.988372 0.030665 67.143872
62 0.986683 0.033697 68.220073
63 0.987493 0.032425 69.296857
64 0.98313 0.041063 70.387454
65 0.985215 0.036187 71.81291
66 0.985668 0.035768 72.891669
67 0.985689 0.035841 73.968946
68 0.987178 0.032935 75.046187
69 0.988002 0.032039 76.126584
70 0.98736 0.032965 77.211808
71 0.988743 0.030296 78.288541
72 0.985589 0.036277 79.364509
73 0.984222 0.039126 80.454573
74 0.984933 0.037472 81.5346
75 0.981154 0.045637 82.613096
76 0.983487 0.040813 83.692021
77 0.981163 0.044592 84.769354
78 0.984813 0.037446 85.847302
79 0.98476 0.037811 87.274919
80 0.98209 0.042826 88.351908
81 0.987677 0.03184 89.430163
82 0.986637 0.0345 90.520759
83 0.984959 0.037926 91.601152
84 0.987562 0.033075 92.679547
85 0.987628 0.03209 93.756749
86 0.987329 0.032867 94.834174
87 0.985675 0.036408 95.910268
88 0.986053 0.035362 96.990546
89 0.987605 0.032677 98.070405
90 0.988702 0.030497 99.151274
91 0.984702 0.038538 100.227435
92 0.986337 0.034849 101.662221
93 0.982034 0.043256 102.74027
94 0.987429 0.032669 103.819047
95 0.9841 0.038906 104.896804
96 0.985837 0.035493 105.973686
97 0.987029 0.033659 107.050133
98 0.988491 0.031072 108.128431
99 0.984108 0.040017 109.204709
100 0.984492 0.038384 110.283799
101 0.982836 0.042434 111.363765
102 0.986901 0.034104 112.4419
103 0.983596 0.040044 113.535613
104 0.98557 0.036687 114.612522
105 0.987297 0.032839 116.05295
106 0.983775 0.040075 117.494423
107 0.985753 0.036107 118.573666
108 0.985441 0.036662 119.651873
109 0.987903 0.032164 120.742547
110 0.986266 0.035493 121.822285
111 0.98461 0.038626 122.899617
112 0.985718 0.036228 123.978719
113 0.986614 0.034151 125.059269
114 0.988025 0.031765 126.142335
115 0.987863 0.031938 127.219691
116 0.986173 0.035334 128.294647
117 0.985973 0.035399 129.373677
118 0.987909 0.032019 130.461948
119 0.983474 0.040412 131.910345
120 0.987249 0.033709 132.988637
121 0.987508 0.032953 134.066013
122 0.980724 0.046086 135.145066
123 0.981483 0.045045 136.220971
124 0.986486 0.034581 137.299138
125 0.984035 0.038986 138.37602
126 0.986167 0.035291 139.457024
127 0.988601 0.031081 140.547823
128 0.987048 0.033683 141.626868
129 0.986593 0.034213 142.704894
130 0.987907 0.031996 143.784117
131 0.987142 0.033848 144.863747
132 0.984909 0.037772 145.942562
133 0.984946 0.038168 147.398533
134 0.986634 0.034672 148.476458
135 0.985904 0.035916 149.553027
136 0.986709 0.034213 150.644896
137 0.985882 0.035943 151.723277
138 0.984873 0.037627 152.799866
139 0.983957 0.039925 153.876717
140 0.983065 0.041111 154.955248
141 0.98526 0.036848 156.033878
142 0.984974 0.03812 157.112961
143 0.984073 0.039591 158.190324
144 0.987649 0.032715 159.267872
145 0.984714 0.038579 160.344223
146 0.986728 0.03447 161.809348
147 0.985266 0.036942 162.885324
148 0.987732 0.03273 163.961454
149 0.987426 0.033 165.039352
150 0.98391 0.039823 166.119106
151 0.983618 0.040874 167.195229
152 0.986878 0.034379 168.276892
153 0.985235 0.037036 169.355401
154 0.986236 0.03496 170.434096
155 0.983761 0.039902 171.514741
156 0.98572 0.036904 172.590042
157 0.984598 0.038674 173.665579
158 0.986337 0.03494 174.744206
159 0.985853 0.035617 175.82053
160 0.985621 0.03626 177.288778
161 0.986793 0.034301 178.364389
162 0.985211 0.036869 179.441373
163 0.984943 0.038015 180.528842
164 0.983489 0.040537 181.607907
165 0.986265 0.035621 182.686197
166 0.987697 0.032939 183.76239
167 0.987249 0.033388 184.839252
168 0.987035 0.033866 185.918514
169 0.984087 0.039933 186.995689
170 0.986427 0.035001 188.076838
171 0.987035 0.033943 189.155284
172 0.988488 0.03098 190.231686
173 0.98318 0.04195 191.704491
174 0.987049 0.033937 192.779335
175 0.98874 0.031034 193.869071
176 0.986213 0.035996 194.944796
177 0.984612 0.038464 196.020531
178 0.986054 0.035387 197.096086
179 0.983299 0.040684 198.175405
180 0.981591 0.043719 199.251822
181 0.983345 0.04136 200.327857
182 0.988093 0.032009 201.408346
183 0.986329 0.034732 202.486439
184 0.985444 0.037392 203.565921
185 0.984267 0.039307 204.64058
186 0.987667 0.032578 205.718861
187 0.986701 0.034508 207.197648
188 0.985839 0.036378 208.273906
189 0.984058 0.039825 209.351065
190 0.984365 0.039004 210.425552
191 0.984985 0.037975 211.502066
192 0.985559 0.036963 212.578083
193 0.986879 0.034109 213.65498
194 0.987973 0.031896 214.733809
195 0.986183 0.035672 215.808354
196 0.986741 0.034587 216.886218
197 0.98584 0.036253 217.965972
198 0.986999 0.033827 219.041895
199 0.987812 0.03234 220.120467
200 0.984415 0.039101 221.614608
201 0.985072 0.037529 222.693751
202 0.98725 0.033515 223.770813
203 0.983261 0.040582 224.848858
204 0.986609 0.034772 225.925498
205 0.986876 0.034689 227.002319
206 0.987007 0.033982 228.080734
207 0.988558 0.030978 229.157626
208 0.985477 0.037504 230.244637
209 0.987047 0.033941 231.322654
210 0.9847 0.038648 232.398431
211 0.983108 0.041792 233.474438
212 0.985219 0.037516 234.54962
213 0.986182 0.035495 235.62678
214 0.987425 0.033192 237.120599
215 0.986984 0.034194 238.195114
216 0.986404 0.035122 239.272
217 0.984056 0.040007 240.349104
218 0.984409 0.038775 241.431569
219 0.983121 0.041695 242.507977
220 0.988329 0.03147 243.58571
221 0.986333 0.035007 244.664844
222 0.986824 0.034018 245.740016
223 0.98666 0.034976 246.817049
224 0.988491 0.031077 247.893836
225 0.986956 0.034378 248.968633
226 0.987306 0.033094 250.047875
227 0.986226 0.035416 251.136788
228 0.987113 0.033432 252.639149
229 0.987633 0.032752 253.716774
230 0.984484 0.038995 255.220049
231 0.987223 0.033517 256.296126
232 0.987937 0.032229 257.376277
233 0.98513 0.037308 258.451519
234 0.985989 0.036045 259.527609
235 0.987153 0.033771 260.603914
236 0.98206 0.043072 261.681876
237 0.986358 0.03487 262.762004
238 0.986437 0.035268 263.83778
239 0.984049 0.039623 264.915712
240 0.98367 0.040205 265.992428
241 0.98365 0.040782 267.498536
242 0.988286 0.03147 268.589183
243 0.985529 0.036621 269.667178
244 0.983851 0.04022 270.756361
245 0.979884 0.048507 271.835186
246 0.984997 0.038454 272.911901
247 0.984971 0.037949 273.990223
248 0.986293 0.035091 275.067914
249 0.986984 0.034071 276.144152
250 0.988306 0.031453 277.220182
251 0.986361 0.035163 278.296855
252 0.986903 0.034345 279.375432
253 0.987465 0.032921 280.452877
254 0.985127 0.037393 281.970922
255 0.985462 0.036848 283.048011
256 0.98484 0.038039 284.1271
257 0.988599 0.031041 285.204564
258 0.988736 0.03067 286.282337
259 0.989312 0.029501 287.359303
260 0.984962 0.038022 288.437401
261 0.988281 0.031635 289.516522
262 0.983914 0.040491 290.593397
263 0.98746 0.03324 291.672157
264 0.987593 0.032805 292.75218
265 0.984412 0.039379 293.829103
266 0.986934 0.034663 294.905624
267 0.988934 0.030487 295.982698
268 0.987307 0.033381 297.502268
269 0.986924 0.034419 298.585684
270 0.988685 0.031223 299.665884
271 0.985369 0.037263 300.758429

Epoch & Fidelity & KL & Runtime 
1 0.641486 0.783258 1.042615
2 0.816412 0.363053 2.083647
3 0.896046 0.199885 3.12491
4 0.937835 0.120324 4.166364
5 0.959359 0.080837 5.207019
6 0.972092 0.057959 6.24922
7 0.978387 0.046951 7.288016
8 0.981031 0.042387 8.328482
9 0.983366 0.038387 9.644853
10 0.985055 0.035512 10.688528
11 0.985263 0.035285 11.727809
12 0.986022 0.034219 12.767487
13 0.98698 0.032487 13.80496
14 0.98777 0.03113 14.842892
15 0.987575 0.031608 15.894959
16 0.987638 0.031485 16.938559
17 0.987664 0.031397 17.978976
18 0.987762 0.031242 19.021418
19 0.988275 0.030252 20.062891
20 0.988589 0.029625 21.105815
21 0.988294 0.030383 22.144951
22 0.989251 0.028396 23.184881
23 0.98876 0.02927 24.505474
24 0.989211 0.028465 25.545251
25 0.989237 0.028325 26.585512
26 0.98958 0.027817 27.625107
27 0.989197 0.028572 28.664432
28 0.98887 0.029115 29.707664
29 0.989351 0.028222 30.750473
30 0.988886 0.029041 31.792506
31 0.988831 0.029169 32.831121
32 0.989143 0.028572 33.869714
33 0.988675 0.029565 34.908808
34 0.988546 0.029855 35.949989
35 0.988931 0.028983 36.988996
36 0.988837 0.029069 38.029263
37 0.988756 0.029298 39.350259
38 0.988635 0.029535 40.389229
39 0.989189 0.028442 41.430884
40 0.989465 0.027962 42.471224
41 0.989376 0.02818 43.511558
42 0.988657 0.029449 44.552217
43 0.989461 0.028014 45.592929
44 0.989553 0.027929 46.632887
45 0.989807 0.02743 47.680949
46 0.989988 0.027045 48.723851
47 0.990222 0.026655 49.764212
48 0.989928 0.027244 50.802458
49 0.990097 0.026962 51.843342
50 0.990329 0.026561 52.884458
51 0.989904 0.027346 54.211
52 0.990011 0.027103 55.249225
53 0.989923 0.027258 56.289695
54 0.989944 0.027103 57.332022
55 0.990129 0.026781 58.37178
56 0.989907 0.027242 59.410944
57 0.989429 0.028138 60.455553
58 0.990181 0.026771 61.49423
59 0.990858 0.025535 62.532916
60 0.990643 0.025972 63.571475
61 0.99029 0.026662 64.611021
62 0.990789 0.025675 65.652617
63 0.990688 0.025869 66.693511
64 0.990104 0.027065 67.733273
65 0.989506 0.028286 69.061711
66 0.989098 0.029126 70.102494
67 0.989734 0.027754 71.141752
68 0.990183 0.026895 72.185965
69 0.990189 0.026767 73.232738
70 0.990768 0.025632 74.275514
71 0.990967 0.025364 75.315327
72 0.990994 0.025344 76.354524
73 0.990258 0.026778 77.396571
74 0.990662 0.025943 78.437122
75 0.99027 0.026845 79.476779
76 0.99055 0.026239 80.518823
77 0.991143 0.025087 81.559977
78 0.990427 0.026419 82.599719
79 0.990208 0.026859 83.935166
80 0.989979 0.027194 84.973602
81 0.989495 0.028128 86.01207
82 0.990173 0.026841 87.063106
83 0.990096 0.027056 88.103817
84 0.990811 0.025605 89.146917
85 0.990162 0.026868 90.18753
86 0.990865 0.025573 91.227363
87 0.990828 0.025646 92.267358
88 0.990659 0.026016 93.605199
89 0.991084 0.025288 94.646568
90 0.990761 0.025968 95.690182
91 0.99105 0.02526 96.732275
92 0.990695 0.025825 97.77539
93 0.990866 0.02557 99.115704
94 0.991342 0.024671 100.156193
95 0.990333 0.026646 101.197279
96 0.990573 0.026279 102.237605
97 0.991335 0.024784 103.278346
98 0.991469 0.024525 104.319342
99 0.991045 0.025324 105.359118
100 0.991319 0.024796 106.398414
101 0.991621 0.024211 107.438651
102 0.991472 0.024526 108.478137
103 0.990674 0.026065 109.517874
104 0.990556 0.026394 110.556274
105 0.991082 0.025367 111.597825
106 0.991554 0.02445 112.638644
107 0.991041 0.025364 113.981849
108 0.991057 0.025319 115.021874
109 0.991871 0.023779 116.059616
110 0.991852 0.023778 117.099636
111 0.991513 0.024477 118.142819
112 0.991547 0.024397 119.186536
113 0.99156 0.024345 120.227837
114 0.991712 0.024148 121.268337
115 0.991809 0.02401 122.30801
116 0.99114 0.025265 123.348585
117 0.990915 0.025597 124.389421
118 0.991115 0.025145 125.429372
119 0.99093 0.025462 126.468387
120 0.991574 0.024267 127.508363
121 0.992006 0.023453 128.855434
122 0.991822 0.023787 129.893826
123 0.992179 0.023152 130.932757
124 0.991773 0.02403 131.973509
125 0.992142 0.023265 133.014064
126 0.991582 0.024261 134.054797
127 0.991121 0.02512 135.097266
128 0.99096 0.025405 136.136276
129 0.991257 0.024907 137.175364
130 0.991024 0.025503 138.213502
131 0.991793 0.024027 139.255581
132 0.99127 0.025091 140.297121
133 0.991445 0.024804 141.3395
134 0.990919 0.025812 142.377755
135 0.99161 0.02444 143.730783
136 0.991643 0.024311 144.771111
137 0.991587 0.024276 145.809647
138 0.991844 0.023825 146.849613
139 0.99185 0.023809 147.890119
140 0.991673 0.024239 148.931025
141 0.991598 0.024318 149.968476
142 0.992402 0.022795 151.007585
143 0.992466 0.022801 152.046386
144 0.993124 0.021492 153.08721
145 0.992736 0.022183 154.128299
146 0.992533 0.022397 155.168564
147 0.99186 0.023685 156.207065
148 0.991333 0.024796 157.246861
149 0.991384 0.024673 158.288317
150 0.991714 0.024074 159.645714
151 0.99227 0.023065 160.685335
152 0.991611 0.0245 161.725331
153 0.99187 0.023954 162.763995
154 0.992201 0.023318 163.816525
155 0.992478 0.022798 164.858643
156 0.991664 0.024346 165.907103
157 0.991774 0.024182 166.948709
158 0.99214 0.023456 167.988797
159 0.992012 0.023694 169.026817
160 0.991386 0.024937 170.065685
161 0.992071 0.023601 171.108284
162 0.992429 0.022878 172.148842
163 0.991674 0.024272 173.187805
164 0.99181 0.023786 174.545886
165 0.991718 0.023998 175.584723
166 0.992316 0.022935 176.623118
167 0.992634 0.022364 177.661005
168 0.992055 0.023445 178.700241
169 0.992653 0.022378 179.738392
170 0.99203 0.023569 180.777725
171 0.992278 0.023084 181.819124
172 0.992445 0.022766 182.858681
173 0.991748 0.024228 183.897418
174 0.992327 0.023147 184.941785
175 0.992049 0.023581 185.980765
176 0.992126 0.023446 187.019363
177 0.992052 0.023593 188.059021
178 0.992409 0.02289 189.421273
179 0.992156 0.023409 190.461829
180 0.992757 0.022262 191.498607
181 0.992458 0.02267 192.537322
182 0.992035 0.023531 193.57631
183 0.991716 0.024111 194.614083
184 0.992568 0.022502 195.652516
185 0.992153 0.023366 196.693142
186 0.991947 0.023695 197.732479
187 0.991973 0.023745 198.773737
188 0.991526 0.024614 199.813114
189 0.991632 0.024531 200.853003
190 0.991765 0.024231 201.891042
191 0.991874 0.024086 202.934299
192 0.991915 0.023856 204.300655
193 0.991627 0.024421 205.340488
194 0.992217 0.023328 206.378648
195 0.992557 0.022663 207.417923
196 0.991956 0.023711 208.457971
197 0.992013 0.023639 209.496217
198 0.9923 0.02318 210.534205
199 0.992483 0.022909 211.573236
200 0.99227 0.023219 212.612228
201 0.99223 0.023391 213.651148
202 0.992396 0.023138 214.693501
203 0.992589 0.02271 215.735546
204 0.992558 0.022696 216.775375
205 0.992602 0.022757 217.815775
206 0.992698 0.022597 219.187062
207 0.992299 0.023292 220.226304
208 0.992414 0.022954 221.264122
209 0.992692 0.022379 222.30243
210 0.992677 0.022422 223.344441
211 0.992981 0.021941 224.381704
212 0.992502 0.022879 225.420394
213 0.992257 0.02326 226.46105
214 0.99173 0.024229 227.499916
215 0.992108 0.023486 228.539586
216 0.992649 0.02246 229.579807
217 0.992061 0.023568 230.619334
218 0.99214 0.023459 231.6594
219 0.991639 0.024432 232.698725
220 0.991536 0.024701 234.076068
221 0.992452 0.022958 235.12709
222 0.992334 0.023115 236.16649
223 0.992276 0.023225 237.206051
224 0.99224 0.023293 238.24773
225 0.991709 0.02427 239.286056
226 0.991439 0.02481 240.325583
227 0.991607 0.024615 241.367087
228 0.992068 0.023683 242.404741
229 0.99207 0.023618 243.441236
230 0.991641 0.024462 244.481838
231 0.991527 0.024621 245.517119
232 0.991775 0.024175 246.553433
233 0.991052 0.025581 247.590102
234 0.990967 0.025744 248.965228
235 0.991624 0.024507 250.006805
236 0.992255 0.023284 251.057373
237 0.991931 0.023834 252.09235
238 0.991872 0.024042 253.128224
239 0.992253 0.023383 254.16726
240 0.992091 0.023586 255.205873
241 0.991862 0.023928 256.587474
242 0.992204 0.023362 257.625532
243 0.992254 0.023253 258.661455
244 0.991861 0.024074 259.697643
245 0.992685 0.022502 260.749936
246 0.9921 0.023618 261.786981
247 0.992296 0.023289 262.824413
248 0.991804 0.024272 264.206504
249 0.992135 0.023521 265.242073
250 0.992244 0.023214 266.280914
251 0.991943 0.023741 267.318036
252 0.99161 0.024384 268.358005
253 0.992021 0.02375 269.39473
254 0.991833 0.024122 270.434158
255 0.992038 0.023812 271.472524
256 0.991832 0.024171 272.508495
257 0.991972 0.02375 273.543896
258 0.991951 0.023871 274.581062
259 0.991267 0.025254 275.617226
260 0.992253 0.023216 276.659432
261 0.992918 0.022065 277.695696
262 0.992795 0.022303 279.080245
263 0.993269 0.021397 280.117626
264 0.993115 0.02178 281.16692
265 0.992957 0.02214 282.204617
266 0.992972 0.022103 283.242709
267 0.992977 0.021963 284.281946
268 0.993333 0.021197 285.318539
269 0.992849 0.022153 286.356807
270 0.992476 0.022876 287.393072
271 0.992601 0.022677 288.428037
272 0.992713 0.022329 289.463916
273 0.991971 0.02372 290.500751
274 0.992142 0.023489 291.537516
275 0.9926 0.022644 292.576969
276 0.992177 0.023466 293.965785
277 0.992277 0.023334 295.002726
278 0.992099 0.023723 296.03977
279 0.992265 0.02336 297.079796
280 0.992511 0.02292 298.120287
281 0.992627 0.022646 299.157373
282 0.991992 0.023876 300.190945

Epoch & Fidelity & KL & Runtime 
1 0.618639 0.84456 1.047693
2 0.811711 0.3718 2.1002
3 0.89839 0.194197 3.15202
4 0.9381 0.119127 4.204542
5 0.959632 0.079622 5.258453
6 0.971708 0.058214 6.308606
7 0.976144 0.050529 7.360362
8 0.979138 0.045281 8.57818
9 0.98362 0.037804 9.630245
10 0.984486 0.036448 10.683299
11 0.98471 0.036096 11.734462
12 0.984445 0.036511 12.786021
13 0.985529 0.034711 13.850187
14 0.9863 0.033389 14.902894
15 0.986065 0.033912 15.954532
16 0.986518 0.03312 17.00385
17 0.986703 0.032777 18.053192
18 0.987213 0.031792 19.102872
19 0.987055 0.032173 20.151306
20 0.9872 0.031903 21.205122
21 0.987288 0.031677 22.255897
22 0.986873 0.032459 23.49249
23 0.986406 0.033284 24.542608
24 0.986243 0.033593 25.592111
25 0.986343 0.033313 26.643736
26 0.986461 0.033141 27.693505
27 0.985981 0.034053 28.757276
28 0.98581 0.034245 29.80697
29 0.985607 0.034843 30.858405
30 0.985907 0.034343 31.911453
31 0.985779 0.034663 32.961599
32 0.985518 0.034957 34.014257
33 0.984748 0.036385 35.065158
34 0.985365 0.035373 36.117122
35 0.986541 0.033117 37.172969
36 0.98659 0.032982 38.402965
37 0.987058 0.032256 39.453214
38 0.986786 0.032618 40.502625
39 0.987428 0.031334 41.557582
40 0.986864 0.032431 42.608714
41 0.987058 0.03217 43.672153
42 0.986767 0.032774 44.721332
43 0.987143 0.032145 45.771912
44 0.987107 0.032126 46.824922
45 0.987274 0.031757 47.874323
46 0.987509 0.031316 48.924695
47 0.988313 0.029878 49.975411
48 0.987691 0.031044 51.02794
49 0.988698 0.029251 52.080079
50 0.988796 0.029049 53.328008
51 0.988803 0.029082 54.378481
52 0.989022 0.028636 55.428492
53 0.988687 0.029268 56.481241
54 0.989211 0.028379 57.534333
55 0.989365 0.028167 58.586047
56 0.989059 0.028798 59.639054
57 0.989142 0.028578 60.691852
58 0.989412 0.028037 61.743686
59 0.989016 0.028879 62.798668
60 0.989335 0.028329 63.863184
61 0.989611 0.027875 64.91379
62 0.988918 0.029178 65.972578
63 0.989458 0.028055 67.027092
64 0.989323 0.028327 68.273808
65 0.98944 0.027997 69.324046
66 0.989192 0.028554 70.374804
67 0.989199 0.028497 71.42637
68 0.989048 0.028846 72.477883
69 0.98917 0.02857 73.544252
70 0.98893 0.029111 74.594208
71 0.98907 0.028725 75.642931
72 0.989241 0.028509 76.694211
73 0.989673 0.027622 77.744881
74 0.989185 0.028543 78.797404
75 0.988776 0.029321 79.850417
76 0.989324 0.028165 80.903185
77 0.989789 0.027346 81.953433
78 0.989664 0.02762 83.204634
79 0.989838 0.0273 84.257582
80 0.989421 0.027972 85.311627
81 0.98923 0.028294 86.360415
82 0.989611 0.027709 87.411358
83 0.989545 0.027813 88.462466
84 0.988761 0.029307 89.718036
85 0.988797 0.029351 90.769748
86 0.988154 0.030651 91.822451
87 0.988798 0.029414 92.873333
88 0.989422 0.028261 93.940286
89 0.989699 0.027684 94.995534
90 0.989889 0.02723 96.047217
91 0.989782 0.02746 97.096852
92 0.990162 0.026804 98.356061
93 0.9901 0.026787 99.408011
94 0.990324 0.026423 100.460986
95 0.9902 0.026574 101.510929
96 0.990918 0.025238 102.562953
97 0.990814 0.025483 103.625534
98 0.990635 0.02587 104.675595
99 0.990112 0.026765 105.740582
100 0.990404 0.026286 106.794989
101 0.990319 0.026533 107.846693
102 0.99038 0.026419 108.8963
103 0.990405 0.026375 109.948105
104 0.990296 0.026548 111.000454
105 0.99043 0.026237 112.051921
106 0.990241 0.026561 113.317731
107 0.990212 0.026683 114.368279
108 0.990694 0.025682 115.420112
109 0.990561 0.025969 116.472866
110 0.990752 0.025657 117.525177
111 0.990761 0.025648 118.575363
112 0.990449 0.026173 119.628208
113 0.99032 0.026428 120.683131
114 0.990396 0.026381 121.734106
115 0.990155 0.02683 122.783483
116 0.989299 0.028519 123.847751
117 0.99043 0.026421 124.898315
118 0.990532 0.026233 125.953209
119 0.990921 0.025496 127.006299
120 0.99115 0.02516 128.277928
121 0.991082 0.025381 129.3307
122 0.990943 0.025464 130.380115
123 0.991168 0.02509 131.432491
124 0.990926 0.025601 132.484911
125 0.991496 0.024499 133.548512
126 0.991101 0.025262 134.600082
127 0.991413 0.02469 135.650128
128 0.991046 0.025428 136.703901
129 0.99133 0.024851 137.755558
130 0.991149 0.02504 138.809664
131 0.991127 0.025172 139.863352
132 0.991255 0.02493 140.915914
133 0.990931 0.025567 141.97435
134 0.991466 0.024471 143.253962
135 0.991192 0.024983 144.308668
136 0.991271 0.024813 145.36015
137 0.990143 0.026878 146.414194
138 0.991339 0.024575 147.473255
139 0.991417 0.024371 148.526515
140 0.990413 0.026273 149.578249
141 0.990884 0.025354 150.628713
142 0.990766 0.025625 151.679848
143 0.990989 0.025233 152.737131
144 0.991645 0.023998 153.802259
145 0.991778 0.02381 154.851855
146 0.99169 0.02398 155.904409
147 0.99098 0.025386 156.954501
148 0.991716 0.024048 158.241411
149 0.991161 0.025056 159.29318
150 0.990882 0.025655 160.345518
151 0.991481 0.024534 161.39929
152 0.991143 0.025179 162.451121
153 0.990269 0.026935 163.519587
154 0.98984 0.027758 164.570083
155 0.990087 0.027275 165.625785
156 0.990307 0.02688 166.679664
157 0.99093 0.025638 167.730434
158 0.990922 0.02574 168.789113
159 0.992165 0.023287 169.842868
160 0.991001 0.02565 170.898418
161 0.991118 0.025358 171.951115
162 0.991161 0.025294 173.242461
163 0.99102 0.025657 174.29677
164 0.990462 0.026641 175.346879
165 0.991754 0.024153 176.39815
166 0.991905 0.023869 177.460601
167 0.991745 0.024028 178.511138
168 0.991398 0.024747 179.565973
169 0.991309 0.024926 180.615989
170 0.991558 0.024451 181.666482
171 0.991393 0.024737 182.717953
172 0.991707 0.024071 183.783745
173 0.991896 0.023729 184.836398
174 0.991513 0.024512 185.890068
175 0.990906 0.02562 186.942475
176 0.990674 0.026112 188.238018
177 0.990317 0.026802 189.291804
178 0.990382 0.026719 190.344021
179 0.989944 0.027529 191.394717
180 0.990187 0.026978 192.44628
181 0.990203 0.026832 193.753173
182 0.990069 0.027031 194.806504
183 0.991031 0.025299 195.863371
184 0.990693 0.026039 196.914405
185 0.990668 0.026218 197.964429
186 0.991522 0.024572 199.01415
187 0.991138 0.025238 200.065514
188 0.991397 0.024781 201.1177
189 0.991815 0.023926 202.166625
190 0.991581 0.024296 203.465333
191 0.991633 0.024321 204.515343
192 0.991047 0.025456 205.567248
193 0.990612 0.02633 206.618934
194 0.990605 0.026281 207.671665
195 0.990938 0.025651 208.725956
196 0.991618 0.024358 209.777241
197 0.99187 0.023751 210.829442
198 0.991618 0.024362 211.881068
199 0.990961 0.025616 212.930824
200 0.991223 0.025109 213.995149
201 0.992115 0.023517 215.045021
202 0.991528 0.024635 216.097274
203 0.991592 0.024408 217.151255
204 0.991321 0.024914 218.455454
205 0.991348 0.02485 219.509237
206 0.992333 0.023006 220.559779
207 0.991788 0.023943 221.612312
208 0.992595 0.022411 222.670233
209 0.992056 0.023478 223.733593
210 0.99147 0.024575 224.783784
211 0.991733 0.02412 225.833738
212 0.991435 0.024848 226.887356
213 0.991533 0.024743 227.940561
214 0.991598 0.024516 228.991536
215 0.992078 0.023615 230.041867
216 0.991977 0.023774 231.090967
217 0.991817 0.024096 232.142795
218 0.991958 0.023698 233.452931
219 0.992068 0.023546 234.503125
220 0.991401 0.024699 235.553633
221 0.991561 0.024494 236.604287
222 0.99152 0.02464 237.654622
223 0.991947 0.023799 238.705369
224 0.99169 0.024275 239.75932
225 0.991755 0.024176 240.809104
226 0.992147 0.023478 241.862564
227 0.99285 0.022159 242.913612
228 0.992697 0.022448 243.97521
229 0.992049 0.023642 245.026482
230 0.99268 0.022474 246.076378
231 0.992272 0.023202 247.128581
232 0.99217 0.023356 248.440681
233 0.991626 0.024408 249.490201
234 0.992153 0.023358 250.538828
235 0.992205 0.023396 251.588099
236 0.992602 0.022645 252.644399
237 0.992877 0.022086 253.709068
238 0.992374 0.023075 254.770895
239 0.992204 0.023343 256.083594
240 0.991473 0.024675 257.132828
241 0.992042 0.023525 258.18455
242 0.991981 0.023738 259.235756
243 0.991491 0.024685 260.287274
244 0.990591 0.026341 261.339414
245 0.99092 0.025742 262.390247
246 0.990633 0.026153 263.727141
247 0.991083 0.025366 264.779267
248 0.991039 0.025525 265.830666
249 0.991324 0.024951 266.883635
250 0.991294 0.024968 267.93712
251 0.991732 0.024077 268.98868
252 0.991865 0.023871 270.039591
253 0.992185 0.023305 271.092129
254 0.992112 0.023441 272.14237
255 0.992245 0.023308 273.1931
256 0.992457 0.022992 274.260592
257 0.992332 0.023233 275.311181
258 0.992012 0.023877 276.362977
259 0.99129 0.025143 277.41474
260 0.991169 0.025396 278.741134
261 0.991436 0.024892 279.794982
262 0.991344 0.025004 280.846222
263 0.991109 0.025479 281.896046
264 0.991148 0.025428 282.945691
265 0.990959 0.025868 284.009241
266 0.991882 0.024111 285.06029
267 0.992726 0.022542 286.111136
268 0.992163 0.023651 287.165175
269 0.99246 0.022994 288.216517
270 0.992598 0.022708 289.269505
271 0.99217 0.023553 290.320051
272 0.992175 0.023572 291.369508
273 0.992188 0.023579 292.419153
274 0.992456 0.023055 293.767029
275 0.992815 0.022369 294.821655
276 0.992571 0.022785 295.874128
277 0.992793 0.02234 296.927069
278 0.992594 0.022615 297.980613
279 0.992382 0.023204 299.031178
280 0.992362 0.023196 300.085517

