Learning rate is 0.001

Optimizer is Adadelta
Epoch & Fidelity & Runtime 
1 0.073442 1.273488
2 0.074028 2.542964
3 0.074595 3.81209
4 0.075142 5.077879
5 0.075679 6.342681
6 0.076185 7.61128
7 0.076691 8.875083
8 0.077193 10.140666
9 0.077671 11.408039
10 0.078144 12.670849
11 0.078595 13.951927
12 0.079032 15.2188
13 0.079451 16.487679
14 0.079875 17.752243
15 0.080274 19.020513
16 0.08067 20.290408
17 0.081058 21.559373
18 0.081415 22.826664
19 0.081784 24.099349
20 0.082128 25.371255
21 0.082448 26.636902
22 0.082773 27.90328
23 0.083087 29.190783
24 0.083392 30.458562
25 0.083696 31.729241
26 0.08398 32.994401
27 0.084265 34.264121
28 0.084548 35.531646
29 0.084809 36.822744
30 0.085054 38.089435
31 0.085304 39.358166
32 0.085547 40.626807
33 0.085777 41.900008
34 0.086002 43.170291
35 0.08622 44.46799
36 0.086439 45.735673
37 0.086645 47.006165
38 0.086843 48.27046
39 0.087036 49.538882
40 0.087226 50.803689
41 0.087417 52.076226
42 0.087594 53.343443
43 0.087772 54.612734
44 0.087944 55.879387
45 0.088115 57.1485
46 0.088275 58.452469
47 0.088439 59.723316
48 0.088583 60.989921
49 0.088732 62.259679
50 0.088874 63.527717
51 0.089005 64.79767
52 0.089141 66.065452
53 0.089279 67.338183
54 0.089407 68.603698
55 0.089533 69.871027
56 0.089661 71.139814
57 0.089784 72.409387
58 0.089896 73.718796
59 0.090005 74.986228
60 0.090119 76.252687
61 0.090231 77.518766
62 0.090342 78.786687
63 0.090452 80.055456
64 0.090554 81.322226
65 0.090658 82.58775
66 0.090757 83.852614
67 0.090852 85.118569
68 0.090945 86.388269
69 0.091035 87.657788
70 0.091125 88.973002
71 0.091211 90.2432
72 0.091299 91.509236
73 0.091387 92.776665
74 0.091465 94.040919
75 0.091546 95.305965
76 0.091625 96.572279
77 0.091704 97.839097
78 0.091781 99.108546
79 0.091855 100.376955
80 0.091932 101.644562
81 0.092008 102.911483
82 0.092078 104.24028
83 0.09215 105.507605
84 0.092221 106.773599
85 0.092288 108.043012
86 0.092359 109.312265
87 0.092422 110.58032
88 0.092486 111.848861
89 0.092556 113.118296
90 0.092625 114.388638
91 0.092687 115.661882
92 0.09275 116.93286
93 0.09281 118.204434
94 0.092875 119.530947
95 0.092935 120.828994
96 0.092998 122.098152
97 0.093059 123.367598
98 0.093123 124.636529
99 0.093186 125.909854
100 0.093247 127.182867
101 0.093305 128.453695
102 0.093365 129.724214
103 0.093424 130.995884
104 0.09348 132.267352
105 0.093539 133.60776
106 0.093593 134.877148
107 0.093651 136.14615
108 0.093708 137.420429
109 0.093767 138.694802
110 0.093826 139.964289
111 0.09388 141.238466
112 0.093937 142.512834
113 0.093993 143.783863
114 0.094049 145.053114
115 0.094106 146.321453
116 0.094161 147.592399
117 0.094218 148.936246
118 0.094273 150.206646
119 0.094327 151.481479
120 0.09438 152.750152
121 0.094435 154.019331
122 0.094491 155.287635
123 0.094546 156.56124
124 0.094598 157.831488
125 0.094655 159.101186
126 0.094707 160.373285
127 0.094759 161.646105
128 0.094812 162.91325
129 0.094864 164.268653
130 0.094919 165.53696
131 0.094974 166.806698
132 0.095027 168.074578
133 0.095081 169.346923
134 0.095133 170.616334
135 0.095187 171.886399
136 0.09524 173.15532
137 0.095293 174.425809
138 0.095348 175.778196
139 0.095405 177.045148
140 0.095458 178.397368
141 0.095511 179.667454
142 0.095564 180.936035
143 0.095618 182.211401
144 0.095673 183.480666
145 0.095727 184.752947
146 0.09578 186.022815
147 0.095835 187.295508
148 0.095887 188.563028
149 0.095941 189.835268
150 0.095995 191.105987
151 0.096051 192.37604
152 0.096107 193.734468
153 0.096162 195.008792
154 0.096218 196.276311
155 0.096272 197.545961
156 0.096327 198.81318
157 0.096381 200.087821
158 0.096437 201.360215
159 0.096492 202.630899
160 0.096547 203.901833
161 0.096603 205.173632
162 0.09666 206.456502
163 0.096714 207.728659
164 0.09677 209.099227
165 0.096827 210.371272
166 0.096883 211.640191
167 0.096939 212.913689
168 0.096996 214.182464
169 0.097053 215.55384
170 0.09711 216.825068
171 0.097168 218.095312
172 0.097226 219.365491
173 0.097283 220.638995
174 0.09734 221.911759
175 0.097398 223.183046
176 0.097457 224.557517
177 0.097515 225.826387
178 0.097572 227.092813
179 0.097631 228.360531
180 0.097689 229.625119
181 0.097746 230.898336
182 0.097806 232.165184
183 0.097863 233.439402
184 0.097923 234.710933
185 0.097981 235.978033
186 0.098038 237.247897
187 0.098097 238.625161
188 0.098156 239.894167
189 0.098216 241.171629
190 0.098277 242.432493
191 0.098335 243.698585
192 0.098396 244.959357
193 0.098456 246.222246
194 0.098517 247.485376
195 0.098578 248.747424
196 0.098639 250.007262
197 0.0987 251.288762
198 0.098761 252.553887
199 0.098822 253.932814
200 0.098883 255.193769
201 0.098945 256.4606
202 0.099009 257.72355
203 0.099074 258.985919
204 0.099137 260.243779
205 0.099199 261.523371
206 0.099261 262.782441
207 0.099325 264.044576
208 0.099388 265.30934
209 0.099452 266.568872
210 0.099516 267.829816
211 0.09958 269.218677
212 0.099644 270.483665
213 0.099708 271.74511
214 0.099772 273.004953
215 0.099837 274.267819
216 0.099901 275.657689
217 0.099966 276.918993
218 0.100032 278.17875
219 0.100098 279.440644
220 0.100164 280.704059
221 0.10023 281.966742
222 0.100297 283.231184
223 0.100364 284.626714
224 0.100431 285.886774
225 0.100497 287.146832
226 0.100564 288.408269
227 0.100631 289.667036
228 0.100698 290.93808
229 0.100766 292.199745
230 0.100834 293.457958
231 0.100901 294.719138
232 0.10097 295.981871
233 0.101038 297.247658
234 0.101106 298.643162
235 0.101174 299.901457
236 0.101244 301.177108

Optimizer is Adam
Epoch & Fidelity & Runtime 
1 0.118244 1.228865
2 0.17101 2.431978
3 0.207073 3.633357
4 0.236146 4.970538
5 0.260189 6.168538
6 0.282525 7.370604
7 0.303353 8.571776
8 0.323088 9.774629
9 0.342422 10.976305
10 0.359432 12.177753
11 0.37665 13.378846
12 0.391494 14.583967
13 0.404118 15.784475
14 0.414279 16.98842
15 0.429072 18.187761
16 0.440384 19.388399
17 0.453284 20.725314
18 0.460348 21.928406
19 0.475889 23.130479
20 0.482602 24.329134
21 0.494779 25.530612
22 0.502479 26.729653
23 0.511942 27.955662
24 0.518139 29.189561
25 0.524844 30.424447
26 0.533003 31.658965
27 0.540816 32.907557
28 0.543683 34.14379
29 0.551682 35.515768
30 0.555229 36.753971
31 0.564033 37.990259
32 0.56184 39.226393
33 0.571935 40.463187
34 0.575537 41.700021
35 0.579309 42.948556
36 0.58738 44.184905
37 0.59045 45.418452
38 0.591614 46.656119
39 0.591985 47.891329
40 0.598506 49.113094
41 0.603395 50.453531
42 0.607567 51.654445
43 0.612835 52.855218
44 0.620599 54.076996
45 0.618744 55.299646
46 0.624613 56.524596
47 0.620208 57.759269
48 0.630694 58.994246
49 0.638211 60.23037
50 0.637662 61.466431
51 0.643899 62.713321
52 0.644081 63.949583
53 0.649728 65.321295
54 0.653188 66.557227
55 0.65331 67.792699
56 0.657296 69.028748
57 0.656683 70.261718
58 0.664384 71.497284
59 0.662983 72.744685
60 0.665894 73.98185
61 0.674953 75.216548
62 0.673031 76.449195
63 0.67455 77.683597
64 0.671471 78.91804
65 0.671891 80.28015
66 0.67603 81.514741
67 0.669438 82.762877
68 0.676823 83.99609
69 0.678962 85.228648
70 0.666065 86.460692
71 0.673964 87.692867
72 0.670303 88.923323
73 0.679298 90.155127
74 0.688609 91.390082
75 0.683589 92.635937
76 0.69226 93.868947
77 0.687679 95.235167
78 0.701892 96.465189
79 0.701615 97.695069
80 0.675652 98.927511
81 0.672161 100.141299
82 0.677289 101.37195
83 0.674205 102.617807
84 0.67916 103.85145
85 0.67298 105.088494
86 0.659609 106.32668
87 0.657649 107.564906
88 0.648187 108.796982
89 0.658989 110.166409
90 0.701331 111.400426
91 0.686202 112.646049
92 0.691589 113.880085
93 0.701123 115.112993
94 0.696137 116.346502
95 0.667951 117.581123
96 0.69207 118.813209
97 0.692412 120.049737
98 0.665254 121.28412
99 0.66597 122.519269
100 0.698082 123.752962
101 0.692086 125.120838
102 0.709202 126.355637
103 0.72673 127.589703
104 0.687024 128.826651
105 0.682445 130.060889
106 0.668197 131.294677
107 0.677066 132.527027
108 0.681419 133.760055
109 0.700362 134.992634
110 0.671096 136.250051
111 0.658836 137.48927
112 0.672673 138.725641
113 0.682622 140.097483
114 0.700216 141.333505
115 0.692858 142.568104
116 0.696919 143.805567
117 0.699326 145.04437
118 0.684861 146.282007
119 0.717567 147.519002
120 0.696674 148.756809
121 0.671526 150.002233
122 0.652295 151.251697
123 0.6297 152.497187
124 0.632041 153.743392
125 0.658151 155.127318
126 0.711939 156.375257
127 0.698257 157.621767
128 0.674426 158.867964
129 0.672797 160.112875
130 0.615982 161.359001
131 0.645048 162.604262
132 0.67275 163.850657
133 0.668204 165.094908
134 0.721358 166.341851
135 0.74115 167.587426
136 0.707895 168.973778
137 0.684947 170.360861
138 0.648727 171.606327
139 0.667325 172.867295
140 0.642005 174.114796
141 0.613912 175.364235
142 0.668774 176.609086
143 0.693489 177.853964
144 0.666624 179.098241
145 0.668301 180.343144
146 0.68527 181.586175
147 0.691723 182.847173
148 0.678373 184.093386
149 0.650132 185.491276
150 0.681318 186.736704
151 0.62403 187.984875
152 0.622762 189.228542
153 0.581715 190.472684
154 0.633658 191.715252
155 0.600463 192.972971
156 0.630176 194.214667
157 0.611872 195.456963
158 0.593088 196.70075
159 0.560415 197.947443
160 0.586138 199.192488
161 0.60962 200.592819
162 0.608585 201.836389
163 0.599328 203.096419
164 0.578976 204.339307
165 0.573895 205.587208
166 0.531724 206.832656
167 0.55183 208.081169
168 0.566102 209.326077
169 0.542176 210.5713
170 0.561162 211.816308
171 0.540941 213.078614
172 0.554537 214.327175
173 0.535221 215.732813
174 0.545281 216.977175
175 0.532657 218.219164
176 0.541039 219.463509
177 0.486746 220.731139
178 0.478722 221.978032
179 0.505278 223.237822
180 0.436867 224.483661
181 0.423906 225.732336
182 0.435084 226.977207
183 0.423862 228.227246
184 0.418382 229.47072
185 0.393309 230.882223
186 0.412623 232.130642
187 0.396601 233.389741
188 0.376822 234.801704
189 0.402721 236.047582
190 0.410183 237.291543
191 0.437971 238.536018
192 0.386368 239.784204
193 0.388932 241.030079
194 0.443397 242.275424
195 0.424926 243.52305
196 0.402517 244.935522
197 0.398515 246.183453
198 0.411095 247.43075
199 0.383834 248.67879
200 0.366652 249.923805
201 0.3622 251.17105
202 0.392293 252.417051
203 0.350204 253.665368
204 0.340595 254.914015
205 0.338338 256.162032
206 0.328181 257.407614
207 0.310629 258.652824
208 0.299032 260.067774
209 0.299026 261.313113
210 0.29084 262.557019
211 0.282873 263.806232
212 0.303801 265.050282
213 0.255051 266.297182
214 0.254075 267.542807
215 0.266581 268.786412
216 0.220083 270.029448
217 0.255321 271.27705
218 0.268996 272.522377
219 0.268884 273.77345
220 0.269902 275.194745
221 0.273162 276.438802
222 0.247864 277.683561
223 0.264003 278.925743
224 0.265329 280.169144
225 0.257159 281.416094
226 0.250841 282.660617
227 0.253384 283.907335
228 0.267969 285.153724
229 0.243512 286.399216
230 0.242374 287.646506
231 0.271835 288.891856
232 0.262138 290.317169
233 0.275663 291.563396
234 0.262215 292.807131
235 0.291784 294.05222
236 0.24148 295.30006
237 0.247025 296.543801
238 0.201634 297.787391
239 0.18905 299.032202
240 0.205647 300.280654

Optimizer is Adamax
Epoch & Fidelity & Runtime 
1 0.094441 1.413391
2 0.107621 2.72967
3 0.126314 4.015119
4 0.148828 5.299019
5 0.168013 6.580763
6 0.184194 7.865345
7 0.198738 9.147347
8 0.211637 10.433624
9 0.224752 11.721615
10 0.235725 13.185859
11 0.247548 14.470737
12 0.258093 15.75478
13 0.269134 17.036968
14 0.27877 18.321117
15 0.288262 19.605406
16 0.298441 20.886827
17 0.306875 22.171184
18 0.315116 23.453765
19 0.32384 24.73763
20 0.331746 26.020504
21 0.339321 27.487797
22 0.34736 28.770216
23 0.356215 30.054646
24 0.361921 31.340109
25 0.369966 32.648301
26 0.378208 33.933647
27 0.3857 35.227781
28 0.393247 36.526248
29 0.400257 37.811126
30 0.40753 39.106107
31 0.413907 40.407049
32 0.421416 41.701411
33 0.427506 43.186442
34 0.434101 44.506706
35 0.441747 45.824444
36 0.447159 47.142128
37 0.454316 48.448208
38 0.460317 49.763993
39 0.467698 51.06175
40 0.473082 52.361745
41 0.480382 53.682937
42 0.485594 55.012035
43 0.49115 56.317574
44 0.496152 57.806568
45 0.500096 59.129328
46 0.50567 60.447832
47 0.510495 61.949872
48 0.515624 63.270109
49 0.51678 64.588967
50 0.523217 65.907985
51 0.525029 67.227269
52 0.531085 68.54742
53 0.534867 69.868731
54 0.537725 71.191197
55 0.539669 72.706413
56 0.545199 74.014952
57 0.548787 75.347261
58 0.550472 76.662649
59 0.551823 77.980642
60 0.551403 79.290424
61 0.556121 80.600843
62 0.56016 81.917938
63 0.561736 83.232864
64 0.56518 84.553008
65 0.567829 85.869769
66 0.56941 87.375816
67 0.57117 88.692674
68 0.572478 90.01117
69 0.574651 91.327924
70 0.577812 92.645278
71 0.57966 93.961517
72 0.58201 95.293649
73 0.583369 96.614137
74 0.584705 97.933819
75 0.586201 99.254266
76 0.587069 100.574262
77 0.590323 102.038961
78 0.589935 103.391848
79 0.591788 104.709268
80 0.592051 106.03234
81 0.595844 107.350749
82 0.599015 108.670221
83 0.599111 109.989286
84 0.601761 111.311012
85 0.603366 112.629045
86 0.608015 113.945669
87 0.611727 115.278471
88 0.611579 116.594844
89 0.612651 118.095531
90 0.61595 119.410536
91 0.619108 120.729437
92 0.621278 122.047163
93 0.622754 123.364774
94 0.623432 124.683728
95 0.626 126.000699
96 0.628752 127.319154
97 0.631651 128.637
98 0.633774 129.962806
99 0.634278 131.280307
100 0.634874 132.78098
101 0.639418 134.099894
102 0.636833 135.429984
103 0.642157 136.748618
104 0.643767 138.067275
105 0.64641 139.384055
106 0.64923 140.702179
107 0.650597 142.019642
108 0.651732 143.337173
109 0.656082 144.651736
110 0.660177 145.968022
111 0.661195 147.464554
112 0.662704 148.781548
113 0.66508 150.1039
114 0.66525 151.419383
115 0.667815 152.738714
116 0.671338 154.062854
117 0.674637 155.400156
118 0.676307 156.720378
119 0.677632 158.039141
120 0.680724 159.359384
121 0.682851 160.701025
122 0.684799 162.204545
123 0.685771 163.713273
124 0.687621 165.048002
125 0.689143 166.378775
126 0.68978 167.712691
127 0.691407 169.044047
128 0.694245 170.37314
129 0.695566 171.703207
130 0.697584 173.03523
131 0.698228 174.3658
132 0.698824 175.711277
133 0.701147 177.223751
134 0.7025 178.555012
135 0.703725 179.888731
136 0.706023 181.220784
137 0.705918 182.551359
138 0.709015 183.880395
139 0.711167 185.225902
140 0.712118 186.555535
141 0.713858 187.888076
142 0.715454 189.221099
143 0.71688 190.548684
144 0.718967 192.065298
145 0.721111 193.393304
146 0.721597 194.723005
147 0.723401 196.051266
148 0.724313 197.381639
149 0.727423 198.714347
150 0.728429 200.043599
151 0.730836 201.373984
152 0.732067 202.704712
153 0.732321 204.036243
154 0.734836 205.383081
155 0.734843 206.714661
156 0.736835 208.237966
157 0.737657 209.566868
158 0.737746 210.895337
159 0.74009 212.220657
160 0.740798 213.54927
161 0.742352 214.877749
162 0.743412 216.210274
163 0.744463 217.53759
164 0.744431 218.866413
165 0.740805 220.197223
166 0.74349 221.526071
167 0.744328 223.054175
168 0.744398 224.384714
169 0.747032 225.728806
170 0.747473 227.059385
171 0.748056 228.396025
172 0.748713 229.924187
173 0.750285 231.25931
174 0.747821 232.59154
175 0.746594 233.924305
176 0.752128 235.268318
177 0.753154 236.604303
178 0.751333 238.138266
179 0.754437 239.466374
180 0.756122 240.798195
181 0.754925 242.12885
182 0.756131 243.456971
183 0.759794 244.787373
184 0.759279 246.133046
185 0.760213 247.45814
186 0.760932 248.787144
187 0.759962 250.114582
188 0.76076 251.471486
189 0.758708 253.008496
190 0.757205 254.336684
191 0.756802 255.67897
192 0.754016 257.011736
193 0.757222 258.34211
194 0.757068 259.67274
195 0.757415 261.000236
196 0.760642 262.331607
197 0.761723 263.659874
198 0.76204 264.985745
199 0.761035 266.311069
200 0.756986 267.850362
201 0.757949 269.178478
202 0.764153 270.507009
203 0.765058 271.835253
204 0.765622 273.164656
205 0.761592 274.49482
206 0.76661 275.839478
207 0.766975 277.170336
208 0.763988 278.499034
209 0.759699 279.831174
210 0.765193 281.162235
211 0.76411 282.70664
212 0.763554 284.037759
213 0.760635 285.380871
214 0.765165 286.710664
215 0.763527 288.040611
216 0.765676 289.369401
217 0.768139 290.700272
218 0.768754 292.031555
219 0.768605 293.361285
220 0.772965 294.688365
221 0.771433 296.032059
222 0.763482 297.575387
223 0.770505 298.906949
224 0.772729 300.23855

Optimizer is SGD
Epoch & Fidelity & Runtime 
1 0.084611 1.2697
2 0.088886 2.480639
3 0.091061 3.614869
4 0.093105 4.971144
5 0.095299 6.106608
6 0.097823 7.250269
7 0.100759 8.394029
8 0.10414 9.537873
9 0.107956 10.676536
10 0.112096 11.816935
11 0.116688 12.960119
12 0.121639 14.116089
13 0.126831 15.260231
14 0.132255 16.403958
15 0.13784 17.550718
16 0.143282 18.696238
17 0.148699 20.057687
18 0.153849 21.199458
19 0.158899 22.343091
20 0.163932 23.482875
21 0.168563 24.650978
22 0.173138 25.792548
23 0.177369 26.925524
24 0.181675 28.069329
25 0.185893 29.213608
26 0.189691 30.351009
27 0.193747 31.490727
28 0.19772 32.628833
29 0.201409 33.774177
30 0.205001 35.138049
31 0.208349 36.297498
32 0.211954 37.45309
33 0.215514 38.613934
34 0.218729 39.785411
35 0.22206 40.941817
36 0.225387 42.099713
37 0.228507 43.262547
38 0.231553 44.422691
39 0.234615 45.574106
40 0.237522 46.740953
41 0.240618 47.887394
42 0.243698 49.04444
43 0.246663 50.424608
44 0.249455 51.58802
45 0.252246 52.729746
46 0.254906 53.897764
47 0.258091 55.053436
48 0.260607 56.211691
49 0.263427 57.602899
50 0.265803 58.788971
51 0.268566 59.956899
52 0.271123 61.116311
53 0.2739 62.288384
54 0.276487 63.46044
55 0.279079 64.761894
56 0.281565 66.017051
57 0.284148 67.187809
58 0.286394 68.372016
59 0.288869 69.543944
60 0.291541 70.714223
61 0.293961 71.884598
62 0.296271 73.057737
63 0.298308 74.230719
64 0.301052 75.404708
65 0.303246 76.576764
66 0.305608 77.749602
67 0.307998 78.919425
68 0.310287 80.308685
69 0.312758 81.481164
70 0.315319 82.653056
71 0.317344 83.827478
72 0.319251 85.000741
73 0.321929 86.17159
74 0.324051 87.343308
75 0.326299 88.523118
76 0.328803 89.692367
77 0.331161 90.863005
78 0.333242 92.030654
79 0.335498 93.203427
80 0.337892 94.378594
81 0.340529 95.763317
82 0.342898 96.93926
83 0.345269 98.115956
84 0.347231 99.292256
85 0.350067 100.466647
86 0.352273 101.642787
87 0.354585 102.821539
88 0.356645 104.02193
89 0.359059 105.194832
90 0.361099 106.368479
91 0.363399 107.541822
92 0.365474 108.725626
93 0.368097 110.113484
94 0.370524 111.28958
95 0.372789 112.465868
96 0.375243 113.639372
97 0.3771 114.809412
98 0.379641 115.982012
99 0.381959 117.154508
100 0.384023 118.338683
101 0.386276 119.512615
102 0.388533 120.683039
103 0.390348 121.857778
104 0.392844 123.032162
105 0.394825 124.203603
106 0.397384 125.592043
107 0.399252 126.764963
108 0.401245 127.936157
109 0.403793 129.109367
110 0.405933 130.2804
111 0.407959 131.45049
112 0.409841 132.620997
113 0.412045 133.793295
114 0.414003 134.966446
115 0.415877 136.150551
116 0.418235 137.334612
117 0.420307 138.529881
118 0.421926 139.925506
119 0.424218 141.108877
120 0.426334 142.292827
121 0.428115 143.475338
122 0.429749 144.655866
123 0.431712 145.838601
124 0.433582 147.02227
125 0.435185 148.203623
126 0.436681 149.38861
127 0.438837 150.56912
128 0.440651 151.747714
129 0.442223 152.926679
130 0.444005 154.106951
131 0.445643 155.507077
132 0.447692 156.687601
133 0.449297 157.870464
134 0.450932 159.054843
135 0.452445 160.236677
136 0.454331 161.41613
137 0.45573 162.601254
138 0.457411 164.001619
139 0.45881 165.184472
140 0.460431 166.366562
141 0.461739 167.547629
142 0.46327 168.751776
143 0.464582 170.15597
144 0.465794 171.338805
145 0.467452 172.534807
146 0.468943 173.717489
147 0.470399 174.906018
148 0.47179 176.086282
149 0.473457 177.271478
150 0.47484 178.467178
151 0.476229 179.653684
152 0.477404 180.840021
153 0.478843 182.021927
154 0.480368 183.232
155 0.481778 184.412074
156 0.482751 185.823452
157 0.484085 187.005589
158 0.485187 188.188411
159 0.486507 189.373094
160 0.48741 190.554837
161 0.488376 191.73623
162 0.489299 192.918292
163 0.49034 194.099411
164 0.49141 195.281156
165 0.492432 196.464522
166 0.49348 197.651014
167 0.495124 198.849663
168 0.49613 200.258453
169 0.496915 201.440896
170 0.497598 202.626046
171 0.499226 203.806755
172 0.500196 204.986411
173 0.500925 206.165481
174 0.501892 207.346258
175 0.502746 208.54199
176 0.503437 209.727933
177 0.504888 210.913738
178 0.505899 212.097283
179 0.506304 213.281456
180 0.506991 214.465158
181 0.508414 215.886419
182 0.509302 217.069734
183 0.510272 218.249686
184 0.510866 219.434669
185 0.511816 220.619833
186 0.512642 221.805635
187 0.513456 222.98816
188 0.514177 224.401555
189 0.514796 225.586544
190 0.515738 226.768158
191 0.516375 227.951948
192 0.517157 229.134697
193 0.517793 230.554593
194 0.518474 231.736688
195 0.518923 232.916962
196 0.520118 234.097929
197 0.520984 235.279149
198 0.521497 236.461635
199 0.521658 237.6404
200 0.522291 238.836564
201 0.523277 240.016686
202 0.523756 241.194921
203 0.524197 242.374335
204 0.525234 243.553377
205 0.526058 244.970522
206 0.52661 246.150616
207 0.527339 247.330599
208 0.527752 248.523395
209 0.528395 249.701473
210 0.529167 250.88527
211 0.529661 252.073061
212 0.530237 253.252823
213 0.530829 254.439302
214 0.531784 255.621877
215 0.532239 256.799898
216 0.532295 257.979576
217 0.532729 259.158349
218 0.533417 260.584035
219 0.533843 261.76515
220 0.534513 262.944157
221 0.535229 264.146863
222 0.535749 265.32481
223 0.536253 266.502345
224 0.536688 267.682818
225 0.537427 268.878442
226 0.537955 270.057486
227 0.538536 271.237209
228 0.53889 272.421329
229 0.539294 273.602563
230 0.540131 275.024606
231 0.540788 276.208805
232 0.541573 277.391682
233 0.542008 278.587746
234 0.542156 279.769392
235 0.54258 280.949123
236 0.543133 282.130282
237 0.54356 283.310554
238 0.543837 284.494957
239 0.544568 285.675703
240 0.545036 286.860743
241 0.54562 288.041949
242 0.546272 289.224297
243 0.546515 290.656871
244 0.547358 291.840024
245 0.547643 293.023342
246 0.547918 294.205582
247 0.548298 295.386773
248 0.548648 296.568411
249 0.549013 297.749953
250 0.549487 298.943333
251 0.550004 300.126906

Optimizer is SGD $\gamma$ = 0.9
Epoch & Fidelity & Runtime 
1 0.141516 1.295399
2 0.180329 2.534283
3 0.211678 3.71218
4 0.232463 4.868162
5 0.252724 6.026969
6 0.274913 7.18019
7 0.294724 8.338263
8 0.315461 9.499953
9 0.333906 10.657871
10 0.350631 12.070996
11 0.363802 13.228445
12 0.379977 14.39042
13 0.393313 15.547606
14 0.407523 16.701287
15 0.420223 17.866488
16 0.427978 19.016864
17 0.444383 20.187734
18 0.455123 21.34761
19 0.46722 22.505876
20 0.472452 23.656612
21 0.485667 24.805806
22 0.493406 25.961023
23 0.50286 27.371331
24 0.509483 28.552685
25 0.511642 29.705753
26 0.520352 30.858258
27 0.52497 32.054711
28 0.527201 33.215406
29 0.530164 34.373202
30 0.536206 35.528369
31 0.540397 36.704963
32 0.544104 37.884317
33 0.544833 39.041854
34 0.550708 40.220571
35 0.551284 41.377086
36 0.552258 42.809478
37 0.556551 43.99119
38 0.557838 45.161977
39 0.559791 46.348297
40 0.560786 47.536056
41 0.565614 48.715675
42 0.567737 49.89213
43 0.564996 51.079551
44 0.566288 52.489493
45 0.570456 53.688214
46 0.57017 54.864233
47 0.572732 56.050089
48 0.576127 57.483175
49 0.577885 58.671072
50 0.574446 59.857104
51 0.57668 61.034354
52 0.581004 62.216228
53 0.580539 63.401746
54 0.583989 64.590312
55 0.583196 65.780952
56 0.583284 66.97281
57 0.586155 68.164891
58 0.587935 69.35419
59 0.591194 70.557012
60 0.590011 71.999346
61 0.591235 73.188242
62 0.593173 74.377761
63 0.593545 75.566027
64 0.596227 76.752263
65 0.59885 77.941146
66 0.601361 79.129483
67 0.603441 80.316311
68 0.603882 81.512979
69 0.607365 82.700738
70 0.606743 83.887489
71 0.611835 85.075102
72 0.609768 86.264079
73 0.614914 87.703596
74 0.618954 88.891051
75 0.618324 90.073903
76 0.622885 91.260624
77 0.62286 92.449938
78 0.627493 93.637676
79 0.628063 94.825969
80 0.63147 96.018053
81 0.634712 97.206674
82 0.63764 98.396676
83 0.639943 99.591205
84 0.642751 100.799375
85 0.644949 102.246042
86 0.647877 103.435886
87 0.651948 104.626399
88 0.654171 105.818027
89 0.658552 107.005903
90 0.661154 108.193135
91 0.662696 109.383542
92 0.668039 110.58432
93 0.666 111.771543
94 0.671173 112.977317
95 0.675003 114.168254
96 0.674706 115.359085
97 0.677515 116.67113
98 0.685419 117.990693
99 0.685031 119.179497
100 0.689586 120.371576
101 0.689262 121.564197
102 0.692126 122.754085
103 0.695858 123.943443
104 0.699567 125.134508
105 0.702004 126.324692
106 0.695573 127.514102
107 0.700687 128.703523
108 0.701184 129.893469
109 0.706727 131.093523
110 0.711521 132.534775
111 0.71251 133.721398
112 0.711146 134.915136
113 0.713778 136.10264
114 0.712116 137.28927
115 0.71817 138.477283
116 0.715271 139.664806
117 0.718676 140.867122
118 0.721627 142.056935
119 0.726412 143.248813
120 0.72676 144.438048
121 0.725713 145.628283
122 0.727097 147.070565
123 0.73088 148.260865
124 0.733278 149.44999
125 0.733565 150.649437
126 0.733313 151.838859
127 0.729641 153.027598
128 0.735093 154.215473
129 0.741783 155.416781
130 0.739309 156.618878
131 0.738272 157.81796
132 0.739352 159.017643
133 0.742899 160.216879
134 0.746874 161.416685
135 0.74799 162.868319
136 0.749098 164.064994
137 0.747739 165.263207
138 0.74744 166.464187
139 0.750507 167.66489
140 0.751258 168.862247
141 0.749996 170.063321
142 0.745105 171.27529
143 0.748966 172.474848
144 0.753146 173.673852
145 0.754657 174.871446
146 0.754689 176.069103
147 0.755121 177.520629
148 0.757787 178.725317
149 0.755819 179.923986
150 0.750589 181.131785
151 0.76049 182.328576
152 0.760915 183.523121
153 0.759127 184.720052
154 0.762682 185.916069
155 0.763717 187.114857
156 0.76082 188.31075
157 0.76574 189.506412
158 0.767234 190.717158
159 0.765021 192.163582
160 0.769559 193.389089
161 0.764969 194.587887
162 0.767545 195.786848
163 0.76616 196.983716
164 0.767325 198.180069
165 0.767154 199.381085
166 0.760936 200.579561
167 0.769324 201.776412
168 0.769954 202.969559
169 0.769967 204.167789
170 0.771469 205.369405
171 0.77195 206.824827
172 0.775868 208.022793
173 0.770691 209.222492
174 0.774344 210.421713
175 0.775909 211.623444
176 0.776786 212.82166
177 0.771793 214.021126
178 0.773195 215.21899
179 0.775605 216.418069
180 0.776954 217.875603
181 0.776592 219.078176
182 0.773681 220.278628
183 0.780916 221.73489
184 0.780093 222.932065
185 0.779952 224.13106
186 0.779207 225.327066
187 0.7827 226.524365
188 0.782292 227.719698
189 0.782294 228.916654
190 0.780767 230.112283
191 0.784043 231.323655
192 0.787223 232.521075
193 0.787224 233.716156
194 0.786489 234.912804
195 0.783869 236.106712
196 0.784051 237.565849
197 0.777257 238.76008
198 0.782778 239.95738
199 0.779694 241.164916
200 0.781064 242.362005
201 0.783453 243.558173
202 0.784699 244.755727
203 0.788671 245.950818
204 0.788504 247.14409
205 0.788303 248.342119
206 0.787747 249.537882
207 0.7884 250.748789
208 0.788722 252.208618
209 0.789311 253.404594
210 0.78788 254.59818
211 0.794139 255.792793
212 0.792575 256.990436
213 0.798109 258.185257
214 0.797967 259.381958
215 0.793349 260.576977
216 0.795393 261.777774
217 0.797642 262.969647
218 0.79313 264.164802
219 0.795691 265.359196
220 0.795844 266.820105
221 0.794071 268.014271
222 0.797674 269.209665
223 0.795478 270.409001
224 0.799846 271.605853
225 0.796807 272.831127
226 0.793522 274.037072
227 0.793459 275.261129
228 0.797055 276.459502
229 0.798133 277.658833
230 0.79748 278.862616
231 0.797402 280.06406
232 0.793382 281.277754
233 0.798624 282.752149
234 0.799406 283.953423
235 0.801421 285.151243
236 0.800869 286.35244
237 0.804572 287.551785
238 0.803627 288.751003
239 0.80507 289.951699
240 0.807132 291.164943
241 0.805511 292.361239
242 0.804154 293.562064
243 0.802789 294.762533
244 0.805011 295.961165
245 0.804653 297.431226
246 0.805867 298.629797
247 0.803708 299.826133
248 0.809255 301.040602

Optimizer is NAG $\gamma$ = 0.9
Epoch & Fidelity & Runtime 
1 0.123301 1.286441
2 0.166759 2.590948
3 0.194721 4.084802
4 0.220371 5.252814
5 0.246317 6.420466
6 0.269413 7.595252
7 0.288227 8.768006
8 0.305781 9.942671
9 0.327497 11.110865
10 0.347431 12.282979
11 0.367537 13.455122
12 0.387703 14.623729
13 0.410703 15.795697
14 0.430745 16.969695
15 0.448234 18.415621
16 0.463888 19.58509
17 0.478371 20.759261
18 0.49012 21.93157
19 0.501685 23.104587
20 0.513138 24.292456
21 0.520655 25.461996
22 0.526953 26.638119
23 0.530472 27.826941
24 0.538582 28.999042
25 0.540358 30.190603
26 0.547382 31.386112
27 0.550368 32.571998
28 0.554082 34.031164
29 0.555483 35.196958
30 0.561598 36.394132
31 0.56376 37.577116
32 0.567989 38.770704
33 0.571151 39.954019
34 0.572465 41.146112
35 0.570586 42.325778
36 0.577026 43.493291
37 0.579533 44.689765
38 0.581447 45.87096
39 0.585963 47.316792
40 0.586933 48.776752
41 0.590601 49.954031
42 0.593145 51.163128
43 0.596348 52.339468
44 0.598829 53.52807
45 0.597477 54.728405
46 0.601503 55.918735
47 0.60317 57.097602
48 0.607014 58.280498
49 0.611638 59.481997
50 0.615452 60.666498
51 0.618147 61.868333
52 0.62256 63.349535
53 0.623395 64.55449
54 0.627961 65.757064
55 0.626048 66.957759
56 0.633004 68.156721
57 0.637302 69.356349
58 0.63995 70.555238
59 0.642343 71.757456
60 0.646543 72.970667
61 0.647332 74.171549
62 0.650795 75.371991
63 0.656301 76.57229
64 0.661187 77.946443
65 0.661398 79.248486
66 0.659651 80.448753
67 0.662212 81.649615
68 0.670813 82.849838
69 0.670607 84.047181
70 0.676261 85.239244
71 0.677585 86.432446
72 0.680063 87.629028
73 0.683201 88.829983
74 0.683277 90.032062
75 0.689005 91.232293
76 0.690678 92.442987
77 0.691628 93.922954
78 0.693332 95.12417
79 0.696864 96.321277
80 0.698528 97.517824
81 0.700127 98.715257
82 0.704113 99.916282
83 0.703682 101.119098
84 0.707345 102.331254
85 0.711634 103.530777
86 0.714067 104.729484
87 0.716339 105.928738
88 0.718967 107.128199
89 0.720128 108.602009
90 0.720121 109.801024
91 0.725409 111.001301
92 0.721305 112.211394
93 0.725343 113.408864
94 0.73091 114.607543
95 0.732099 115.81102
96 0.733082 117.012013
97 0.732491 118.21236
98 0.735644 119.42205
99 0.734443 120.62114
100 0.736209 121.819231
101 0.736275 123.294836
102 0.738762 124.497825
103 0.741597 125.696486
104 0.743186 126.893325
105 0.745949 128.092047
106 0.747103 129.29251
107 0.749108 130.489133
108 0.749488 131.689023
109 0.751861 132.918851
110 0.752125 134.121643
111 0.749869 135.320031
112 0.754913 136.518988
113 0.755572 137.841713
114 0.752651 139.196344
115 0.756942 140.397172
116 0.755237 141.593817
117 0.760027 142.795643
118 0.761596 143.995522
119 0.764401 145.198364
120 0.764547 146.400285
121 0.764331 147.602906
122 0.766644 148.805959
123 0.767481 150.00758
124 0.767513 151.207331
125 0.761572 152.421081
126 0.767129 153.900474
127 0.768963 155.111272
128 0.768801 156.326773
129 0.771552 157.538933
130 0.766829 158.751399
131 0.769732 159.965662
132 0.772936 161.178749
133 0.774495 162.404348
134 0.773949 163.615443
135 0.774142 164.828294
136 0.773076 166.038428
137 0.77976 167.249949
138 0.779891 168.73475
139 0.780058 169.945033
140 0.78073 171.155214
141 0.779453 172.381027
142 0.776763 173.590552
143 0.776984 174.801443
144 0.776577 176.009158
145 0.777431 177.221521
146 0.78078 178.42935
147 0.785184 179.639981
148 0.784456 180.849468
149 0.788118 182.059285
150 0.784443 183.544281
151 0.779372 184.755046
152 0.781971 185.965194
153 0.783881 187.174222
154 0.786031 188.383416
155 0.778841 189.590892
156 0.788729 190.798462
157 0.788085 192.004802
158 0.79179 193.210563
159 0.792523 194.418107
160 0.793945 195.622246
161 0.789137 196.829279
162 0.790566 198.312776
163 0.789218 199.519166
164 0.794804 200.726722
165 0.793604 201.934871
166 0.791365 203.144122
167 0.787311 204.353847
168 0.793514 205.558829
169 0.797111 207.05387
170 0.798226 208.260501
171 0.799728 209.469201
172 0.798499 210.690682
173 0.802281 211.913523
174 0.794118 213.406995
175 0.798455 214.648732
176 0.804226 215.863967
177 0.802886 217.078967
178 0.794272 218.290687
179 0.797597 219.505387
180 0.802305 220.717877
181 0.805304 221.930578
182 0.807093 223.14144
183 0.807146 224.354668
184 0.805984 225.565151
185 0.80295 226.777897
186 0.804025 228.266812
187 0.805423 229.477831
188 0.804695 230.688097
189 0.803491 231.898524
190 0.806655 233.109765
191 0.807226 234.320862
192 0.808675 235.53183
193 0.808098 236.743434
194 0.807677 237.95599
195 0.802926 239.167202
196 0.806814 240.379632
197 0.807793 241.594857
198 0.809002 243.108451
199 0.808316 244.316991
200 0.806105 245.527983
201 0.811099 246.73942
202 0.81217 247.95195
203 0.810075 249.160578
204 0.81396 250.371514
205 0.815356 251.584711
206 0.813569 252.808906
207 0.814245 254.018588
208 0.813758 255.228694
209 0.81303 256.439701
210 0.812723 257.93838
211 0.811014 259.14555
212 0.806932 260.354269
213 0.810245 261.565339
214 0.814747 262.790911
215 0.80639 264.003424
216 0.807374 265.212264
217 0.801893 266.422243
218 0.805338 267.634964
219 0.808166 268.843326
220 0.814662 270.04871
221 0.817865 271.25671
222 0.821482 272.481931
223 0.819583 273.997516
224 0.818613 275.207161
225 0.815342 276.419915
226 0.813953 277.632407
227 0.816413 278.845842
228 0.812363 280.057231
229 0.806528 281.272986
230 0.816514 282.513255
231 0.812346 283.741192
232 0.816297 284.966451
233 0.819601 286.19125
234 0.817719 287.416604
235 0.818882 288.936242
236 0.817749 290.146113
237 0.815294 291.35881
238 0.814766 292.590239
239 0.817734 293.804206
240 0.818505 295.016633
241 0.816193 296.228658
242 0.81629 297.464839
243 0.817148 298.677136
244 0.824404 299.889463
245 0.822195 301.101797

