nh: 50
samples1: 100000
samples2: 5000
burn_in: 500
steps: 100
Exact H:-114.23
   Fidelity  ROE       Mean      Median    CI Width LL on CI  UL on CI  mmRatio  Min Err  Max Err
20     N/A    0.041159  -109.52839  -109.67949  0.18453  -109.71291  -109.34386  0.99862  0.03954  0.04277  
40     N/A    0.025417  -111.32662  -111.54925  0.15030  -111.47692  -111.17632  0.99800  0.02410  0.02673  
60     N/A    0.018724  -112.09113  -112.20556  0.13093  -112.22206  -111.96020  0.99898  0.01758  0.01987  
80     N/A    0.014250  -112.60225  -112.71317  0.11758  -112.71983  -112.48466  0.99902  0.01322  0.01528  
100     N/A    0.010927  -112.98186  -113.11064  0.10350  -113.08536  -112.87836  0.99886  0.01002  0.01183  
120     N/A    0.009124  -113.18782  -113.29170  0.09649  -113.28431  -113.09133  0.99908  0.00828  0.00997  
140     N/A    0.008325  -113.27906  -113.32209  0.09279  -113.37186  -113.18627  0.99962  0.00751  0.00914  
160     N/A    0.007462  -113.37757  -113.46652  0.08693  -113.46451  -113.29064  0.99922  0.00670  0.00822  
180     N/A    0.006589  -113.47732  -113.52699  0.07999  -113.55731  -113.39732  0.99956  0.00589  0.00729  
200     N/A    0.005312  -113.62325  -113.68090  0.07643  -113.69968  -113.54681  0.99949  0.00464  0.00598  
220     N/A    0.005119  -113.64531  -113.71100  0.07099  -113.71631  -113.57432  0.99942  0.00450  0.00574  
240     N/A    0.004459  -113.72061  -113.79770  0.06883  -113.78945  -113.65178  0.99932  0.00386  0.00506  
260     N/A    0.004174  -113.75315  -113.80998  0.06542  -113.81857  -113.68773  0.99950  0.00360  0.00475  
280     N/A    0.003500  -113.83022  -113.85777  0.06096  -113.89119  -113.76926  0.99976  0.00297  0.00403  
300     N/A    0.003998  -113.77331  -113.85537  0.05918  -113.83249  -113.71414  0.99928  0.00348  0.00452  
320     N/A    0.003255  -113.85816  -113.90422  0.05462  -113.91278  -113.80354  0.99960  0.00278  0.00373  
340     N/A    0.002939  -113.89433  -113.93212  0.05240  -113.94673  -113.84194  0.99967  0.00248  0.00340  
360     N/A    0.002622  -113.93050  -113.99731  0.05025  -113.98075  -113.88024  0.99941  0.00218  0.00306  
380     N/A    0.002184  -113.98050  -113.99052  0.04663  -114.02713  -113.93387  0.99991  0.00178  0.00259  
400     N/A    0.002418  -113.95380  -113.99734  0.04599  -113.99978  -113.90781  0.99962  0.00202  0.00282  
420     N/A    0.001905  -114.01242  -114.03355  0.04391  -114.05634  -113.96851  0.99981  0.00152  0.00229  
440     N/A    0.001672  -114.03897  -114.06002  0.04182  -114.08079  -113.99715  0.99982  0.00131  0.00204  
460     N/A    0.001803  -114.02404  -114.04883  0.03991  -114.06395  -113.98413  0.99978  0.00145  0.00215  
480     N/A    0.001846  -114.01908  -114.03674  0.03831  -114.05739  -113.98077  0.99985  0.00151  0.00218  
500     N/A    0.001379  -114.07249  -114.07990  0.03820  -114.11069  -114.03428  0.99994  0.00104  0.00171  
520     N/A    0.001475  -114.06150  -114.07410  0.03660  -114.09811  -114.02490  0.99989  0.00115  0.00180  
