nh: 49
samples1: 100000
samples2: 5000
burn_in: 500
steps: 100
Exact H:-114.23
   Fidelity  ROE       Mean      Median    CI Width LL on CI  UL on CI  mmRatio  Min Err  Max Err
20     N/A    0.041396  -109.50129  -109.61521  0.18158  -109.68287  -109.31971  0.99896  0.03981  0.04299  
40     N/A    0.027738  -111.06146  -111.23206  0.15218  -111.21364  -110.90928  0.99847  0.02641  0.02907  
60     N/A    0.020185  -111.92430  -112.00054  0.13767  -112.06197  -111.78664  0.99932  0.01898  0.02139  
80     N/A    0.014889  -112.52925  -112.56720  0.12122  -112.65047  -112.40802  0.99966  0.01383  0.01595  
100     N/A    0.012484  -112.80395  -112.90051  0.11297  -112.91692  -112.69098  0.99914  0.01150  0.01347  
120     N/A    0.011371  -112.93107  -113.00712  0.10263  -113.03370  -112.82845  0.99933  0.01047  0.01227  
140     N/A    0.009223  -113.17642  -113.23824  0.09809  -113.27451  -113.07833  0.99945  0.00836  0.01008  
160     N/A    0.008319  -113.27975  -113.31468  0.09287  -113.37262  -113.18689  0.99969  0.00751  0.00913  
180     N/A    0.007347  -113.39075  -113.43241  0.08833  -113.47908  -113.30241  0.99963  0.00657  0.00812  
200     N/A    0.006747  -113.45926  -113.51311  0.08181  -113.54107  -113.37745  0.99953  0.00603  0.00746  
220     N/A    0.006216  -113.51993  -113.59885  0.07865  -113.59858  -113.44128  0.99931  0.00553  0.00690  
240     N/A    0.005469  -113.60528  -113.64998  0.07456  -113.67984  -113.53072  0.99961  0.00482  0.00612  
260     N/A    0.005290  -113.62568  -113.68646  0.07050  -113.69618  -113.55518  0.99947  0.00467  0.00591  
280     N/A    0.004655  -113.69829  -113.74251  0.06938  -113.76767  -113.62891  0.99961  0.00405  0.00526  
300     N/A    0.004423  -113.72476  -113.73265  0.06600  -113.79076  -113.65876  0.99993  0.00385  0.00500  
320     N/A    0.004213  -113.74879  -113.79165  0.06237  -113.81116  -113.68642  0.99962  0.00367  0.00476  
340     N/A    0.003838  -113.79161  -113.82098  0.06123  -113.85284  -113.73038  0.99974  0.00330  0.00437  
360     N/A    0.003666  -113.81122  -113.88278  0.05960  -113.87082  -113.75162  0.99937  0.00314  0.00419  
380     N/A    0.003161  -113.86897  -113.90382  0.05859  -113.92756  -113.81039  0.99969  0.00265  0.00367  
400     N/A    0.003068  -113.87950  -113.94167  0.05446  -113.93396  -113.82504  0.99945  0.00259  0.00355  
420     N/A    0.002862  -113.90311  -113.90665  0.05357  -113.95668  -113.84954  0.99997  0.00239  0.00333  
440     N/A    0.002946  -113.89347  -113.95817  0.05161  -113.94508  -113.84186  0.99943  0.00249  0.00340  
460     N/A    0.002546  -113.93917  -113.96900  0.05216  -113.99133  -113.88701  0.99974  0.00209  0.00300  
480     N/A    0.002809  -113.90909  -113.96851  0.05055  -113.95964  -113.85854  0.99948  0.00237  0.00325  
500     N/A    0.002482  -113.94651  -113.97930  0.04916  -113.99567  -113.89735  0.99971  0.00205  0.00291  
520     N/A    0.002261  -113.97168  -113.96898  0.04829  -114.01997  -113.92340  1.00002  0.00184  0.00268  
540     N/A    0.002059  -113.99481  -114.01327  0.04639  -114.04120  -113.94842  0.99984  0.00165  0.00247  
560     N/A    0.002477  -113.94711  -113.95863  0.04569  -113.99280  -113.90142  0.99990  0.00208  0.00288  
580     N/A    0.002000  -114.00155  -114.02259  0.04286  -114.04441  -113.95869  0.99982  0.00162  0.00238  
600     N/A    0.002090  -113.99124  -114.00021  0.04372  -114.03495  -113.94752  0.99992  0.00171  0.00247  
620     N/A    0.001797  -114.02473  -114.04260  0.04245  -114.06717  -113.98228  0.99984  0.00143  0.00217  
640     N/A    0.002050  -113.99580  -114.02135  0.04222  -114.03802  -113.95358  0.99978  0.00168  0.00242  
660     N/A    0.001687  -114.03731  -114.07635  0.04105  -114.07836  -113.99626  0.99966  0.00133  0.00205  
680     N/A    0.001584  -114.04901  -114.06799  0.04096  -114.08997  -114.00805  0.99983  0.00123  0.00194  
700     N/A    0.001700  -114.03578  -114.05178  0.03918  -114.07496  -113.99660  0.99986  0.00136  0.00204  
720     N/A    0.001699  -114.03594  -114.03642  0.03979  -114.07573  -113.99616  1.00000  0.00135  0.00205  
740     N/A    0.001874  -114.01593  -114.02370  0.03875  -114.05469  -113.97718  0.99993  0.00153  0.00221  
760     N/A    0.001765  -114.02842  -114.06249  0.03815  -114.06657  -113.99027  0.99970  0.00143  0.00210  
780     N/A    0.001460  -114.06319  -114.07362  0.03769  -114.10088  -114.02550  0.99991  0.00113  0.00179  
800     N/A    0.001530  -114.05522  -114.07273  0.03820  -114.09342  -114.01702  0.99985  0.00120  0.00186  
820     N/A    0.001749  -114.03016  -114.03846  0.03708  -114.06724  -113.99308  0.99993  0.00142  0.00207  
840     N/A    0.001583  -114.04916  -114.07714  0.03699  -114.08615  -114.01217  0.99975  0.00126  0.00191  
860     N/A    0.001537  -114.05439  -114.06124  0.03656  -114.09096  -114.01783  0.99994  0.00122  0.00186  
880     N/A    0.001414  -114.06844  -114.07385  0.03627  -114.10472  -114.03217  0.99995  0.00110  0.00173  
900     N/A    0.001508  -114.05779  -114.06204  0.03698  -114.09477  -114.02080  0.99996  0.00118  0.00183  
920     N/A    0.001512  -114.05732  -114.05778  0.03683  -114.09414  -114.02049  1.00000  0.00119  0.00183  
940     N/A    0.001596  -114.04774  -114.04148  0.03598  -114.08372  -114.01176  1.00005  0.00128  0.00191  
960     N/A    0.001664  -114.03990  -114.06306  0.03598  -114.07588  -114.00392  0.99980  0.00135  0.00198  
980     N/A    0.001542  -114.05390  -114.05536  0.03572  -114.08961  -114.01818  0.99999  0.00123  0.00185  
1000     N/A    0.001665  -114.03981  -114.07485  0.03647  -114.07628  -114.00334  0.99969  0.00135  0.00198  
1020     N/A    0.001489  -114.05990  -114.06102  0.03556  -114.09545  -114.02434  0.99999  0.00118  0.00180  
1040     N/A    0.001428  -114.06685  -114.09721  0.03555  -114.10240  -114.03130  0.99973  0.00112  0.00174  
1060     N/A    0.001499  -114.05875  -114.06609  0.03589  -114.09464  -114.02286  0.99994  0.00118  0.00181  
1080     N/A    0.001407  -114.06932  -114.06846  0.03470  -114.10402  -114.03462  1.00001  0.00110  0.00171  
1100     N/A    0.001445  -114.06495  -114.08741  0.03638  -114.10134  -114.02857  0.99980  0.00113  0.00176  
1120     N/A    0.001444  -114.06510  -114.07448  0.03579  -114.10089  -114.02931  0.99992  0.00113  0.00176  
1140     N/A    0.001640  -114.04264  -114.07395  0.03581  -114.07846  -114.00683  0.99973  0.00133  0.00195  
1160     N/A    0.001505  -114.05810  -114.07912  0.03523  -114.09333  -114.02286  0.99982  0.00120  0.00181  
1180     N/A    0.001245  -114.08781  -114.09364  0.03437  -114.12217  -114.05344  0.99995  0.00094  0.00155  
1200     N/A    0.001367  -114.07380  -114.07850  0.03446  -114.10826  -114.03934  0.99996  0.00107  0.00167  
1220     N/A    0.001395  -114.07066  -114.07911  0.03476  -114.10542  -114.03590  0.99993  0.00109  0.00170  
1240     N/A    0.001482  -114.06076  -114.07436  0.03409  -114.09485  -114.02667  0.99988  0.00118  0.00178  
1260     N/A    0.001457  -114.06355  -114.06479  0.03443  -114.09798  -114.02913  0.99999  0.00116  0.00176  
1280     N/A    0.001323  -114.07888  -114.08882  0.03462  -114.11350  -114.04426  0.99991  0.00102  0.00163  
1300     N/A    0.001245  -114.08774  -114.09258  0.03429  -114.12203  -114.05345  0.99996  0.00095  0.00155  
1320     N/A    0.001363  -114.07428  -114.09358  0.03355  -114.10783  -114.04072  0.99983  0.00107  0.00166  
1340     N/A    0.001358  -114.07488  -114.08547  0.03394  -114.10882  -114.04093  0.99991  0.00106  0.00166  
1360     N/A    0.001321  -114.07906  -114.08822  0.03464  -114.11370  -114.04442  0.99992  0.00102  0.00162  
1380     N/A    0.001418  -114.06797  -114.08872  0.03377  -114.10174  -114.03420  0.99982  0.00112  0.00171  
1400     N/A    0.001220  -114.09062  -114.08057  0.03275  -114.12337  -114.05787  1.00009  0.00093  0.00151  
1420     N/A    0.001362  -114.07439  -114.07464  0.03425  -114.10864  -114.04014  1.00000  0.00106  0.00166  
1440     N/A    0.001322  -114.07902  -114.07564  0.03434  -114.11336  -114.04468  1.00003  0.00102  0.00162  
1460     N/A    0.001428  -114.06691  -114.06691  0.03383  -114.10074  -114.03308  1.00000  0.00113  0.00172  
1480     N/A    0.001263  -114.08578  -114.08004  0.03392  -114.11970  -114.05186  1.00005  0.00097  0.00156  
1500     N/A    0.001243  -114.08806  -114.07992  0.03316  -114.12123  -114.05490  1.00007  0.00095  0.00153  
1520     N/A    0.001577  -114.04986  -114.03890  0.03371  -114.08358  -114.01615  1.00010  0.00128  0.00187  
1540     N/A    0.001123  -114.10170  -114.11505  0.03384  -114.13554  -114.06786  0.99988  0.00083  0.00142  
1560     N/A    0.001597  -114.04760  -114.05242  0.03311  -114.08071  -114.01449  0.99996  0.00131  0.00189  
1580     N/A    0.001508  -114.05773  -114.06354  0.03380  -114.09153  -114.02392  0.99995  0.00121  0.00180  
1600     N/A    0.001239  -114.08852  -114.08880  0.03378  -114.12230  -114.05473  1.00000  0.00094  0.00153  
1620     N/A    0.001315  -114.07983  -114.09531  0.03365  -114.11348  -114.04619  0.99986  0.00102  0.00161  
1640     N/A    0.001377  -114.07271  -114.08623  0.03342  -114.10613  -114.03929  0.99988  0.00108  0.00167  
1660     N/A    0.001239  -114.08850  -114.09721  0.03382  -114.12232  -114.05468  0.99992  0.00094  0.00153  
1680     N/A    0.001356  -114.07513  -114.08657  0.03371  -114.10884  -114.04142  0.99990  0.00106  0.00165  
1700     N/A    0.001404  -114.06957  -114.07697  0.03309  -114.10265  -114.03648  0.99994  0.00111  0.00169  
1720     N/A    0.001500  -114.05871  -114.06211  0.03297  -114.09168  -114.02573  0.99997  0.00121  0.00179  
