nh: 50
samples1: 65000
samples2: 5000
burn_in: 500
steps: 100
Exact H:-114.23
   Fidelity  ROE       Mean      Median    CI Width LL on CI  UL on CI  mmRatio  Min Err  Max Err
50     N/A    0.031686  -110.61051  -110.75053  0.16368  -110.77420  -110.44683  0.99874  0.03025  0.03312  
100     N/A    0.018285  -112.14126  -112.22931  0.13317  -112.27443  -112.00809  0.99922  0.01712  0.01945  
150     N/A    0.014606  -112.56159  -112.72087  0.11570  -112.67729  -112.44589  0.99859  0.01359  0.01562  
200     N/A    0.010594  -113.01985  -113.11296  0.10459  -113.12445  -112.91526  0.99918  0.00968  0.01151  
250     N/A    0.009439  -113.15184  -113.22663  0.09712  -113.24896  -113.05471  0.99934  0.00859  0.01029  
300     N/A    0.007849  -113.33342  -113.39901  0.08871  -113.42213  -113.24470  0.99942  0.00707  0.00863  
350     N/A    0.006885  -113.44356  -113.48228  0.08161  -113.52518  -113.36195  0.99966  0.00617  0.00760  
400     N/A    0.006013  -113.54311  -113.56217  0.07869  -113.62180  -113.46443  0.99983  0.00532  0.00670  
450     N/A    0.004944  -113.66522  -113.74261  0.07448  -113.73970  -113.59074  0.99932  0.00429  0.00560  
500     N/A    0.004721  -113.69074  -113.72036  0.07237  -113.76310  -113.61837  0.99974  0.00409  0.00535  
550     N/A    0.004830  -113.67831  -113.74257  0.06868  -113.74699  -113.60963  0.99943  0.00423  0.00543  
600     N/A    0.003927  -113.78139  -113.82725  0.06628  -113.84766  -113.71511  0.99960  0.00335  0.00451  
650     N/A    0.003796  -113.79644  -113.81541  0.06383  -113.86027  -113.73261  0.99983  0.00324  0.00435  
700     N/A    0.003178  -113.86695  -113.90698  0.06293  -113.92988  -113.80403  0.99965  0.00263  0.00373  
750     N/A    0.003460  -113.83473  -113.83427  0.06006  -113.89479  -113.77468  1.00000  0.00293  0.00399  
800     N/A    0.003473  -113.83333  -113.87021  0.05934  -113.89266  -113.77399  0.99968  0.00295  0.00399  
850     N/A    0.002763  -113.91435  -113.95255  0.05416  -113.96851  -113.86019  0.99966  0.00229  0.00324  
900     N/A    0.002453  -113.94976  -113.99554  0.05256  -114.00233  -113.89720  0.99960  0.00199  0.00291  
950     N/A    0.002693  -113.92239  -113.94491  0.05180  -113.97418  -113.87059  0.99980  0.00224  0.00315  
1000     N/A    0.002555  -113.93813  -113.97291  0.04992  -113.98805  -113.88821  0.99969  0.00212  0.00299  
1050     N/A    0.002397  -113.95622  -113.99439  0.04875  -114.00497  -113.90747  0.99967  0.00197  0.00282  
1100     N/A    0.002398  -113.95607  -113.97875  0.04738  -114.00345  -113.90869  0.99980  0.00198  0.00281  
1150     N/A    0.001996  -114.00201  -114.02975  0.04616  -114.04817  -113.95585  0.99976  0.00159  0.00240  
1200     N/A    0.001997  -114.00192  -114.02531  0.04500  -114.04691  -113.95692  0.99979  0.00160  0.00239  
1250     N/A    0.002098  -113.99031  -113.99692  0.04401  -114.03432  -113.94629  0.99994  0.00171  0.00248  
1300     N/A    0.002070  -113.99356  -114.01955  0.04328  -114.03684  -113.95028  0.99977  0.00169  0.00245  
1350     N/A    0.002016  -113.99974  -114.01879  0.04227  -114.04201  -113.95746  0.99983  0.00165  0.00239  
1400     N/A    0.001813  -114.02286  -114.03477  0.04211  -114.06498  -113.98075  0.99990  0.00144  0.00218  
1450     N/A    0.001748  -114.03030  -114.04158  0.04115  -114.07145  -113.98914  0.99990  0.00139  0.00211  
1500     N/A    0.001997  -114.00183  -113.99189  0.04123  -114.04306  -113.96060  1.00009  0.00164  0.00236  
1550     N/A    0.001785  -114.02613  -114.04560  0.03985  -114.06598  -113.98628  0.99983  0.00144  0.00213  
1600     N/A    0.001685  -114.03755  -114.02714  0.04036  -114.07791  -113.99720  1.00009  0.00133  0.00204  
1650     N/A    0.001686  -114.03736  -114.06023  0.04019  -114.07755  -113.99717  0.99980  0.00133  0.00204  
1700     N/A    0.001801  -114.02426  -114.03680  0.03994  -114.06421  -113.98432  0.99989  0.00145  0.00215  
1750     N/A    0.001642  -114.04247  -114.05120  0.03931  -114.08177  -114.00316  0.99992  0.00130  0.00199  
1800     N/A    0.001570  -114.05068  -114.05306  0.03858  -114.08927  -114.01210  0.99998  0.00123  0.00191  
1850     N/A    0.001750  -114.03014  -114.02503  0.03830  -114.06844  -113.99184  1.00004  0.00141  0.00208  
1900     N/A    0.001637  -114.04301  -114.05684  0.03892  -114.08193  -114.00409  0.99988  0.00130  0.00198  
1950     N/A    0.001771  -114.02770  -114.04133  0.03796  -114.06565  -113.98974  0.99988  0.00144  0.00210  
2000     N/A    0.001691  -114.03689  -114.04133  0.03826  -114.07514  -113.99863  0.99996  0.00136  0.00203  
2050     N/A    0.001816  -114.02255  -114.02757  0.03837  -114.06092  -113.98418  0.99996  0.00148  0.00215  
2100     N/A    0.002110  -113.98892  -113.97888  0.03868  -114.02760  -113.95024  1.00009  0.00177  0.00245  
2150     N/A    0.001575  -114.05006  -114.03621  0.03776  -114.08782  -114.01230  1.00012  0.00124  0.00191  
2200     N/A    0.001919  -114.01081  -114.00686  0.03783  -114.04864  -113.97297  1.00003  0.00159  0.00225  
2250     N/A    0.001540  -114.05405  -114.05148  0.03803  -114.09209  -114.01602  1.00002  0.00121  0.00187  
2300     N/A    0.001694  -114.03645  -114.05116  0.03738  -114.07383  -113.99906  0.99987  0.00137  0.00202  
2350     N/A    0.001639  -114.04275  -114.05260  0.03790  -114.08066  -114.00485  0.99991  0.00131  0.00197  
2400     N/A    0.001469  -114.06217  -114.05581  0.03709  -114.09927  -114.02508  1.00006  0.00114  0.00179  
2450     N/A    0.001461  -114.06315  -114.06608  0.03864  -114.10179  -114.02451  0.99997  0.00112  0.00180  
2500     N/A    0.001575  -114.05013  -114.05585  0.03685  -114.08698  -114.01328  0.99995  0.00125  0.00190  
2550     N/A    0.001512  -114.05724  -114.06687  0.03680  -114.09404  -114.02044  0.99992  0.00119  0.00183  
2600     N/A    0.001467  -114.06242  -114.04337  0.03765  -114.10007  -114.02476  1.00017  0.00114  0.00180  
2650     N/A    0.001522  -114.05611  -114.08252  0.03735  -114.09346  -114.01875  0.99977  0.00120  0.00185  
2700     N/A    0.001680  -114.03808  -114.04778  0.03807  -114.07615  -114.00001  0.99991  0.00135  0.00201  
2750     N/A    0.001761  -114.02882  -114.03722  0.03741  -114.06623  -113.99140  0.99993  0.00143  0.00209  
2800     N/A    0.001541  -114.05393  -114.05477  0.03759  -114.09152  -114.01634  0.99999  0.00121  0.00187  
2850     N/A    0.001563  -114.05149  -114.05809  0.03755  -114.08904  -114.01393  0.99994  0.00123  0.00189  
2900     N/A    0.001566  -114.05113  -114.05018  0.03731  -114.08844  -114.01383  1.00001  0.00124  0.00189  
2950     N/A    0.001369  -114.07366  -114.06955  0.03719  -114.11084  -114.03647  1.00004  0.00104  0.00169  
3000     N/A    0.001968  -114.00523  -114.01727  0.03731  -114.04254  -113.96792  0.99989  0.00164  0.00229  
3050     N/A    0.001385  -114.07174  -114.05034  0.03714  -114.10888  -114.03460  1.00019  0.00106  0.00171  
