nh: 50
samples1: 60000
samples2: 5000
burn_in: 500
steps: 100
Exact H:-114.23
   Fidelity  ROE       Mean      Median    CI Width LL on CI  UL on CI  mmRatio  Min Err  Max Err
50     N/A    0.030989  -110.69012  -110.90035  0.16334  -110.85346  -110.52678  0.99810  0.02956  0.03242  
100     N/A    0.018843  -112.07752  -112.17412  0.13131  -112.20883  -111.94621  0.99914  0.01769  0.01999  
150     N/A    0.014006  -112.63005  -112.76011  0.11688  -112.74693  -112.51317  0.99885  0.01298  0.01503  
200     N/A    0.011189  -112.95185  -113.03355  0.10416  -113.05601  -112.84769  0.99928  0.01028  0.01210  
250     N/A    0.009581  -113.13555  -113.18985  0.09948  -113.23503  -113.03607  0.99952  0.00871  0.01045  
300     N/A    0.007798  -113.33921  -113.43193  0.09019  -113.42939  -113.24902  0.99918  0.00701  0.00859  
350     N/A    0.006970  -113.43383  -113.50546  0.08461  -113.51843  -113.34922  0.99937  0.00623  0.00771  
400     N/A    0.005873  -113.55914  -113.62483  0.07666  -113.63580  -113.48248  0.99942  0.00520  0.00654  
450     N/A    0.004633  -113.70074  -113.76382  0.07043  -113.77117  -113.63031  0.99945  0.00402  0.00525  
500     N/A    0.004241  -113.74557  -113.77315  0.06597  -113.81154  -113.67960  0.99976  0.00366  0.00482  
550     N/A    0.003759  -113.80055  -113.83934  0.06212  -113.86267  -113.73844  0.99966  0.00322  0.00430  
600     N/A    0.002967  -113.89109  -113.93559  0.05784  -113.94892  -113.83325  0.99961  0.00246  0.00347  
650     N/A    0.002873  -113.90180  -113.93174  0.05503  -113.95683  -113.84677  0.99974  0.00239  0.00335  
700     N/A    0.002785  -113.91190  -113.94620  0.05363  -113.96554  -113.85827  0.99970  0.00232  0.00325  
750     N/A    0.002602  -113.93277  -113.97439  0.04988  -113.98265  -113.88288  0.99963  0.00217  0.00304  
800     N/A    0.002229  -113.97533  -114.00966  0.04824  -114.02357  -113.92709  0.99970  0.00181  0.00265  
850     N/A    0.002500  -113.94439  -113.94223  0.04648  -113.99087  -113.89791  1.00002  0.00209  0.00291  
900     N/A    0.002200  -113.97870  -113.98813  0.04709  -114.02579  -113.93161  0.99992  0.00179  0.00261  
950     N/A    0.002044  -113.99649  -113.99266  0.04569  -114.04217  -113.95080  1.00003  0.00164  0.00244  
1000     N/A    0.002090  -113.99130  -113.99397  0.04585  -114.03716  -113.94545  0.99998  0.00169  0.00249  
1050     N/A    0.002310  -113.96608  -113.99301  0.04400  -114.01008  -113.92208  0.99976  0.00193  0.00270  
1100     N/A    0.002082  -113.99214  -113.99521  0.04407  -114.03621  -113.94807  0.99997  0.00170  0.00247  
1150     N/A    0.002385  -113.95754  -113.97571  0.04468  -114.00223  -113.91286  0.99984  0.00199  0.00278  
1200     N/A    0.002067  -113.99393  -114.01509  0.04423  -114.03815  -113.94970  0.99981  0.00168  0.00245  
1250     N/A    0.002165  -113.98266  -113.98931  0.04366  -114.02631  -113.93900  0.99994  0.00178  0.00255  
1300     N/A    0.001904  -114.01251  -114.00487  0.04361  -114.05611  -113.96890  1.00007  0.00152  0.00229  
1350     N/A    0.001919  -114.01078  -114.00633  0.04363  -114.05441  -113.96715  1.00004  0.00154  0.00230  
1400     N/A    0.002147  -113.98478  -113.97780  0.04418  -114.02896  -113.94060  1.00006  0.00176  0.00253  
1450     N/A    0.002200  -113.97864  -113.98807  0.04272  -114.02136  -113.93592  0.99992  0.00183  0.00257  
1500     N/A    0.002001  -114.00146  -114.00768  0.04224  -114.04370  -113.95922  0.99995  0.00163  0.00237  
1550     N/A    0.001893  -114.01379  -114.01016  0.04208  -114.05587  -113.97171  1.00003  0.00152  0.00226  
1600     N/A    0.001947  -114.00764  -114.04844  0.04220  -114.04983  -113.96544  0.99964  0.00158  0.00232  
1650     N/A    0.001976  -114.00430  -113.99753  0.04225  -114.04656  -113.96205  1.00006  0.00161  0.00235  
1700     N/A    0.001897  -114.01331  -114.00837  0.04093  -114.05424  -113.97238  1.00004  0.00154  0.00226  
1750     N/A    0.002032  -113.99791  -114.00088  0.04254  -114.04045  -113.95537  0.99997  0.00166  0.00240  
1800     N/A    0.001910  -114.01185  -114.01289  0.04168  -114.05353  -113.97016  0.99999  0.00154  0.00227  
1850     N/A    0.002273  -113.97037  -113.96038  0.04232  -114.01269  -113.92805  1.00009  0.00190  0.00264  
1900     N/A    0.001871  -114.01626  -114.02708  0.04176  -114.05802  -113.97451  0.99991  0.00151  0.00224  
1950     N/A    0.001963  -114.00580  -113.98530  0.04112  -114.04692  -113.96469  1.00018  0.00160  0.00232  
2000     N/A    0.001798  -114.02463  -114.01776  0.04161  -114.06624  -113.98302  1.00006  0.00143  0.00216  
2050     N/A    0.001888  -114.01434  -114.01975  0.04072  -114.05506  -113.97362  0.99995  0.00153  0.00224  
2100     N/A    0.001975  -114.00445  -114.02426  0.04026  -114.04471  -113.96419  0.99983  0.00162  0.00233  
2150     N/A    0.001740  -114.03125  -114.05332  0.04062  -114.07188  -113.99063  0.99981  0.00138  0.00210  
2200     N/A    0.001870  -114.01635  -113.99831  0.04019  -114.05653  -113.97616  1.00016  0.00152  0.00222  
2250     N/A    0.001672  -114.03897  -114.04632  0.03982  -114.07880  -113.99915  0.99994  0.00132  0.00202  
2300     N/A    0.001917  -114.01101  -114.01043  0.03924  -114.05024  -113.97177  1.00001  0.00157  0.00226  
2350     N/A    0.001701  -114.03571  -114.02145  0.03970  -114.07541  -113.99601  1.00013  0.00135  0.00205  
