nh: 50
samples1: 85000
samples2: 5000
burn_in: 500
steps: 100
Exact H:-114.23
   Fidelity  ROE       Mean      Median    CI Width LL on CI  UL on CI  mmRatio  Min Err  Max Err
20     N/A    0.046946  -108.86733  -108.99212  0.19553  -109.06286  -108.67180  0.99886  0.04523  0.04866  
40     N/A    0.030044  -110.79811  -110.94884  0.16151  -110.95962  -110.63659  0.99864  0.02863  0.03146  
60     N/A    0.022757  -111.63051  -111.79500  0.14165  -111.77216  -111.48887  0.99853  0.02152  0.02400  
80     N/A    0.018574  -112.10826  -112.25145  0.13092  -112.23918  -111.97733  0.99872  0.01743  0.01972  
100     N/A    0.015723  -112.43400  -112.61165  0.12121  -112.55521  -112.31278  0.99842  0.01466  0.01678  
120     N/A    0.012442  -112.80873  -112.91236  0.11195  -112.92068  -112.69678  0.99908  0.01146  0.01342  
140     N/A    0.011451  -112.92193  -113.02888  0.10509  -113.02703  -112.81684  0.99905  0.01053  0.01237  
160     N/A    0.010120  -113.07402  -113.17899  0.10150  -113.17552  -112.97252  0.99907  0.00923  0.01101  
180     N/A    0.009143  -113.18565  -113.22901  0.09497  -113.28062  -113.09068  0.99962  0.00831  0.00997  
200     N/A    0.006976  -113.43313  -113.52618  0.08873  -113.52186  -113.34441  0.99918  0.00620  0.00775  
220     N/A    0.007499  -113.37344  -113.46795  0.08573  -113.45916  -113.28771  0.99917  0.00675  0.00825  
240     N/A    0.007106  -113.41825  -113.49425  0.08584  -113.50408  -113.33241  0.99933  0.00635  0.00786  
260     N/A    0.006534  -113.48366  -113.54467  0.08010  -113.56376  -113.40356  0.99946  0.00583  0.00723  
280     N/A    0.006083  -113.53515  -113.58950  0.07664  -113.61178  -113.45851  0.99952  0.00541  0.00675  
300     N/A    0.006005  -113.54399  -113.59232  0.07536  -113.61935  -113.46863  0.99957  0.00535  0.00667  
320     N/A    0.005188  -113.63738  -113.69603  0.07464  -113.71202  -113.56275  0.99948  0.00453  0.00584  
340     N/A    0.005278  -113.62714  -113.68249  0.07158  -113.69872  -113.55556  0.99951  0.00465  0.00590  
360     N/A    0.005146  -113.64221  -113.67420  0.06859  -113.71080  -113.57361  0.99972  0.00455  0.00575  
380     N/A    0.004752  -113.68717  -113.73367  0.06878  -113.75595  -113.61840  0.99959  0.00415  0.00535  
400     N/A    0.004602  -113.70434  -113.77078  0.06656  -113.77090  -113.63778  0.99942  0.00402  0.00518  
420     N/A    0.004248  -113.74477  -113.75998  0.06542  -113.81020  -113.67935  0.99987  0.00368  0.00482  
440     N/A    0.003952  -113.77857  -113.81624  0.06369  -113.84226  -113.71488  0.99967  0.00339  0.00451  
460     N/A    0.003570  -113.82217  -113.84743  0.06330  -113.88547  -113.75888  0.99978  0.00302  0.00412  
480     N/A    0.003618  -113.81673  -113.87956  0.05987  -113.87661  -113.75686  0.99945  0.00309  0.00414  
500     N/A    0.003171  -113.86773  -113.87093  0.05699  -113.92472  -113.81074  0.99997  0.00267  0.00367  
520     N/A    0.003105  -113.87535  -113.88519  0.05573  -113.93108  -113.81962  0.99991  0.00262  0.00359  
540     N/A    0.003016  -113.88547  -113.89895  0.05493  -113.94040  -113.83055  0.99988  0.00254  0.00350  
560     N/A    0.002975  -113.89019  -113.92964  0.05421  -113.94440  -113.83597  0.99965  0.00250  0.00345  
580     N/A    0.002522  -113.94187  -113.95786  0.05366  -113.99553  -113.88820  0.99986  0.00205  0.00299  
600     N/A    0.002700  -113.92157  -113.96929  0.05143  -113.97300  -113.87013  0.99958  0.00225  0.00315  
620     N/A    0.002650  -113.92728  -113.97145  0.05134  -113.97862  -113.87594  0.99961  0.00220  0.00310  
640     N/A    0.002548  -113.93899  -113.94805  0.04981  -113.98880  -113.88918  0.99992  0.00211  0.00298  
660     N/A    0.002562  -113.93732  -113.96356  0.04806  -113.98538  -113.88925  0.99977  0.00214  0.00298  
680     N/A    0.002140  -113.98559  -113.99531  0.04801  -114.03360  -113.93758  0.99991  0.00172  0.00256  
700     N/A    0.002499  -113.94458  -113.95704  0.04755  -113.99212  -113.89703  0.99989  0.00208  0.00291  
720     N/A    0.002400  -113.95587  -114.00061  0.04816  -114.00403  -113.90771  0.99961  0.00198  0.00282  
740     N/A    0.002498  -113.94466  -113.96830  0.04712  -113.99178  -113.89754  0.99979  0.00209  0.00291  
760     N/A    0.002297  -113.96765  -113.99187  0.04619  -114.01384  -113.92147  0.99979  0.00189  0.00270  
780     N/A    0.002218  -113.97660  -113.98431  0.04704  -114.02364  -113.92956  0.99993  0.00181  0.00263  
800     N/A    0.002164  -113.98279  -114.01038  0.04692  -114.02971  -113.93587  0.99976  0.00175  0.00257  
