nh: 50
samples1: 62500
samples2: 5000
burn_in: 500
steps: 100
Exact H:-114.23
   Fidelity  ROE       Mean      Median    CI Width LL on CI  UL on CI  mmRatio  Min Err  Max Err
50     N/A    0.031373  -110.64630  -110.82298  0.16216  -110.80846  -110.48414  0.99841  0.02995  0.03279  
100     N/A    0.020185  -111.92426  -112.07026  0.13481  -112.05907  -111.78945  0.99870  0.01900  0.02137  
150     N/A    0.013856  -112.64721  -112.77325  0.11275  -112.75996  -112.53446  0.99888  0.01287  0.01484  
200     N/A    0.010225  -113.06197  -113.13735  0.10285  -113.16482  -112.95913  0.99933  0.00932  0.01113  
250     N/A    0.009101  -113.19043  -113.26121  0.09404  -113.28447  -113.09638  0.99938  0.00828  0.00992  
300     N/A    0.009280  -113.16993  -113.22623  0.09229  -113.26221  -113.07764  0.99950  0.00847  0.01009  
350     N/A    0.007420  -113.38238  -113.43578  0.08735  -113.46973  -113.29503  0.99953  0.00666  0.00818  
400     N/A    0.006961  -113.43489  -113.50803  0.08222  -113.51710  -113.35267  0.99936  0.00624  0.00768  
450     N/A    0.006185  -113.52343  -113.56378  0.07838  -113.60182  -113.44505  0.99964  0.00550  0.00687  
500     N/A    0.005986  -113.54627  -113.58316  0.07570  -113.62197  -113.47056  0.99968  0.00532  0.00665  
550     N/A    0.005021  -113.65641  -113.70577  0.07149  -113.72790  -113.58492  0.99957  0.00440  0.00565  
600     N/A    0.004425  -113.72455  -113.75720  0.06831  -113.79286  -113.65624  0.99971  0.00383  0.00502  
650     N/A    0.004305  -113.73828  -113.77670  0.06612  -113.80440  -113.67216  0.99966  0.00373  0.00488  
700     N/A    0.004045  -113.76795  -113.82780  0.06380  -113.83175  -113.70415  0.99947  0.00349  0.00460  
750     N/A    0.003465  -113.83422  -113.87904  0.06080  -113.89502  -113.77343  0.99961  0.00293  0.00400  
800     N/A    0.003126  -113.87295  -113.90056  0.06003  -113.93298  -113.81292  0.99976  0.00260  0.00365  
850     N/A    0.003009  -113.88624  -113.89930  0.05685  -113.94309  -113.82939  0.99989  0.00251  0.00351  
900     N/A    0.003086  -113.87745  -113.86880  0.05484  -113.93229  -113.82261  1.00008  0.00261  0.00357  
950     N/A    0.002968  -113.89101  -113.92099  0.05355  -113.94456  -113.83747  0.99974  0.00250  0.00344  
1000     N/A    0.002862  -113.90309  -113.93136  0.05229  -113.95539  -113.85080  0.99975  0.00240  0.00332  
1050     N/A    0.002854  -113.90399  -113.94370  0.05017  -113.95416  -113.85381  0.99965  0.00241  0.00329  
1100     N/A    0.002391  -113.95688  -113.97331  0.04905  -114.00594  -113.90783  0.99986  0.00196  0.00282  
1150     N/A    0.002651  -113.92713  -113.93722  0.04876  -113.97589  -113.87836  0.99991  0.00222  0.00308  
1200     N/A    0.002536  -113.94026  -113.93394  0.04789  -113.98815  -113.89237  1.00006  0.00212  0.00296  
1250     N/A    0.002356  -113.96090  -113.99850  0.04651  -114.00741  -113.91439  0.99967  0.00195  0.00276  
1300     N/A    0.002442  -113.95111  -113.95483  0.04664  -113.99774  -113.90447  0.99997  0.00203  0.00285  
1350     N/A    0.002078  -113.99257  -114.02138  0.04471  -114.03729  -113.94786  0.99975  0.00169  0.00247  
1400     N/A    0.002342  -113.96253  -113.97540  0.04616  -114.00869  -113.91637  0.99989  0.00194  0.00275  
1450     N/A    0.002223  -113.97602  -113.98051  0.04447  -114.02049  -113.93155  0.99996  0.00183  0.00261  
1500     N/A    0.002178  -113.98117  -113.97480  0.04386  -114.02503  -113.93731  1.00006  0.00179  0.00256  
1550     N/A    0.001801  -114.02427  -114.04608  0.04269  -114.06696  -113.98158  0.99981  0.00143  0.00217  
1600     N/A    0.002070  -113.99354  -114.01982  0.04335  -114.03688  -113.95019  0.99977  0.00169  0.00245  
1650     N/A    0.002093  -113.99097  -113.99156  0.04258  -114.03355  -113.94839  0.99999  0.00172  0.00247  
1700     N/A    0.001971  -114.00482  -114.00437  0.04290  -114.04772  -113.96192  1.00000  0.00160  0.00235  
1750     N/A    0.001806  -114.02368  -114.01852  0.04231  -114.06598  -113.98137  1.00005  0.00144  0.00218  
1800     N/A    0.002266  -113.97113  -113.98084  0.04153  -114.01266  -113.92960  0.99991  0.00190  0.00263  
1850     N/A    0.002417  -113.95390  -113.98283  0.04177  -113.99567  -113.91213  0.99975  0.00205  0.00278  
1900     N/A    0.002065  -113.99411  -114.00793  0.04159  -114.03570  -113.95253  0.99988  0.00170  0.00243  
1950     N/A    0.002034  -113.99766  -114.00142  0.04196  -114.03962  -113.95571  0.99997  0.00167  0.00240  
2000     N/A    0.001829  -114.02104  -114.02512  0.04112  -114.06216  -113.97992  0.99996  0.00147  0.00219  
2050     N/A    0.001895  -114.01348  -114.00721  0.04026  -114.05374  -113.97322  1.00005  0.00154  0.00225  
2100     N/A    0.002004  -114.00114  -114.02597  0.04134  -114.04248  -113.95980  0.99978  0.00164  0.00237  
2150     N/A    0.001785  -114.02605  -114.01771  0.04046  -114.06651  -113.98559  1.00007  0.00143  0.00214  
2200     N/A    0.001924  -114.01026  -114.00255  0.04105  -114.05131  -113.96921  1.00007  0.00156  0.00228  
2250     N/A    0.001917  -114.01103  -114.02609  0.04072  -114.05175  -113.97031  0.99987  0.00156  0.00227  
2300     N/A    0.002017  -113.99956  -114.03060  0.03994  -114.03950  -113.95961  0.99973  0.00167  0.00237  
2350     N/A    0.001911  -114.01173  -114.00709  0.03986  -114.05159  -113.97188  1.00004  0.00156  0.00226  
2400     N/A    0.001509  -114.05766  -114.05418  0.03966  -114.09732  -114.01801  1.00003  0.00116  0.00186  
2450     N/A    0.001739  -114.03140  -114.03260  0.03887  -114.07027  -113.99254  0.99999  0.00140  0.00208  
2500     N/A    0.001940  -114.00837  -114.01572  0.03934  -114.04770  -113.96903  0.99994  0.00160  0.00228  
2550     N/A    0.002013  -114.00009  -114.01223  0.03907  -114.03916  -113.96101  0.99989  0.00167  0.00235  
2600     N/A    0.001720  -114.03354  -114.03746  0.03853  -114.07207  -113.99500  0.99997  0.00138  0.00206  
2650     N/A    0.001798  -114.02458  -114.02180  0.03809  -114.06267  -113.98648  1.00002  0.00146  0.00213  
2700     N/A    0.001647  -114.04190  -114.03715  0.03829  -114.08019  -114.00361  1.00004  0.00131  0.00198  
2750     N/A    0.001746  -114.03056  -114.02962  0.03842  -114.06898  -113.99214  1.00001  0.00141  0.00208  
2800     N/A    0.001908  -114.01205  -114.00618  0.03886  -114.05091  -113.97319  1.00005  0.00157  0.00225  
2850     N/A    0.001717  -114.03381  -114.01666  0.03886  -114.07267  -113.99496  1.00015  0.00138  0.00206  
2900     N/A    0.001935  -114.00898  -113.99963  0.03798  -114.04696  -113.97100  1.00008  0.00160  0.00227  
2950     N/A    0.002018  -113.99953  -113.99188  0.03866  -114.03819  -113.96088  1.00007  0.00168  0.00236  
