nh: 50
samples1: 87500
samples2: 5000
burn_in: 500
steps: 100
Exact H:-114.23
   Fidelity  ROE       Mean      Median    CI Width LL on CI  UL on CI  mmRatio  Min Err  Max Err
20     N/A    0.044855  -109.10617  -109.19887  0.18967  -109.29584  -108.91651  0.99915  0.04319  0.04652  
40     N/A    0.028833  -110.93637  -111.09650  0.15665  -111.09302  -110.77972  0.99856  0.02746  0.03020  
60     N/A    0.020668  -111.86909  -111.95990  0.13705  -112.00614  -111.73204  0.99919  0.01947  0.02187  
80     N/A    0.015718  -112.43458  -112.55511  0.11715  -112.55172  -112.31743  0.99893  0.01469  0.01674  
100     N/A    0.012651  -112.78488  -112.81463  0.10762  -112.89250  -112.67726  0.99974  0.01171  0.01359  
120     N/A    0.010035  -113.08376  -113.20277  0.10144  -113.18520  -112.98231  0.99895  0.00915  0.01092  
140     N/A    0.008926  -113.21040  -113.29524  0.09331  -113.30372  -113.11709  0.99925  0.00811  0.00974  
160     N/A    0.008025  -113.31331  -113.42323  0.09190  -113.40520  -113.22141  0.99903  0.00722  0.00883  
180     N/A    0.007394  -113.38544  -113.47652  0.08513  -113.47056  -113.30031  0.99920  0.00665  0.00814  
200     N/A    0.006386  -113.50049  -113.58223  0.08158  -113.58207  -113.41891  0.99928  0.00567  0.00710  
220     N/A    0.005859  -113.56069  -113.62145  0.07768  -113.63836  -113.48301  0.99947  0.00518  0.00654  
240     N/A    0.005407  -113.61236  -113.62432  0.07359  -113.68595  -113.53877  0.99989  0.00476  0.00605  
260     N/A    0.004732  -113.68947  -113.73750  0.07195  -113.76142  -113.61752  0.99958  0.00410  0.00536  
280     N/A    0.004642  -113.69977  -113.77988  0.06786  -113.76763  -113.63191  0.99930  0.00405  0.00524  
300     N/A    0.004541  -113.71129  -113.80119  0.06740  -113.77869  -113.64389  0.99921  0.00395  0.00513  
320     N/A    0.004191  -113.75127  -113.78022  0.06361  -113.81487  -113.68766  0.99975  0.00363  0.00475  
340     N/A    0.003852  -113.78996  -113.83822  0.06129  -113.85125  -113.72867  0.99958  0.00332  0.00439  
360     N/A    0.003375  -113.84446  -113.88404  0.06094  -113.90540  -113.78352  0.99965  0.00284  0.00391  
380     N/A    0.003519  -113.82803  -113.87666  0.06087  -113.88890  -113.76716  0.99957  0.00299  0.00405  
400     N/A    0.003616  -113.81691  -113.82215  0.05757  -113.87448  -113.75935  0.99995  0.00311  0.00412  
420     N/A    0.003178  -113.86703  -113.87944  0.05619  -113.92322  -113.81084  0.99989  0.00269  0.00367  
440     N/A    0.003345  -113.84792  -113.90903  0.05589  -113.90381  -113.79204  0.99946  0.00286  0.00383  
460     N/A    0.002983  -113.88928  -113.92365  0.05502  -113.94430  -113.83426  0.99970  0.00250  0.00346  
480     N/A    0.002799  -113.91022  -113.92730  0.05410  -113.96432  -113.85612  0.99985  0.00233  0.00327  
500     N/A    0.002535  -113.94038  -113.99185  0.05246  -113.99284  -113.88792  0.99955  0.00208  0.00299  
520     N/A    0.002666  -113.92545  -113.94392  0.05233  -113.97778  -113.87312  0.99984  0.00221  0.00312  
540     N/A    0.002646  -113.92772  -113.96852  0.04987  -113.97759  -113.87784  0.99964  0.00221  0.00308  
560     N/A    0.002427  -113.95279  -113.95679  0.04989  -114.00268  -113.90290  0.99996  0.00199  0.00286  
580     N/A    0.002351  -113.96142  -113.97382  0.04874  -114.01016  -113.91267  0.99989  0.00192  0.00278  
600     N/A    0.002385  -113.95762  -113.98368  0.04820  -114.00582  -113.90942  0.99977  0.00196  0.00281  
620     N/A    0.002272  -113.97041  -114.00476  0.04634  -114.01676  -113.92407  0.99970  0.00187  0.00268  
640     N/A    0.002251  -113.97282  -113.99946  0.04532  -114.01814  -113.92750  0.99977  0.00185  0.00265  
660     N/A    0.001858  -114.01779  -114.02127  0.04308  -114.06087  -113.97471  0.99997  0.00148  0.00223  
680     N/A    0.001992  -114.00250  -114.03069  0.04388  -114.04637  -113.95862  0.99975  0.00161  0.00238  
700     N/A    0.002177  -113.98133  -114.00141  0.04375  -114.02509  -113.93758  0.99982  0.00179  0.00256  
720     N/A    0.001943  -114.00804  -114.02375  0.04256  -114.05061  -113.96548  0.99986  0.00157  0.00232  
740     N/A    0.001889  -114.01426  -114.04936  0.04160  -114.05585  -113.97266  0.99969  0.00152  0.00225  
760     N/A    0.001757  -114.02933  -114.04684  0.04066  -114.06999  -113.98867  0.99985  0.00140  0.00211  
780     N/A    0.001561  -114.05167  -114.07714  0.04061  -114.09228  -114.01107  0.99978  0.00121  0.00192  
800     N/A    0.001779  -114.02674  -114.03871  0.03939  -114.06613  -113.98735  0.99990  0.00143  0.00212  
820     N/A    0.001935  -114.00896  -114.02617  0.03873  -114.04770  -113.97023  0.99985  0.00160  0.00227  
840     N/A    0.001837  -114.02012  -114.04284  0.03755  -114.05767  -113.98256  0.99980  0.00151  0.00217  
860     N/A    0.001536  -114.05460  -114.06179  0.03760  -114.09220  -114.01700  0.99994  0.00121  0.00186  
880     N/A    0.001468  -114.06236  -114.08064  0.03698  -114.09934  -114.02538  0.99984  0.00114  0.00179  
900     N/A    0.001658  -114.04065  -114.06570  0.03643  -114.07708  -114.00422  0.99978  0.00134  0.00198  
920     N/A    0.001629  -114.04389  -114.04205  0.03667  -114.08056  -114.00722  1.00002  0.00131  0.00195  
