Batch size is 2
Epoch & Fidelity & Runtime 
1 0.233276 26.933775
2 0.326384 53.808253
3 0.383655 80.694027
4 0.41135 107.608697
5 0.439842 134.557578
6 0.454737 161.446215
7 0.46934 188.409961
8 0.497025 215.499159
9 0.525732 242.559767
10 0.556288 269.604348
11 0.555653 296.544367
12 0.58454 323.585273

Batch size is 4
Epoch & Fidelity & Runtime 
1 0.172099 24.3122
2 0.242609 49.092583
3 0.295735 73.25152
4 0.32492 98.074883
5 0.365193 122.334209
6 0.398507 147.610827
7 0.424216 173.221798
8 0.43738 198.876807
9 0.454171 224.58609
10 0.473153 250.264699
11 0.490875 275.956392
12 0.49598 301.517009

Batch size is 8
Epoch & Fidelity & Runtime 
1 0.111922 24.263129
2 0.170342 48.899158
3 0.20992 73.232645
4 0.241772 97.840676
5 0.268268 122.349433
6 0.289585 146.900764
7 0.305595 171.820818
8 0.324251 196.947377
9 0.337986 221.712019
10 0.349588 246.678847
11 0.360481 271.676723
12 0.370607 296.524595
13 0.376344 321.641326

Batch size is 16
Epoch & Fidelity & Runtime 
1 0.076851 23.984409
2 0.10965 47.872435
3 0.141028 72.157674
4 0.166171 96.481317
5 0.191252 120.602724
6 0.212097 145.083386
7 0.23331 169.553129
8 0.252122 194.234397
9 0.268461 218.940134
10 0.286229 243.443239
11 0.300715 268.153924
12 0.316334 292.912324
13 0.329422 317.467805

Batch size is 32
Epoch & Fidelity & Runtime 
1 0.062204 23.373198
2 0.07388 47.404764
3 0.091056 71.350164
4 0.112211 95.567521
5 0.130964 119.739872
6 0.145768 143.885886
7 0.157802 168.386261
8 0.167049 192.939601
9 0.175557 217.254963
10 0.182921 241.805897
11 0.19002 266.177744
12 0.197218 291.020012
13 0.20413 315.650199

Batch size is 64
Epoch & Fidelity & Runtime 
1 0.059462 23.880384
2 0.064266 47.676953
3 0.069715 71.834076
4 0.076791 95.787974
5 0.085741 120.226447
6 0.095723 144.41311
7 0.106138 168.647341
8 0.116582 193.186559
9 0.125569 217.500816
10 0.133829 242.072357
11 0.14114 266.9526
12 0.148152 291.298671
13 0.15472 315.947425

Batch size is 128
Epoch & Fidelity & Runtime 
1 0.054264 23.307262
2 0.058175 46.954652
3 0.060297 71.489759
4 0.062367 95.736593
5 0.064797 119.673943
6 0.067301 144.221026
7 0.070397 168.841085
8 0.073825 193.11439
9 0.077696 217.753392
10 0.081875 242.098502
11 0.086565 266.737613
12 0.091456 291.393082
13 0.096841 315.900124

Batch size is 256
Epoch & Fidelity & Runtime 
1 0.048795 23.243814
2 0.052812 47.300284
3 0.054638 71.665601
4 0.05583 96.027721
5 0.056799 120.365609
6 0.057582 144.453854
7 0.058338 168.98385
8 0.059119 193.761778
9 0.059828 218.464973
10 0.060818 243.201839
11 0.061732 267.960843
12 0.062683 292.423375
13 0.063635 317.700321

Batch size is 512
Epoch & Fidelity & Runtime 
1 0.042923 23.853618
2 0.048865 48.109677
3 0.052004 72.65671
4 0.053911 97.1595
5 0.055139 121.280718
6 0.056051 146.005198
7 0.056782 172.198496
8 0.05739 196.742622
9 0.057924 221.708956
10 0.05844 246.683907
11 0.058981 271.231203
12 0.059492 296.286713
13 0.059946 321.420756

