-0.0000000000 0.0000000000
-0.0000000000 0.0000000000
0.0000000000 0.0000000000
0.0478537716 0.0000000000
0.0000000000 0.0000000000
-0.2323670387 0.0000000000
0.2323670387 0.0000000000
0.0035948320 0.0000000000
-0.0000000000 0.0000000000
0.3833665848 0.0000000000
-0.6635873914 0.0000000000
-0.0174556859 0.0000000000
0.2323670387 0.0000000000
0.0287989508 0.0000000000
-0.0149380965 0.0000000000
0.0000000000 0.0000000000
0.0000000000 0.0000000000
-0.1988533139 0.0000000000
0.3833665848 0.0000000000
0.0174556859 0.0000000000
-0.2323670387 0.0000000000
-0.0498494692 0.0000000000
0.0287989508 0.0000000000
-0.0000000000 0.0000000000
0.0478537716 0.0000000000
0.0174556859 0.0000000000
-0.0174556859 0.0000000000
-0.0000000000 0.0000000000
0.0035948320 0.0000000000
0.0000000000 0.0000000000
-0.0000000000 0.0000000000
-0.0000000000 0.0000000000
