Optimizer is Adam
LR is 0.001
Epoch & Fidelity & Runtime
1 0.392259 31.840364
2 0.541721 63.753687
3 0.633385 95.977022
4 0.700707 128.713878
5 0.738555 160.890309
6 0.74794 193.071046
7 0.764968 225.506717
8 0.819417 258.563417
9 0.72361 291.958535
10 0.646079 325.343283
11 0.705724 358.772033
12 0.655341 392.543065
13 0.631498 426.386046
14 0.605207 460.582691
15 0.570511 494.272246
16 0.510859 528.313818

Optimizer is NAG
LR is 0.001
Epoch & Fidelity & Runtime
1 0.412913 31.437979
2 0.516212 62.974016
3 0.589049 95.135317
4 0.651266 126.730164
5 0.697564 158.840982
6 0.726861 190.618834
7 0.728767 222.229743
8 0.744166 253.838032
9 0.768029 286.539605
10 0.781953 319.578186
11 0.803548 352.267369
12 0.798012 384.969333
13 0.801575 417.978264
14 0.8195 451.029262
15 0.826235 483.848458
16 0.837769 516.66164

Optimizer is SGD
LR is 0.01
Epoch & Fidelity & Runtime
1 0.467276 32.411068
2 0.566756 63.967017
3 0.631606 95.519488
4 0.686824 127.048292
5 0.726157 160.341916
6 0.754926 192.001556
7 0.78198 224.358753
8 0.795351 256.573933
9 0.815873 289.604071
10 0.828147 323.04098
11 0.838366 356.486132
12 0.834568 389.577365
13 0.841964 422.701586
14 0.846258 456.268741
15 0.827071 490.15728
16 0.847929 523.428881

Optimizer is SGDM
LR is 0.001
Epoch & Fidelity & Runtime
1 0.405108 32.377058
2 0.506361 64.673302
3 0.566535 97.294145
4 0.615867 129.742813
5 0.642538 162.390285
6 0.633141 195.252955
7 0.686966 227.507157
8 0.719774 261.164742
9 0.753032 294.881912
10 0.764629 328.894476
11 0.769313 362.606216
12 0.803942 396.338153
13 0.794742 430.288484
14 0.817331 464.49162
15 0.837822 498.167902
16 0.823791 531.986581

