Optimizer is Adam
LR is 0.001
Epoch & Fidelity & Runtime
1 0.362189 33.833209
2 0.501555 66.628996
3 0.588602 99.973364
4 0.6456 132.715363
5 0.698447 166.462669
6 0.729733 199.346165
7 0.740617 233.001045
8 0.746435 267.059217
9 0.788396 301.644541
10 0.731744 335.729672
11 0.831106 370.467736
12 0.728162 405.200746
13 0.775485 440.064063
14 0.688689 474.876008
15 0.643845 509.156998

Optimizer is NAG
LR is 0.001
Epoch & Fidelity & Runtime
1 0.456602 31.701513
2 0.560747 63.610631
3 0.641727 95.460621
4 0.703218 127.922086
5 0.740101 159.606955
6 0.755601 191.336444
7 0.798122 223.047204
8 0.801694 254.960216
9 0.834543 287.71825
10 0.836945 321.101723
11 0.836361 354.119247
12 0.840997 387.23119
13 0.850383 420.687409
14 0.807482 454.263327
15 0.846201 487.450795
16 0.814649 521.075398

Optimizer is SGD
LR is 0.01
Epoch & Fidelity & Runtime
1 0.434057 33.322156
2 0.525579 65.389751
3 0.593655 97.423779
4 0.638253 129.797704
5 0.685804 162.240551
6 0.710259 194.851017
7 0.761463 227.838636
8 0.783433 261.162228
9 0.806781 294.787414
10 0.825063 328.491464
11 0.825159 362.130515
12 0.846795 396.104104
13 0.854557 430.191401
14 0.825594 463.962372
15 0.85568 498.114762
16 0.864842 531.852505

Optimizer is SGDM
LR is 0.001
Epoch & Fidelity & Runtime
1 0.434804 31.143456
2 0.547181 62.558363
3 0.617652 93.555063
4 0.677646 124.529554
5 0.719796 156.118771
6 0.768448 187.153192
7 0.78392 218.99635
8 0.793203 251.047615
9 0.819188 283.605043
10 0.807104 316.355197
11 0.831293 348.633805
12 0.822106 381.371885
13 0.834048 413.809661
14 0.832928 446.683998
15 0.860862 479.207911
16 0.849632 512.170069

