k Values: 1 2 4 8 16 
Epoch & Fidelity & KL & Runtime 
1 0.870226 0.483351 23.491079
2 0.959185 0.295686 46.902996
3 0.982239 0.250142 70.267194
4 0.986715 0.241611 93.669301
5 0.987384 0.240395 117.057814
6 0.988912 0.237423 140.487184
7 0.98852 0.238177 163.956447
8 0.989545 0.236205 187.380634
9 0.989413 0.236519 210.880742
10 0.990161 0.235071 234.360089
11 0.992268 0.230813 257.929975
12 0.990848 0.233676 281.498018
13 0.9902 0.235058 305.241231
14 0.992046 0.231317 328.957567
15 0.992627 0.230158 352.571187
16 0.991653 0.232089 376.344213
17 0.991418 0.232551 399.962533
18 0.991548 0.23227 423.744807
19 0.991768 0.231867 447.495884
20 0.991314 0.232779 471.299201
21 0.992095 0.231191 495.129925
22 0.991297 0.232859 518.835778

Epoch & Fidelity & KL & Runtime 
1 0.89003 0.438699 23.857392
2 0.963993 0.285738 47.560257
3 0.982927 0.248939 71.585535
4 0.988272 0.238698 95.444198
5 0.98943 0.236468 119.198894
6 0.990073 0.23527 143.093713
7 0.991075 0.23318 166.850546
8 0.991349 0.232664 190.963263
9 0.991018 0.233296 214.927664
10 0.9906 0.234188 238.907673
11 0.990935 0.233525 262.892795
12 0.990641 0.234114 286.721131
13 0.990686 0.233993 310.724993
14 0.990761 0.23391 334.784339
15 0.991273 0.232884 358.627542
16 0.989207 0.237126 382.931223
17 0.991058 0.233376 406.855012
18 0.991163 0.233146 430.933736
19 0.990279 0.234923 455.099944
20 0.990459 0.234486 479.258597
21 0.991991 0.231414 503.423008

Epoch & Fidelity & KL & Runtime 
1 0.879654 0.458974 24.344461
2 0.960395 0.292471 48.702872
3 0.98295 0.248589 73.121521
4 0.989493 0.235967 97.199753
5 0.991574 0.232118 121.601932
6 0.991098 0.233207 145.969456
7 0.991546 0.232261 170.368859
8 0.991221 0.232973 194.768601
9 0.990288 0.234928 218.941651
10 0.990652 0.234212 243.436193
11 0.990984 0.233502 268.241563
12 0.99179 0.231866 292.406775
13 0.991156 0.233143 316.907442
14 0.99101 0.23339 341.735689
15 0.990638 0.234237 365.894934
16 0.989464 0.236624 390.442923
17 0.989435 0.236718 414.733891
18 0.988639 0.238389 439.573819
19 0.989284 0.237072 464.186025
20 0.990364 0.234845 488.763368
21 0.990394 0.234752 513.360024

Epoch & Fidelity & KL & Runtime 
1 0.878902 0.462572 24.767737
2 0.963434 0.286872 49.220699
3 0.984702 0.245306 74.051443
4 0.988814 0.237481 98.957349
5 0.991187 0.232966 123.732166
6 0.991399 0.232585 148.613303
7 0.992258 0.230858 173.567904
8 0.99302 0.229359 198.090003
9 0.9918 0.231871 223.02204
10 0.99084 0.23388 247.993923
11 0.989985 0.235626 272.940849
12 0.991238 0.233064 297.900376
13 0.991566 0.232319 322.872318
14 0.992145 0.231133 347.426844
15 0.992058 0.23132 372.414165
16 0.992916 0.229569 397.418795
17 0.992711 0.230011 422.529452
18 0.991089 0.233292 447.575923
19 0.990386 0.234715 472.633154
20 0.99125 0.232971 497.269382
21 0.99135 0.232735 522.326452

Epoch & Fidelity & KL & Runtime 
1 0.887547 0.4437 25.421944
2 0.962786 0.2882 50.863293
3 0.981476 0.251247 76.315424
4 0.988541 0.237885 101.778097
5 0.988916 0.23743 126.752179
6 0.989292 0.236683 152.283312
7 0.989947 0.235408 177.785505
8 0.990007 0.235357 203.297115
9 0.99096 0.233471 228.822667
10 0.989719 0.235987 254.354413
11 0.990352 0.234771 279.897733
12 0.992217 0.230992 304.918925
13 0.991472 0.232489 330.464457
14 0.991284 0.232836 356.555443
15 0.99147 0.232482 381.603138
16 0.992229 0.230909 407.204264
17 0.991058 0.233266 432.852091
18 0.991426 0.232607 458.471295
19 0.992118 0.231166 484.148895
20 0.992356 0.230684 510.374594

