samples: 5000
burn_in: 500
steps: 100
Exact H:-14.75
   Fidelity  ROE       Mean      Median    CI Width LL on CI  UL on CI  mmRatio  Min Err  Max Err
1     N/A    0.000266  -14.74608  -14.74871  0.00268  -14.74876  -14.74340  0.99982  0.00008  0.00045  
2     N/A    0.000059  -14.74914  -14.74973  0.00209  -14.75122  -14.74705  0.99996  0.00008  0.00020  
3     N/A    0.000295  -14.74565  -14.74641  0.00216  -14.74781  -14.74349  0.99995  0.00015  0.00044  
4     N/A    0.000257  -14.74620  -14.74643  0.00224  -14.74844  -14.74397  0.99998  0.00011  0.00041  
5     N/A    0.000193  -14.74715  -14.74669  0.00202  -14.74916  -14.74513  1.00003  0.00006  0.00033  
6     N/A    0.000262  -14.74613  -14.74672  0.00202  -14.74816  -14.74411  0.99996  0.00012  0.00040  
7     N/A    0.000197  -14.74710  -14.74699  0.00228  -14.74938  -14.74482  1.00001  0.00004  0.00035  
