nh: 71
samples1: 100000
samples2: 5000
burn_in: 500
steps: 100
Exact H:-158.79
   Fidelity  ROE       Mean      Median    CI Width LL on CI  UL on CI  mmRatio  Min Err  Max Err
20     N/A    0.043105  -151.94543  -152.12976  0.22018  -152.16561  -151.72525  0.99879  0.04172  0.04449  
40     N/A    0.028854  -154.20830  -154.43390  0.18747  -154.39576  -154.02083  0.99854  0.02767  0.03003  
60     N/A    0.020689  -155.50474  -155.64291  0.16183  -155.66657  -155.34291  0.99911  0.01967  0.02171  
80     N/A    0.015039  -156.40189  -156.53151  0.13810  -156.53999  -156.26379  0.99917  0.01417  0.01591  
100     N/A    0.011945  -156.89331  -156.97840  0.12846  -157.02176  -156.76485  0.99946  0.01114  0.01275  
120     N/A    0.010099  -157.18633  -157.27320  0.11596  -157.30230  -157.07037  0.99945  0.00937  0.01083  
140     N/A    0.008723  -157.40481  -157.44014  0.10895  -157.51376  -157.29585  0.99978  0.00804  0.00941  
160     N/A    0.007456  -157.60608  -157.66475  0.10372  -157.70980  -157.50237  0.99963  0.00680  0.00811  
180     N/A    0.006442  -157.76706  -157.85271  0.09869  -157.86575  -157.66836  0.99946  0.00582  0.00706  
200     N/A    0.006317  -157.78700  -157.85165  0.09389  -157.88088  -157.69311  0.99959  0.00573  0.00691  
220     N/A    0.006431  -157.76888  -157.86223  0.09248  -157.86136  -157.67640  0.99941  0.00585  0.00701  
240     N/A    0.005382  -157.93535  -158.01535  0.08810  -158.02344  -157.84725  0.99949  0.00483  0.00594  
260     N/A    0.004894  -158.01284  -158.07841  0.08425  -158.09708  -157.92859  0.99959  0.00436  0.00542  
280     N/A    0.004881  -158.01495  -158.06741  0.08150  -158.09645  -157.93346  0.99967  0.00437  0.00539  
300     N/A    0.004048  -158.14721  -158.16491  0.07984  -158.22705  -158.06738  0.99989  0.00355  0.00455  
320     N/A    0.003899  -158.17093  -158.22249  0.07664  -158.24757  -158.09428  0.99967  0.00342  0.00438  
340     N/A    0.003669  -158.20747  -158.22716  0.07442  -158.28189  -158.13306  0.99988  0.00320  0.00414  
360     N/A    0.003929  -158.16610  -158.18619  0.07245  -158.23855  -158.09365  0.99987  0.00347  0.00439  
380     N/A    0.003642  -158.21167  -158.20692  0.06740  -158.27908  -158.14427  1.00003  0.00322  0.00407  
400     N/A    0.003090  -158.29933  -158.29895  0.06619  -158.36552  -158.23314  1.00000  0.00267  0.00351  
420     N/A    0.003034  -158.30828  -158.38866  0.06374  -158.37202  -158.24453  0.99949  0.00263  0.00344  
440     N/A    0.002772  -158.34981  -158.38958  0.06210  -158.41191  -158.28771  0.99975  0.00238  0.00316  
460     N/A    0.002934  -158.32407  -158.36101  0.05987  -158.38394  -158.26420  0.99977  0.00256  0.00331  
480     N/A    0.002794  -158.34636  -158.39020  0.06014  -158.40650  -158.28621  0.99972  0.00242  0.00317  
500     N/A    0.002525  -158.38906  -158.42537  0.05831  -158.44737  -158.33076  0.99977  0.00216  0.00289  
520     N/A    0.002365  -158.41450  -158.42264  0.05739  -158.47189  -158.35712  0.99995  0.00200  0.00273  
540     N/A    0.002359  -158.41543  -158.41149  0.05596  -158.47139  -158.35946  1.00002  0.00201  0.00271  
560     N/A    0.002294  -158.42578  -158.44334  0.05557  -158.48135  -158.37020  0.99989  0.00194  0.00264  
580     N/A    0.002099  -158.45670  -158.47457  0.05308  -158.50978  -158.40362  0.99989  0.00176  0.00243  
600     N/A    0.002303  -158.42434  -158.43247  0.05253  -158.47687  -158.37181  0.99995  0.00197  0.00263  
620     N/A    0.001971  -158.47705  -158.50969  0.05233  -158.52937  -158.42472  0.99979  0.00164  0.00230  
640     N/A    0.002173  -158.44502  -158.44049  0.05073  -158.49575  -158.39428  1.00003  0.00185  0.00249  
660     N/A    0.001973  -158.47671  -158.48414  0.04936  -158.52607  -158.42735  0.99995  0.00166  0.00228  
680     N/A    0.002086  -158.45875  -158.47148  0.04938  -158.50813  -158.40938  0.99992  0.00178  0.00240  
700     N/A    0.001838  -158.49819  -158.51427  0.04960  -158.54779  -158.44858  0.99990  0.00153  0.00215  
720     N/A    0.001946  -158.48097  -158.47789  0.04843  -158.52940  -158.43255  1.00002  0.00164  0.00225  
740     N/A    0.001884  -158.49078  -158.51202  0.04775  -158.53853  -158.44303  0.99987  0.00158  0.00219  
760     N/A    0.001899  -158.48846  -158.49976  0.04646  -158.53493  -158.44200  0.99993  0.00161  0.00219  
780     N/A    0.001680  -158.52323  -158.51757  0.04749  -158.57072  -158.47573  1.00004  0.00138  0.00198  
800     N/A    0.001663  -158.52600  -158.53818  0.04754  -158.57354  -158.47846  0.99992  0.00136  0.00196  
820     N/A    0.001771  -158.50880  -158.49453  0.04687  -158.55566  -158.46193  1.00009  0.00148  0.00207  
840     N/A    0.001774  -158.50824  -158.49831  0.04695  -158.55518  -158.46129  1.00006  0.00148  0.00207  
860     N/A    0.001852  -158.49585  -158.51117  0.04625  -158.54211  -158.44960  0.99990  0.00156  0.00214  
880     N/A    0.001854  -158.49558  -158.47943  0.04519  -158.54076  -158.45039  1.00010  0.00157  0.00214  
900     N/A    0.001818  -158.50133  -158.51212  0.04602  -158.54736  -158.45531  0.99993  0.00153  0.00211  
920     N/A    0.001789  -158.50592  -158.52361  0.04645  -158.55238  -158.45947  0.99989  0.00150  0.00208  
940     N/A    0.001744  -158.51302  -158.51713  0.04541  -158.55842  -158.46761  0.99997  0.00146  0.00203  
960     N/A    0.001747  -158.51254  -158.50812  0.04656  -158.55910  -158.46598  1.00003  0.00145  0.00204  
980     N/A    0.001871  -158.49296  -158.50634  0.04615  -158.53911  -158.44681  0.99992  0.00158  0.00216  
1000     N/A    0.001863  -158.49418  -158.48475  0.04540  -158.53959  -158.44878  1.00006  0.00158  0.00215  
1020     N/A    0.001611  -158.53425  -158.54346  0.04666  -158.58091  -158.48759  0.99994  0.00132  0.00190  
1040     N/A    0.001808  -158.50288  -158.48605  0.04532  -158.54820  -158.45756  1.00011  0.00152  0.00209  
1060     N/A    0.001866  -158.49372  -158.48971  0.04624  -158.53997  -158.44748  1.00003  0.00157  0.00216  
1080     N/A    0.001672  -158.52447  -158.52396  0.04482  -158.56929  -158.47966  1.00000  0.00139  0.00195  
1100     N/A    0.001503  -158.55130  -158.55153  0.04523  -158.59653  -158.50606  1.00000  0.00122  0.00179  
1120     N/A    0.001701  -158.51982  -158.50399  0.04628  -158.56611  -158.47354  1.00010  0.00141  0.00199  
