nh: 70
samples1: 100000
samples2: 5000
burn_in: 500
steps: 100
Exact H:-158.79
   Fidelity  ROE       Mean      Median    CI Width LL on CI  UL on CI  mmRatio  Min Err  Max Err
20     N/A    0.042641  -152.01907  -152.24028  0.22054  -152.23961  -151.79853  0.99855  0.04125  0.04403  
40     N/A    0.028318  -154.29340  -154.36417  0.18268  -154.47608  -154.11073  0.99954  0.02717  0.02947  
60     N/A    0.021455  -155.38313  -155.49574  0.16512  -155.54825  -155.21802  0.99928  0.02042  0.02250  
80     N/A    0.016884  -156.10905  -156.22214  0.14847  -156.25752  -155.96058  0.99928  0.01595  0.01782  
100     N/A    0.014181  -156.53815  -156.67583  0.13467  -156.67282  -156.40348  0.99912  0.01333  0.01503  
120     N/A    0.012142  -156.86197  -157.01190  0.12870  -156.99068  -156.73327  0.99905  0.01133  0.01295  
140     N/A    0.010664  -157.09666  -157.16088  0.12423  -157.22089  -156.97243  0.99959  0.00988  0.01145  
160     N/A    0.009964  -157.20775  -157.29300  0.11798  -157.32573  -157.08977  0.99946  0.00922  0.01071  
180     N/A    0.008830  -157.38786  -157.43627  0.11026  -157.49812  -157.27761  0.99969  0.00814  0.00952  
200     N/A    0.007899  -157.53568  -157.59277  0.10698  -157.64266  -157.42870  0.99964  0.00723  0.00857  
220     N/A    0.007329  -157.62621  -157.66081  0.10016  -157.72638  -157.52605  0.99978  0.00670  0.00796  
240     N/A    0.006686  -157.72829  -157.76839  0.09937  -157.82765  -157.62892  0.99975  0.00606  0.00731  
260     N/A    0.006373  -157.77808  -157.81517  0.09459  -157.87267  -157.68350  0.99976  0.00578  0.00697  
280     N/A    0.005852  -157.86069  -157.88155  0.09215  -157.95283  -157.76854  0.99987  0.00527  0.00643  
300     N/A    0.005139  -157.97394  -158.01970  0.08935  -158.06329  -157.88459  0.99971  0.00458  0.00570  
320     N/A    0.004582  -158.06239  -158.07745  0.08614  -158.14853  -157.97625  0.99990  0.00404  0.00512  
340     N/A    0.004761  -158.03406  -158.07797  0.08260  -158.11666  -157.95146  0.99972  0.00424  0.00528  
360     N/A    0.004515  -158.07312  -158.06456  0.08131  -158.15443  -157.99181  1.00005  0.00400  0.00503  
380     N/A    0.004450  -158.08345  -158.12908  0.07913  -158.16258  -158.00432  0.99971  0.00395  0.00495  
400     N/A    0.004497  -158.07590  -158.12157  0.07829  -158.15419  -157.99761  0.99971  0.00400  0.00499  
420     N/A    0.004062  -158.14493  -158.18739  0.07744  -158.22237  -158.06749  0.99973  0.00357  0.00455  
440     N/A    0.004149  -158.13112  -158.16163  0.07567  -158.20679  -158.05545  0.99981  0.00367  0.00463  
460     N/A    0.003842  -158.18000  -158.23773  0.07503  -158.25503  -158.10497  0.99964  0.00337  0.00431  
480     N/A    0.004007  -158.15366  -158.20416  0.07510  -158.22876  -158.07856  0.99968  0.00353  0.00448  
500     N/A    0.003532  -158.22921  -158.22606  0.07324  -158.30245  -158.15598  1.00002  0.00307  0.00399  
520     N/A    0.003763  -158.19243  -158.18430  0.07251  -158.26494  -158.11991  1.00005  0.00331  0.00422  
540     N/A    0.003566  -158.22378  -158.22705  0.07303  -158.29682  -158.15075  0.99998  0.00311  0.00403  
560     N/A    0.003849  -158.17877  -158.21530  0.07133  -158.25011  -158.10744  0.99977  0.00340  0.00430  
580     N/A    0.003771  -158.19127  -158.20743  0.07213  -158.26339  -158.11914  0.99990  0.00332  0.00422  
600     N/A    0.003593  -158.21954  -158.28000  0.07040  -158.28994  -158.14915  0.99962  0.00315  0.00404  
620     N/A    0.003198  -158.28213  -158.31877  0.06921  -158.35134  -158.21292  0.99977  0.00276  0.00363  
640     N/A    0.003162  -158.28786  -158.28716  0.06793  -158.35578  -158.21993  1.00000  0.00273  0.00359  
660     N/A    0.003464  -158.24003  -158.27960  0.06739  -158.30742  -158.17264  0.99975  0.00304  0.00389  
680     N/A    0.002893  -158.33063  -158.40019  0.06750  -158.39813  -158.26313  0.99956  0.00247  0.00332  
700     N/A    0.002884  -158.33203  -158.34278  0.06603  -158.39806  -158.26599  0.99993  0.00247  0.00330  
720     N/A    0.002903  -158.32899  -158.34563  0.06562  -158.39460  -158.26337  0.99989  0.00249  0.00332  
740     N/A    0.003095  -158.29859  -158.30124  0.06528  -158.36387  -158.23331  0.99998  0.00268  0.00351  
760     N/A    0.003402  -158.24973  -158.28170  0.06517  -158.31490  -158.18456  0.99980  0.00299  0.00381  
780     N/A    0.002769  -158.35032  -158.37601  0.06457  -158.41489  -158.28576  0.99984  0.00236  0.00318  
800     N/A    0.002729  -158.35662  -158.37425  0.06424  -158.42086  -158.29237  0.99989  0.00232  0.00313  
820     N/A    0.002493  -158.39412  -158.36839  0.06172  -158.45585  -158.33240  1.00016  0.00210  0.00288  
840     N/A    0.002872  -158.33397  -158.34930  0.06209  -158.39606  -158.27188  0.99990  0.00248  0.00326  
860     N/A    0.002575  -158.38109  -158.39864  0.06068  -158.44178  -158.32041  0.99989  0.00219  0.00296  
880     N/A    0.002565  -158.38272  -158.42279  0.06095  -158.44367  -158.32177  0.99975  0.00218  0.00295  
900     N/A    0.002713  -158.35922  -158.39536  0.05923  -158.41844  -158.29999  0.99977  0.00234  0.00309  
920     N/A    0.002337  -158.41885  -158.43513  0.05946  -158.47831  -158.35939  0.99990  0.00196  0.00271  
940     N/A    0.002498  -158.39331  -158.41054  0.05857  -158.45188  -158.33474  0.99989  0.00213  0.00287  
960     N/A    0.002654  -158.36857  -158.37440  0.05858  -158.42715  -158.30998  0.99996  0.00229  0.00302  
980     N/A    0.002510  -158.39151  -158.40173  0.05794  -158.44945  -158.33357  0.99994  0.00214  0.00287  
1000     N/A    0.002414  -158.40660  -158.41984  0.05854  -158.46514  -158.34806  0.99992  0.00205  0.00278  
1020     N/A    0.002416  -158.40642  -158.41970  0.05702  -158.46344  -158.34940  0.99992  0.00206  0.00277  
1040     N/A    0.002113  -158.45449  -158.49720  0.05750  -158.51199  -158.39700  0.99973  0.00175  0.00247  
1060     N/A    0.002406  -158.40794  -158.40769  0.05551  -158.46344  -158.35243  1.00000  0.00206  0.00276  
1080     N/A    0.002132  -158.45139  -158.44186  0.05527  -158.50667  -158.39612  1.00006  0.00178  0.00248  
